1,1,5414205,673.1,274.6,686.0,227.1,679.55,250.85,0,2,686.0,227.1
1,2,5414206,675.1,274.4,689.0,229.2,682.05,251.8,0,2,689.0,229.2
1,3,5414207,677.4,274.1,692.2,230.9,684.8,252.5,0,2,692.2,230.9
1,4,5414208,679.4,274.6,695.6,232.2,687.5,253.4,0,2,695.6,232.2
1,5,5414209,681.2,275.6,698.0,234.4,689.6,255.0,0,2,698.0,234.4
1,6,5414210,682.6,276.7,699.2,236.7,690.9,256.7,0,2,699.2,236.7
1,7,5414211,683.3,278.3,699.7,238.4,691.5,258.35,0,2,699.7,238.4
1,8,5414212,684.0,280.4,699.7,239.6,691.85,260.0,0,2,699.7,239.6
1,9,5414213,684.1,283.1,698.6,240.8,691.35,261.95,0,2,698.6,240.8
1,10,5414214,683.9,285.8,697.5,242.1,690.7,263.95,0,2,697.5,242.1
1,11,5414215,683.4,287.8,695.9,243.3,689.65,265.55,0,2,695.9,243.3
1,12,5414216,682.9,289.2,693.9,243.3,688.4,266.25,0,2,693.9,243.3
1,13,5414217,682.5,290.5,692.0,243.2,687.25,266.85,0,2,692.0,243.2
1,14,5414218,682.0,291.3,690.7,242.9,686.35,267.1,0,2,690.7,242.9
1,15,5414219,681.6,290.6,689.5,242.0,685.55,266.3,0,2,689.5,242.0
1,16,5414220,681.3,289.2,688.9,240.9,685.1,265.05,0,2,688.9,240.9
1,17,5414221,681.1,287.7,688.7,239.8,684.9,263.75,0,2,688.7,239.8
1,18,5414222,681.0,286.2,688.5,238.5,684.75,262.35,0,2,688.5,238.5
1,19,5414223,680.9,284.8,689.2,237.3,685.05,261.05,0,2,689.2,237.3
1,20,5414224,680.9,283.6,690.0,236.2,685.45,259.9,0,2,690.0,236.2
1,21,5414225,681.0,282.6,690.9,235.4,685.95,259.0,0,2,690.9,235.4
1,22,5414226,681.2,282.7,691.7,235.7,686.45,259.2,0,2,691.7,235.7
1,23,5414227,681.4,282.8,692.6,236.1,687.0,259.45,0,2,692.6,236.1
1,24,5414228,681.5,283.3,693.1,236.6,687.3,259.95,0,2,693.1,236.6
1,25,5414229,681.7,283.9,693.5,237.5,687.6,260.7,0,2,693.5,237.5
1,26,5414230,681.7,284.9,693.8,238.3,687.75,261.6,0,2,693.8,238.3
1,27,5414231,681.7,285.8,693.8,239.2,687.75,262.5,0,2,693.8,239.2
1,28,5414232,681.5,286.6,693.7,240.2,687.6,263.4,0,2,693.7,240.2
1,29,5414233,680.8,287.2,693.7,240.7,687.25,263.95,0,2,693.7,240.7
1,30,5414234,680.2,287.7,693.5,241.3,686.85,264.5,0,2,693.5,241.3
1,31,5414235,679.8,287.9,693.3,242.1,686.55,265.0,0,2,693.3,242.1
1,32,5414236,679.5,287.6,693.0,242.6,686.25,265.1,0,2,693.0,242.6
1,33,5414237,679.2,286.9,692.7,243.3,685.95,265.1,0,2,692.7,243.3
2,34,5414238,679.1,286.3,692.5,243.9,685.8,265.1,0,2,692.5,243.9
2,35,5414239,678.9,285.7,692.4,244.6,685.65,265.15,0,2,692.4,244.6
2,36,5414240,679.1,285.7,692.2,245.2,685.65,265.45,0,2,692.2,245.2
2,37,5414241,679.2,286.0,692.0,245.4,685.6,265.7,0,2,692.0,245.4
2,38,5414242,679.1,286.3,691.6,245.5,685.35,265.9,0,2,691.6,245.5
2,39,5414243,678.9,286.6,691.3,245.5,685.1,266.05,0,2,691.3,245.5
2,40,5414244,678.7,286.9,691.1,245.2,684.9,266.05,0,2,691.1,245.2
2,41,5414245,678.9,287.0,690.8,244.9,684.85,265.95,0,2,690.8,244.9
2,42,5414246,679.1,287.0,690.5,244.4,684.8,265.7,0,2,690.5,244.4
2,43,5414247,679.3,286.7,689.9,244.0,684.6,265.35,0,2,689.9,244.0
2,44,5414248,679.5,286.4,689.1,243.9,684.3,265.15,0,2,689.1,243.9
2,45,5414249,679.8,286.2,688.5,244.0,684.15,265.1,0,2,688.5,244.0
2,46,5414250,680.2,286.2,687.8,244.4,684.0,265.3,0,2,687.8,244.4
2,47,5414251,680.5,286.1,687.2,244.8,683.85,265.45,0,2,687.2,244.8
2,48,5414252,680.3,286.1,686.0,245.4,683.15,265.75,0,2,686.0,245.4
2,49,5414253,680.2,286.0,684.9,246.1,682.55,266.05,0,2,684.9,246.1
2,50,5414254,680.0,285.9,684.0,246.7,682.0,266.3,0,2,684.0,246.7
2,51,5414255,679.9,285.7,683.3,247.3,681.6,266.5,0,2,683.3,247.3
2,52,5414256,679.8,285.5,682.6,248.5,681.2,267.0,0,2,682.6,248.5
2,53,5414257,679.7,285.3,682.0,249.5,680.85,267.4,0,2,682.0,249.5
2,54,5414258,679.6,285.2,681.4,250.2,680.5,267.7,0,2,681.4,250.2
2,55,5414259,679.2,285.0,681.4,250.7,680.3,267.85,0,2,681.4,250.7
2,56,5414260,678.7,284.8,681.3,251.2,680.0,268.0,0,2,681.3,251.2
2,57,5414261,678.3,284.5,681.1,251.7,679.7,268.1,0,2,681.1,251.7
2,58,5414262,678.1,284.3,681.0,252.2,679.55,268.25,0,2,681.0,252.2
2,59,5414263,677.8,284.1,681.0,252.1,679.4,268.1,0,2,681.0,252.1
2,60,5414264,677.7,283.9,681.1,252.0,679.4,267.95,0,2,681.1,252.0
2,61,5414265,677.5,283.6,681.7,251.9,679.6,267.75,0,2,681.7,251.9
2,62,5414266,677.1,283.4,682.7,252.0,679.9,267.7,0,2,682.7,252.0
2,63,5414267,676.6,283.2,684.2,252.0,680.4,267.6,0,2,684.2,252.0
2,64,5414268,676.2,282.8,685.8,252.0,681.0,267.4,0,2,685.8,252.0
2,65,5414269,675.7,282.5,687.4,252.1,681.55,267.3,0,2,687.4,252.1
2,66,5414270,675.3,282.3,689.3,252.2,682.3,267.25,0,2,689.3,252.2
3,67,5414271,675.0,282.1,690.9,252.3,682.95,267.2,0,2,690.9,252.3
3,68,5414272,674.7,282.0,692.2,252.5,683.45,267.25,0,2,692.2,252.5
3,69,5414273,675.0,282.0,692.9,252.9,683.95,267.45,0,2,692.9,252.9
3,70,5414274,675.4,282.3,693.6,253.4,684.5,267.85,0,2,693.6,253.4
3,71,5414275,675.9,282.6,694.1,253.8,685.0,268.2,0,2,694.1,253.8
3,72,5414276,676.3,282.8,694.6,254.1,685.45,268.45,0,2,694.6,254.1
3,73,5414277,676.5,282.7,694.9,254.5,685.7,268.6,0,2,694.9,254.5
3,74,5414278,676.7,282.5,694.9,254.9,685.8,268.7,0,2,694.9,254.9
3,75,5414279,676.9,282.4,694.9,255.3,685.9,268.85,0,2,694.9,255.3
3,76,5414280,677.2,282.3,695.0,255.5,686.1,268.9,0,2,695.0,255.5
3,77,5414281,677.8,281.9,694.4,255.6,686.1,268.75,0,2,694.4,255.6
3,78,5414282,678.3,281.4,693.9,255.7,686.1,268.55,0,2,693.9,255.7
3,79,5414283,678.9,280.8,693.4,255.9,686.15,268.35,0,2,693.4,255.9
3,80,5414284,679.5,280.4,692.8,256.3,686.15,268.35,0,2,692.8,256.3
3,81,5414285,680.0,279.7,692.3,256.6,686.15,268.15,0,2,692.3,256.6
3,82,5414286,680.2,279.0,691.9,256.8,686.05,267.9,0,2,691.9,256.8
3,83,5414287,680.2,278.3,691.5,256.5,685.85,267.4,0,2,691.5,256.5
3,84,5414288,679.6,277.7,691.3,256.3,685.45,267.0,0,2,691.3,256.3
3,85,5414289,679.0,277.5,690.7,256.1,684.85,266.8,0,2,690.7,256.1
3,86,5414290,678.5,277.4,690.2,255.8,684.35,266.6,0,2,690.2,255.8
3,87,5414291,677.9,277.3,689.7,255.5,683.8,266.4,0,2,689.7,255.5
3,88,5414292,677.4,277.4,689.1,255.1,683.25,266.25,0,2,689.1,255.1
3,89,5414293,677.3,277.5,688.3,254.7,682.8,266.1,0,2,688.3,254.7
3,90,5414294,677.2,277.6,687.3,254.6,682.25,266.1,0,2,687.3,254.6
3,91,5414295,677.2,277.6,686.2,254.4,681.7,266.0,0,2,686.2,254.4
3,92,5414296,677.3,277.5,685.4,254.3,681.35,265.9,0,2,685.4,254.3
3,93,5414297,677.3,277.3,684.4,254.8,680.85,266.05,0,2,684.4,254.8
3,94,5414298,677.3,277.3,683.6,255.5,680.45,266.4,0,2,683.6,255.5
3,95,5414299,677.2,277.4,682.8,256.2,680.0,266.8,0,2,682.8,256.2
3,96,5414300,677.0,277.5,682.1,257.0,679.55,267.25,0,2,682.1,257.0
3,97,5414301,676.8,277.6,681.6,257.7,679.2,267.65,0,2,681.6,257.7
3,98,5414302,676.4,277.7,681.3,258.4,678.85,268.05,0,2,681.3,258.4
3,99,5414303,675.9,277.8,681.0,258.9,678.45,268.35,0,2,681.0,258.9
3,100,5414304,675.4,277.9,681.0,258.5,678.2,268.2,0,2,681.0,258.5
4,101,5414305,674.8,277.9,681.0,257.7,677.9,267.8,0,2,681.0,257.7
4,102,5414306,674.4,277.9,681.1,256.9,677.75,267.4,0,2,681.1,256.9
4,103,5414307,673.9,277.9,681.2,256.2,677.55,267.05,0,2,681.2,256.2
4,104,5414308,673.6,278.0,681.5,255.5,677.55,266.75,0,2,681.5,255.5
4,105,5414309,673.5,278.0,682.3,255.0,677.9,266.5,0,2,682.3,255.0
4,106,5414310,673.5,278.1,683.3,255.0,678.4,266.55,0,2,683.3,255.0
4,107,5414311,673.6,278.0,684.3,255.1,678.95,266.55,0,2,684.3,255.1
4,108,5414312,674.0,278.0,685.3,255.3,679.65,266.65,0,2,685.3,255.3
4,109,5414313,674.4,277.8,686.7,255.8,680.55,266.8,0,2,686.7,255.8
4,110,5414314,674.8,277.5,688.0,256.4,681.4,266.95,0,2,688.0,256.4
4,111,5414315,675.1,277.2,689.4,257.1,682.25,267.15,0,2,689.4,257.1
4,112,5414316,675.3,276.8,690.0,258.5,682.65,267.65,0,2,690.0,258.5
4,113,5414317,675.4,276.5,690.5,259.5,682.95,268.0,0,2,690.5,259.5
4,114,5414318,675.5,276.3,690.8,260.5,683.15,268.4,0,2,690.8,260.5
4,115,5414319,675.3,276.2,691.0,261.6,683.15,268.9,0,2,691.0,261.6
4,116,5414320,675.1,276.5,690.8,262.7,682.95,269.6,0,2,690.8,262.7
4,117,5414321,675.0,276.7,690.6,263.7,682.8,270.2,0,2,690.6,263.7
4,118,5414322,674.8,276.9,690.2,264.6,682.5,270.75,0,2,690.2,264.6
4,119,5414323,674.5,277.1,689.6,264.6,682.05,270.85,0,2,689.6,264.6
4,120,5414324,674.3,277.3,689.0,264.5,681.65,270.9,0,2,689.0,264.5
4,121,5414325,674.0,277.5,688.5,264.4,681.25,270.95,0,2,688.5,264.4
4,122,5414326,673.8,277.8,688.1,264.1,680.95,270.95,0,2,688.1,264.1
4,123,5414327,673.4,278.0,687.8,263.8,680.6,270.9,0,2,687.8,263.8
4,124,5414328,673.0,278.3,687.7,263.4,680.35,270.85,0,2,687.7,263.4
4,125,5414329,672.7,278.3,687.5,263.1,680.1,270.7,0,2,687.5,263.1
4,126,5414330,672.6,278.5,687.7,262.9,680.15,270.7,0,2,687.7,262.9
4,127,5414331,672.5,278.8,687.8,262.7,680.15,270.75,0,2,687.8,262.7
4,128,5414332,672.4,279.5,687.8,262.5,680.1,271.0,0,2,687.8,262.5
4,129,5414333,672.3,280.0,687.7,262.5,680.0,271.25,0,2,687.7,262.5
4,130,5414334,672.3,280.6,687.3,263.2,679.8,271.9,0,2,687.3,263.2
4,131,5414335,672.4,281.1,686.9,264.0,679.65,272.55,0,2,686.9,264.0
4,132,5414336,672.4,282.3,686.5,264.7,679.45,273.5,0,2,686.5,264.7
4,133,5414337,672.4,283.3,686.0,265.4,679.2,274.35,0,2,686.0,265.4
5,134,5414338,672.3,284.1,685.5,266.1,678.9,275.1,0,2,685.5,266.1
5,135,5414339,672.3,284.5,685.2,266.1,678.75,275.3,0,2,685.2,266.1
5,136,5414340,672.4,284.9,684.8,266.1,678.6,275.5,0,2,684.8,266.1
5,137,5414341,672.4,285.2,684.3,265.3,678.35,275.25,0,2,684.3,265.3
5,138,5414342,672.3,285.6,683.9,264.5,678.1,275.05,0,2,683.9,264.5
5,139,5414343,672.4,285.5,683.5,263.8,677.95,274.65,0,2,683.5,263.8
5,140,5414344,672.4,285.3,683.2,263.1,677.8,274.2,0,2,683.2,263.1
5,141,5414345,672.6,285.1,683.0,262.4,677.8,273.75,0,2,683.0,262.4
5,142,5414346,672.8,284.9,682.7,262.4,677.75,273.65,0,2,682.7,262.4
5,143,5414347,673.0,284.6,682.5,262.3,677.75,273.45,0,2,682.5,262.3
5,144,5414348,673.2,284.3,682.1,262.1,677.65,273.2,0,2,682.1,262.1
5,145,5414349,673.4,283.9,681.6,261.9,677.5,272.9,0,2,681.6,261.9
5,146,5414350,673.6,283.6,681.0,261.5,677.3,272.55,0,2,681.0,261.5
5,147,5414351,673.6,283.3,680.5,261.1,677.05,272.2,0,2,680.5,261.1
5,148,5414352,673.5,283.0,680.2,260.5,676.85,271.75,0,2,680.2,260.5
5,149,5414353,673.3,282.8,679.9,260.0,676.6,271.4,0,2,679.9,260.0
5,150,5414354,673.2,282.8,679.6,259.5,676.4,271.15,0,2,679.6,259.5
5,151,5414355,673.1,283.1,679.8,259.3,676.45,271.2,0,2,679.8,259.3
5,152,5414356,673.1,283.6,680.2,259.0,676.65,271.3,0,2,680.2,259.0
5,153,5414357,673.2,284.0,680.8,258.8,677.0,271.4,0,2,680.8,258.8
5,154,5414358,673.4,284.5,682.2,258.6,677.8,271.55,0,2,682.2,258.6
5,155,5414359,673.6,285.0,683.5,258.5,678.55,271.75,0,2,683.5,258.5
5,156,5414360,673.8,285.3,685.1,258.5,679.45,271.9,0,2,685.1,258.5
5,157,5414361,674.0,285.4,686.7,258.5,680.35,271.95,0,2,686.7,258.5
5,158,5414362,674.2,285.0,688.2,258.6,681.2,271.8,0,2,688.2,258.6
5,159,5414363,674.1,284.3,689.6,258.8,681.85,271.55,0,2,689.6,258.8
5,160,5414364,674.0,283.5,690.8,259.1,682.4,271.3,0,2,690.8,259.1
5,161,5414365,673.4,282.7,691.3,259.3,682.35,271.0,0,2,691.3,259.3
5,162,5414366,672.9,282.0,691.7,259.5,682.3,270.75,0,2,691.7,259.5
5,163,5414367,672.4,281.3,691.7,259.8,682.05,270.55,0,2,691.7,259.8
5,164,5414368,671.8,280.8,691.8,259.9,681.8,270.35,0,2,691.8,259.9
5,165,5414369,671.1,280.4,691.8,259.9,681.45,270.15,0,2,691.8,259.9
5,166,5414370,670.5,280.4,691.9,259.8,681.2,270.1,0,2,691.9,259.8
6,167,5414371,669.9,280.6,691.9,259.7,680.9,270.15,0,2,691.9,259.7
6,168,5414372,669.7,280.9,692.0,259.6,680.85,270.25,0,2,692.0,259.6
6,169,5414373,669.5,281.2,691.8,259.6,680.65,270.4,0,2,691.8,259.6
6,170,5414374,669.3,281.7,691.6,259.7,680.45,270.7,0,2,691.6,259.7
6,171,5414375,669.0,282.4,691.4,259.8,680.2,271.1,0,2,691.4,259.8
6,172,5414376,668.7,283.1,691.1,260.0,679.9,271.55,0,2,691.1,260.0
6,173,5414377,668.5,283.8,690.7,260.5,679.6,272.15,0,2,690.7,260.5
6,174,5414378,668.3,284.2,690.3,261.0,679.3,272.6,0,2,690.3,261.0
6,175,5414379,668.2,284.5,689.9,261.5,679.05,273.0,0,2,689.9,261.5
6,176,5414380,668.0,284.7,689.7,261.9,678.85,273.3,0,2,689.7,261.9
6,177,5414381,667.9,284.7,689.4,262.3,678.65,273.5,0,2,689.4,262.3
6,178,5414382,668.0,284.2,689.1,262.6,678.55,273.4,0,2,689.1,262.6
6,179,5414383,668.0,283.7,688.7,262.9,678.35,273.3,0,2,688.7,262.9
6,180,5414384,668.0,283.2,688.4,262.9,678.2,273.05,0,2,688.4,262.9
6,181,5414385,667.8,282.8,688.1,263.0,677.95,272.9,0,2,688.1,263.0
6,182,5414386,667.5,282.6,687.8,263.0,677.65,272.8,0,2,687.8,263.0
6,183,5414387,667.3,282.7,687.6,263.1,677.45,272.9,0,2,687.6,263.1
6,184,5414388,666.9,283.4,687.4,263.1,677.15,273.25,0,2,687.4,263.1
6,185,5414389,666.5,284.3,687.3,263.1,676.9,273.7,0,2,687.3,263.1
6,186,5414390,666.1,285.1,687.2,263.2,676.65,274.15,0,2,687.2,263.2
6,187,5414391,665.7,286.0,687.2,263.2,676.45,274.6,0,2,687.2,263.2
6,188,5414392,665.5,286.9,686.8,263.5,676.15,275.2,0,2,686.8,263.5
6,189,5414393,665.5,287.5,686.4,263.9,675.95,275.7,0,2,686.4,263.9
6,190,5414394,665.4,288.0,686.0,264.6,675.7,276.3,0,2,686.0,264.6
6,191,5414395,665.4,287.9,685.5,265.2,675.45,276.55,0,2,685.5,265.2
6,192,5414396,665.5,287.6,685.2,265.8,675.35,276.7,0,2,685.2,265.8
6,193,5414397,665.5,287.4,684.8,266.7,675.15,277.05,0,2,684.8,266.7
6,194,5414398,665.3,287.2,684.4,267.7,674.85,277.45,0,2,684.4,267.7
6,195,5414399,665.0,287.0,684.3,268.3,674.65,277.65,0,2,684.3,268.3
6,196,5414400,664.7,287.0,684.3,268.6,674.5,277.8,0,2,684.3,268.6
6,197,5414401,664.4,286.9,684.2,268.7,674.3,277.8,0,2,684.2,268.7
6,198,5414402,664.1,286.9,684.1,268.8,674.1,277.85,0,2,684.1,268.8
6,199,5414403,664.6,287.0,683.9,268.7,674.25,277.85,0,2,683.9,268.7
6,200,5414404,665.0,287.0,683.8,268.1,674.4,277.55,0,2,683.8,268.1
7,201,5414405,665.6,287.0,683.6,267.5,674.6,277.25,0,2,683.6,267.5
7,202,5414406,666.0,287.0,683.5,267.2,674.75,277.1,0,2,683.5,267.2
7,203,5414407,666.4,287.1,683.4,267.0,674.9,277.05,0,2,683.4,267.0
7,204,5414408,666.8,287.2,683.4,266.9,675.1,277.05,0,2,683.4,266.9
7,205,5414409,667.1,287.3,683.6,266.8,675.35,277.05,0,2,683.6,266.8
7,206,5414410,666.7,287.4,683.8,266.8,675.25,277.1,0,2,683.8,266.8
7,207,5414411,666.4,287.3,683.9,267.0,675.15,277.15,0,2,683.9,267.0
7,208,5414412,666.2,287.2,684.0,267.2,675.1,277.2,0,2,684.0,267.2
7,209,5414413,666.1,286.9,684.1,267.3,675.1,277.1,0,2,684.1,267.3
7,210,5414414,666.1,286.3,684.0,267.3,675.05,276.8,0,2,684.0,267.3
7,211,5414415,666.1,285.6,683.9,267.3,675.0,276.45,0,2,683.9,267.3
7,212,5414416,666.1,285.0,683.8,267.2,674.95,276.1,0,2,683.8,267.2
7,213,5414417,666.4,284.5,683.6,267.2,675.0,275.85,0,2,683.6,267.2
7,214,5414418,666.8,284.4,683.5,267.1,675.15,275.75,0,2,683.5,267.1
7,215,5414419,667.1,284.3,683.4,267.2,675.25,275.75,0,2,683.4,267.2
7,216,5414420,667.5,284.4,683.5,267.1,675.5,275.75,0,2,683.5,267.1
7,217,5414421,667.9,284.8,683.5,266.9,675.7,275.85,0,2,683.5,266.9
7,218,5414422,668.2,285.2,683.4,266.7,675.8,275.95,0,2,683.4,266.7
7,219,5414423,668.7,285.8,683.2,266.5,675.95,276.15,0,2,683.2,266.5
7,220,5414424,668.8,286.2,683.1,266.3,675.95,276.25,0,2,683.1,266.3
7,221,5414425,668.9,286.6,683.0,266.4,675.95,276.5,0,2,683.0,266.4
7,222,5414426,669.0,287.0,682.9,266.5,675.95,276.75,0,2,682.9,266.5
7,223,5414427,669.0,287.2,682.8,266.6,675.9,276.9,0,2,682.8,266.6
7,224,5414428,669.0,287.5,682.8,266.8,675.9,277.15,0,2,682.8,266.8
7,225,5414429,668.8,287.7,683.0,266.9,675.9,277.3,0,2,683.0,266.9
7,226,5414430,668.5,287.9,683.3,267.1,675.9,277.5,0,2,683.3,267.1
7,227,5414431,668.0,288.0,683.5,267.3,675.75,277.65,0,2,683.5,267.3
7,228,5414432,667.4,288.2,683.7,267.0,675.55,277.6,0,2,683.7,267.0
7,229,5414433,666.9,288.4,683.9,266.6,675.4,277.5,0,2,683.9,266.6
7,230,5414434,666.4,288.6,684.2,266.3,675.3,277.45,0,2,684.2,266.3
7,231,5414435,666.0,288.9,684.4,266.0,675.2,277.45,0,2,684.4,266.0
7,232,5414436,665.7,289.2,684.5,265.9,675.1,277.55,0,2,684.5,265.9
7,233,5414437,665.5,289.6,684.7,266.4,675.1,278.0,0,2,684.7,266.4
8,234,5414438,665.5,290.2,684.9,267.4,675.2,278.8,0,2,684.9,267.4
8,235,5414439,665.8,290.7,685.0,268.6,675.4,279.65,0,2,685.0,268.6
8,236,5414440,666.0,291.2,685.2,269.9,675.6,280.55,0,2,685.2,269.9
8,237,5414441,666.2,292.4,685.5,271.1,675.85,281.75,0,2,685.5,271.1
8,238,5414442,666.4,293.7,685.8,272.5,676.1,283.1,0,2,685.8,272.5
8,239,5414443,666.7,294.9,686.0,274.0,676.35,284.45,0,2,686.0,274.0
8,240,5414444,666.9,296.1,686.3,275.4,676.6,285.75,0,2,686.3,275.4
8,241,5414445,667.1,297.1,686.6,276.2,676.85,286.65,0,2,686.6,276.2
8,242,5414446,667.1,298.0,686.9,277.1,677.0,287.55,0,2,686.9,277.1
8,243,5414447,667.1,299.0,687.0,277.9,677.05,288.45,0,2,687.0,277.9
8,244,5414448,667.1,299.0,687.1,278.8,677.1,288.9,0,2,687.1,278.8
8,245,5414449,667.2,298.9,687.1,279.8,677.15,289.35,0,2,687.1,279.8
8,246,5414450,667.1,298.6,687.3,280.6,677.2,289.6,0,2,687.3,280.6
8,247,5414451,667.0,298.3,687.4,280.9,677.2,289.6,0,2,687.4,280.9
8,248,5414452,666.9,297.8,687.8,281.2,677.35,289.5,0,2,687.8,281.2
8,249,5414453,666.7,297.3,688.2,281.2,677.45,289.25,0,2,688.2,281.2
8,250,5414454,666.6,296.9,688.6,281.3,677.6,289.1,0,2,688.6,281.3
8,251,5414455,666.4,296.6,688.9,281.2,677.65,288.9,0,2,688.9,281.2
8,252,5414456,666.1,296.5,689.2,281.0,677.65,288.75,0,2,689.2,281.0
8,253,5414457,665.8,296.4,689.3,280.8,677.55,288.6,0,2,689.3,280.8
8,254,5414458,665.6,296.5,689.4,280.6,677.5,288.55,0,2,689.4,280.6
8,255,5414459,665.4,296.7,689.2,280.5,677.3,288.6,0,2,689.2,280.5
8,256,5414460,665.1,296.9,689.0,280.7,677.05,288.8,0,2,689.0,280.7
8,257,5414461,664.8,297.1,688.7,280.9,676.75,289.0,0,2,688.7,280.9
8,258,5414462,664.5,297.2,688.3,281.1,676.4,289.15,0,2,688.3,281.1
8,259,5414463,664.4,297.2,688.0,281.3,676.2,289.25,0,2,688.0,281.3
8,260,5414464,664.2,297.3,687.6,281.6,675.9,289.45,0,2,687.6,281.6
8,261,5414465,664.1,297.3,687.2,281.8,675.65,289.55,0,2,687.2,281.8
8,262,5414466,664.1,297.2,686.8,281.9,675.45,289.55,0,2,686.8,281.9
8,263,5414467,664.2,296.9,686.6,282.1,675.4,289.5,0,2,686.6,282.1
8,264,5414468,664.4,296.7,686.5,282.2,675.45,289.45,0,2,686.5,282.2
8,265,5414469,664.5,296.5,686.9,282.3,675.7,289.4,0,2,686.9,282.3
8,266,5414470,664.7,296.6,687.3,282.5,676.0,289.55,0,2,687.3,282.5
9,267,5414471,664.9,296.7,687.7,282.4,676.3,289.55,0,2,687.7,282.4
9,268,5414472,665.0,296.9,688.2,282.2,676.6,289.55,0,2,688.2,282.2
9,269,5414473,665.0,297.0,688.7,281.4,676.85,289.2,0,2,688.7,281.4
9,270,5414474,665.0,297.4,689.2,280.5,677.1,288.95,0,2,689.2,280.5
9,271,5414475,665.0,297.9,689.6,279.7,677.3,288.8,0,2,689.6,279.7
9,272,5414476,665.0,298.4,689.6,278.8,677.3,288.6,0,2,689.6,278.8
9,273,5414477,665.1,298.6,689.5,277.9,677.3,288.25,0,2,689.5,277.9
9,274,5414478,665.0,298.7,689.3,277.1,677.15,287.9,0,2,689.3,277.1
9,275,5414479,665.0,298.6,689.1,276.4,677.05,287.5,0,2,689.1,276.4
9,276,5414480,665.0,298.4,688.7,276.4,676.85,287.4,0,2,688.7,276.4
9,277,5414481,665.0,298.3,688.4,276.3,676.7,287.3,0,2,688.4,276.3
9,278,5414482,664.9,298.3,688.2,276.4,676.55,287.35,0,2,688.2,276.4
9,279,5414483,664.8,298.3,688.2,276.5,676.5,287.4,0,2,688.2,276.5
9,280,5414484,664.8,298.4,688.3,276.6,676.55,287.5,0,2,688.3,276.6
9,281,5414485,664.8,298.5,688.5,276.7,676.65,287.6,0,2,688.5,276.7
9,282,5414486,664.8,298.8,688.6,276.7,676.7,287.75,0,2,688.6,276.7
9,283,5414487,664.8,299.1,688.8,276.8,676.8,287.95,0,2,688.8,276.8
9,284,5414488,664.8,299.0,689.0,276.7,676.9,287.85,0,2,689.0,276.7
9,285,5414489,664.6,298.7,689.0,276.5,676.8,287.6,0,2,689.0,276.5
9,286,5414490,664.5,298.5,689.0,276.3,676.75,287.4,0,2,689.0,276.3
9,287,5414491,664.4,298.2,688.9,275.9,676.65,287.05,0,2,688.9,275.9
9,288,5414492,664.4,297.9,688.8,275.5,676.6,286.7,0,2,688.8,275.5
9,289,5414493,664.4,297.7,688.8,274.4,676.6,286.05,0,2,688.8,274.4
9,290,5414494,664.3,297.5,688.8,273.4,676.55,285.45,0,2,688.8,273.4
9,291,5414495,664.2,297.7,688.9,272.5,676.55,285.1,0,2,688.9,272.5
9,292,5414496,664.2,297.7,689.1,272.0,676.65,284.85,0,2,689.1,272.0
9,293,5414497,664.1,297.7,689.3,271.4,676.7,284.55,0,2,689.3,271.4
9,294,5414498,663.9,297.7,689.5,271.0,676.7,284.35,0,2,689.5,271.0
9,295,5414499,663.6,297.2,689.7,270.6,676.65,283.9,0,2,689.7,270.6
9,296,5414500,663.3,296.8,689.8,270.8,676.55,283.8,0,2,689.8,270.8
9,297,5414501,663.1,296.4,689.9,271.0,676.5,283.7,0,2,689.9,271.0
9,298,5414502,663.1,296.0,689.8,271.2,676.45,283.6,0,2,689.8,271.2
9,299,5414503,663.0,296.0,689.7,271.1,676.35,283.55,0,2,689.7,271.1
9,300,5414504,663.0,296.0,689.5,271.0,676.25,283.5,0,2,689.5,271.0
10,301,5414505,663.1,296.3,689.4,270.8,676.25,283.55,0,2,689.4,270.8
10,302,5414506,663.2,296.9,689.3,270.5,676.25,283.7,0,2,689.3,270.5
10,303,5414507,663.3,297.6,689.3,270.2,676.3,283.9,0,2,689.3,270.2
10,304,5414508,663.5,298.3,689.3,269.8,676.4,284.05,0,2,689.3,269.8
10,305,5414509,663.6,299.0,689.5,269.4,676.55,284.2,0,2,689.5,269.4
10,306,5414510,663.9,299.1,689.6,269.0,676.75,284.05,0,2,689.6,269.0
10,307,5414511,664.1,299.2,689.7,268.7,676.9,283.95,0,2,689.7,268.7
10,308,5414512,664.4,299.1,689.8,268.5,677.1,283.8,0,2,689.8,268.5
10,309,5414513,664.7,298.9,689.9,268.5,677.3,283.7,0,2,689.9,268.5
10,310,5414514,664.8,298.6,690.1,268.5,677.45,283.55,0,2,690.1,268.5
10,311,5414515,664.7,298.3,690.3,268.5,677.5,283.4,0,2,690.3,268.5
10,312,5414516,664.6,298.0,690.5,268.5,677.55,283.25,0,2,690.5,268.5
10,313,5414517,664.4,297.8,690.7,268.5,677.55,283.15,0,2,690.7,268.5
10,314,5414518,664.1,297.8,690.9,268.5,677.5,283.15,0,2,690.9,268.5
10,315,5414519,663.8,298.0,691.1,268.5,677.45,283.25,0,2,691.1,268.5
10,316,5414520,663.7,298.2,691.2,268.5,677.45,283.35,0,2,691.2,268.5
10,317,5414521,663.6,298.3,691.1,268.5,677.35,283.4,0,2,691.1,268.5
10,318,5414522,663.7,298.3,690.9,268.5,677.3,283.4,0,2,690.9,268.5
10,319,5414523,663.8,298.3,690.7,268.5,677.25,283.4,0,2,690.7,268.5
10,320,5414524,664.0,298.3,690.5,268.6,677.25,283.45,0,2,690.5,268.6
10,321,5414525,664.1,298.1,690.3,268.6,677.2,283.35,0,2,690.3,268.6
10,322,5414526,664.3,297.8,690.2,268.8,677.25,283.3,0,2,690.2,268.8
10,323,5414527,664.5,297.4,690.2,269.0,677.35,283.2,0,2,690.2,269.0
10,324,5414528,664.6,297.0,690.1,269.3,677.35,283.15,0,2,690.1,269.3
10,325,5414529,664.7,296.9,690.2,269.6,677.45,283.25,0,2,690.2,269.6
10,326,5414530,664.7,296.7,690.2,269.9,677.45,283.3,0,2,690.2,269.9
10,327,5414531,664.8,296.7,690.2,270.1,677.5,283.4,0,2,690.2,270.1
10,328,5414532,664.8,296.6,690.3,270.4,677.55,283.5,0,2,690.3,270.4
10,329,5414533,664.7,296.6,690.3,270.6,677.5,283.6,0,2,690.3,270.6
10,330,5414534,664.6,296.7,690.3,270.6,677.45,283.65,0,2,690.3,270.6
10,331,5414535,664.6,296.8,690.3,270.7,677.45,283.75,0,2,690.3,270.7
10,332,5414536,664.5,296.9,690.2,270.8,677.35,283.85,0,2,690.2,270.8
10,333,5414537,664.5,297.1,690.2,270.9,677.35,284.0,0,2,690.2,270.9
11,334,5414538,664.5,297.1,690.2,270.7,677.35,283.9,0,2,690.2,270.7
11,335,5414539,664.5,297.1,690.3,270.5,677.4,283.8,0,2,690.3,270.5
11,336,5414540,664.5,296.9,690.5,270.2,677.5,283.55,0,2,690.5,270.2
11,337,5414541,664.6,296.7,690.6,269.8,677.6,283.25,0,2,690.6,269.8
11,338,5414542,664.7,296.5,690.8,269.4,677.75,282.95,0,2,690.8,269.4
11,339,5414543,664.7,296.3,691.0,268.9,677.85,282.6,0,2,691.0,268.9
11,340,5414544,664.8,296.2,691.3,268.4,678.05,282.3,0,2,691.3,268.4
11,341,5414545,665.1,296.2,691.6,268.1,678.35,282.15,0,2,691.6,268.1
11,342,5414546,665.4,296.2,691.8,267.7,678.6,281.95,0,2,691.8,267.7
11,343,5414547,665.7,296.3,692.0,267.5,678.85,281.9,0,2,692.0,267.5
11,344,5414548,666.1,296.4,692.1,267.4,679.1,281.9,0,2,692.1,267.4
11,345,5414549,666.3,296.6,692.2,267.4,679.25,282.0,0,2,692.2,267.4
11,346,5414550,666.6,296.6,692.2,267.4,679.4,282.0,0,2,692.2,267.4
11,347,5414551,666.8,296.5,692.0,267.5,679.4,282.0,0,2,692.0,267.5
11,348,5414552,666.6,296.3,691.5,267.5,679.05,281.9,0,2,691.5,267.5
11,349,5414553,666.4,296.0,691.0,267.5,678.7,281.75,0,2,691.0,267.5
11,350,5414554,666.3,295.8,690.7,267.3,678.5,281.55,0,2,690.7,267.3
11,351,5414555,666.1,295.6,690.4,267.1,678.25,281.35,0,2,690.4,267.1
11,352,5414556,665.9,295.5,690.1,266.6,678.0,281.05,0,2,690.1,266.6
11,353,5414557,665.7,295.4,689.9,266.2,677.8,280.8,0,2,689.9,266.2
11,354,5414558,665.5,295.4,689.8,265.8,677.65,280.6,0,2,689.8,265.8
11,355,5414559,665.5,295.6,690.1,265.5,677.8,280.55,0,2,690.1,265.5
11,356,5414560,665.5,295.8,690.3,265.2,677.9,280.5,0,2,690.3,265.2
11,357,5414561,665.9,295.9,690.5,265.0,678.2,280.45,0,2,690.5,265.0
11,358,5414562,666.2,295.9,690.7,264.8,678.45,280.35,0,2,690.7,264.8
11,359,5414563,666.7,295.8,691.0,264.7,678.85,280.25,0,2,691.0,264.7
11,360,5414564,667.1,295.7,691.3,264.7,679.2,280.2,0,2,691.3,264.7
11,361,5414565,667.2,295.4,691.7,264.7,679.45,280.05,0,2,691.7,264.7
11,362,5414566,667.3,295.2,692.0,264.7,679.65,279.95,0,2,692.0,264.7
11,363,5414567,667.2,294.9,692.3,264.7,679.75,279.8,0,2,692.3,264.7
11,364,5414568,666.6,294.7,692.5,264.7,679.55,279.7,0,2,692.5,264.7
11,365,5414569,666.1,294.7,692.9,264.9,679.5,279.8,0,2,692.9,264.9
11,366,5414570,665.6,294.9,693.2,265.0,679.4,279.95,0,2,693.2,265.0
12,367,5414571,665.1,295.1,693.5,265.2,679.3,280.15,0,2,693.5,265.2
12,368,5414572,664.9,295.1,693.8,265.3,679.35,280.2,0,2,693.8,265.3
12,369,5414573,664.8,295.1,693.9,265.3,679.35,280.2,0,2,693.9,265.3
12,370,5414574,665.1,295.1,694.1,265.5,679.6,280.3,0,2,694.1,265.5
12,371,5414575,665.3,295.1,694.0,265.6,679.65,280.35,0,2,694.0,265.6
12,372,5414576,665.5,295.1,693.7,265.8,679.6,280.45,0,2,693.7,265.8
12,373,5414577,665.7,295.0,693.3,266.0,679.5,280.5,0,2,693.3,266.0
12,374,5414578,665.9,294.9,693.0,266.3,679.45,280.6,0,2,693.0,266.3
12,375,5414579,666.1,295.0,692.6,266.5,679.35,280.75,0,2,692.6,266.5
12,376,5414580,666.2,295.2,692.1,266.7,679.15,280.95,0,2,692.1,266.7
12,377,5414581,666.3,295.3,691.7,266.9,679.0,281.1,0,2,691.7,266.9
12,378,5414582,666.4,295.5,691.4,267.0,678.9,281.25,0,2,691.4,267.0
12,379,5414583,666.5,295.6,691.2,267.1,678.85,281.35,0,2,691.2,267.1
12,380,5414584,666.5,295.7,691.1,267.2,678.8,281.45,0,2,691.1,267.2
12,381,5414585,666.6,295.7,691.0,267.3,678.8,281.5,0,2,691.0,267.3
12,382,5414586,666.6,295.7,690.8,267.4,678.7,281.55,0,2,690.8,267.4
12,383,5414587,666.6,295.7,690.7,267.4,678.65,281.55,0,2,690.7,267.4
12,384,5414588,666.7,295.6,690.6,267.3,678.65,281.45,0,2,690.6,267.3
12,385,5414589,666.7,295.5,690.4,267.2,678.55,281.35,0,2,690.4,267.2
12,386,5414590,666.8,295.4,690.2,267.0,678.5,281.2,0,2,690.2,267.0
12,387,5414591,667.0,295.1,690.0,266.8,678.5,280.95,0,2,690.0,266.8
12,388,5414592,667.3,294.9,689.8,266.5,678.55,280.7,0,2,689.8,266.5
12,389,5414593,667.5,294.7,689.7,266.3,678.6,280.5,0,2,689.7,266.3
12,390,5414594,667.7,294.6,689.6,265.9,678.65,280.25,0,2,689.6,265.9
12,391,5414595,667.9,294.7,689.5,265.7,678.7,280.2,0,2,689.5,265.7
12,392,5414596,668.0,295.1,689.5,265.5,678.75,280.3,0,2,689.5,265.5
12,393,5414597,668.2,295.6,689.4,265.4,678.8,280.5,0,2,689.4,265.4
12,394,5414598,668.2,296.2,689.3,265.3,678.75,280.75,0,2,689.3,265.3
12,395,5414599,668.2,296.8,688.9,265.3,678.55,281.05,0,2,688.9,265.3
12,396,5414600,668.2,297.4,688.5,265.8,678.35,281.6,0,2,688.5,265.8
12,397,5414601,668.2,297.8,688.0,266.4,678.1,282.1,0,2,688.0,266.4
12,398,5414602,668.2,298.2,687.5,267.0,677.85,282.6,0,2,687.5,267.0
12,399,5414603,668.1,298.4,687.1,267.4,677.6,282.9,0,2,687.1,267.4
12,400,5414604,668.0,298.7,686.8,267.9,677.4,283.3,0,2,686.8,267.9
13,401,5414605,668.0,298.9,686.5,268.4,677.25,283.65,0,2,686.5,268.4
13,402,5414606,667.9,299.0,686.7,269.1,677.3,284.05,0,2,686.7,269.1
13,403,5414607,668.0,299.1,686.8,269.2,677.4,284.15,0,2,686.8,269.2
13,404,5414608,668.1,299.2,687.0,269.4,677.55,284.3,0,2,687.0,269.4
13,405,5414609,668.5,299.2,687.1,269.7,677.8,284.45,0,2,687.1,269.7
13,406,5414610,668.9,299.0,687.2,270.3,678.05,284.65,0,2,687.2,270.3
13,407,5414611,669.3,298.7,687.2,271.2,678.25,284.95,0,2,687.2,271.2
13,408,5414612,669.7,298.5,687.2,272.6,678.45,285.55,0,2,687.2,272.6
13,409,5414613,670.1,298.6,687.0,273.8,678.55,286.2,0,2,687.0,273.8
13,410,5414614,670.4,298.6,686.9,275.1,678.65,286.85,0,2,686.9,275.1
13,411,5414615,670.6,298.6,686.9,276.4,678.75,287.5,0,2,686.9,276.4
13,412,5414616,670.5,298.7,686.8,277.4,678.65,288.05,0,2,686.8,277.4
13,413,5414617,670.4,298.7,686.7,278.5,678.55,288.6,0,2,686.7,278.5
13,414,5414618,670.3,298.8,686.7,279.1,678.5,288.95,0,2,686.7,279.1
13,415,5414619,669.7,298.9,686.8,279.3,678.25,289.1,0,2,686.8,279.3
13,416,5414620,669.1,299.1,686.9,279.3,678.0,289.2,0,2,686.9,279.3
13,417,5414621,668.4,299.2,687.2,279.3,677.8,289.25,0,2,687.2,279.3
13,418,5414622,667.8,299.4,687.6,279.3,677.7,289.35,0,2,687.6,279.3
13,419,5414623,667.1,299.8,687.9,279.3,677.5,289.55,0,2,687.9,279.3
13,420,5414624,666.4,300.1,688.3,279.2,677.35,289.65,0,2,688.3,279.2
13,421,5414625,665.7,300.5,688.6,279.1,677.15,289.8,0,2,688.6,279.1
13,422,5414626,665.6,300.9,689.0,279.1,677.3,290.0,0,2,689.0,279.1
13,423,5414627,665.6,301.3,689.3,279.1,677.45,290.2,0,2,689.3,279.1
13,424,5414628,665.8,301.6,689.4,279.1,677.6,290.35,0,2,689.4,279.1
13,425,5414629,665.9,301.8,689.5,279.4,677.7,290.6,0,2,689.5,279.4
13,426,5414630,666.1,301.9,689.5,280.0,677.8,290.95,0,2,689.5,280.0
13,427,5414631,666.3,301.9,689.5,280.6,677.9,291.25,0,2,689.5,280.6
13,428,5414632,666.5,301.8,689.4,281.2,677.95,291.5,0,2,689.4,281.2
13,429,5414633,666.6,301.7,689.4,281.7,678.0,291.7,0,2,689.4,281.7
13,430,5414634,666.6,301.6,689.4,281.9,678.0,291.75,0,2,689.4,281.9
13,431,5414635,666.5,301.5,689.3,282.1,677.9,291.8,0,2,689.3,282.1
13,432,5414636,666.5,301.4,689.3,281.9,677.9,291.65,0,2,689.3,281.9
13,433,5414637,666.4,301.3,689.4,281.5,677.9,291.4,0,2,689.4,281.5
14,434,5414638,666.5,301.2,689.4,281.2,677.95,291.2,0,2,689.4,281.2
14,435,5414639,666.6,301.1,689.5,281.1,678.05,291.1,0,2,689.5,281.1
14,436,5414640,666.7,301.0,689.5,281.1,678.1,291.05,0,2,689.5,281.1
14,437,5414641,667.0,300.9,689.5,281.4,678.25,291.15,0,2,689.5,281.4
14,438,5414642,667.3,300.6,689.5,281.6,678.4,291.1,0,2,689.5,281.6
14,439,5414643,667.6,300.3,689.7,281.4,678.65,290.85,0,2,689.7,281.4
14,440,5414644,667.9,300.0,689.8,281.3,678.85,290.65,0,2,689.8,281.3
14,441,5414645,668.0,299.8,690.0,281.0,679.0,290.4,0,2,690.0,281.0
14,442,5414646,668.0,299.7,690.2,280.6,679.1,290.15,0,2,690.2,280.6
14,443,5414647,667.9,299.5,690.5,279.8,679.2,289.65,0,2,690.5,279.8
14,444,5414648,667.9,299.4,690.8,279.1,679.35,289.25,0,2,690.8,279.1
14,445,5414649,667.8,299.6,691.2,278.3,679.5,288.95,0,2,691.2,278.3
14,446,5414650,667.7,299.7,691.4,277.7,679.55,288.7,0,2,691.4,277.7
14,447,5414651,667.8,299.8,691.7,276.9,679.75,288.35,0,2,691.7,276.9
14,448,5414652,668.0,299.8,691.9,276.1,679.95,287.95,0,2,691.9,276.1
14,449,5414653,668.3,299.7,692.2,275.3,680.25,287.5,0,2,692.2,275.3
14,450,5414654,668.9,299.6,692.3,274.8,680.6,287.2,0,2,692.3,274.8
14,451,5414655,669.5,299.5,692.5,274.3,681.0,286.9,0,2,692.5,274.3
14,452,5414656,670.0,299.5,692.5,273.5,681.25,286.5,0,2,692.5,273.5
14,453,5414657,670.4,299.8,692.4,272.7,681.4,286.25,0,2,692.4,272.7
14,454,5414658,670.6,300.1,692.2,272.2,681.4,286.15,0,2,692.2,272.2
14,455,5414659,670.0,300.6,691.3,271.9,680.65,286.25,0,2,691.3,271.9
14,456,5414660,669.0,301.1,690.0,272.0,679.5,286.55,0,2,690.0,272.0
14,457,5414661,666.5,301.7,688.8,272.2,677.65,286.95,0,2,688.8,272.2
14,458,5414662,662.9,302.3,686.6,273.3,674.75,287.8,0,2,686.6,273.3
14,459,5414663,657.6,304.0,682.2,274.6,669.9,289.3,0,2,682.2,274.6
14,460,5414664,651.0,306.3,677.1,277.0,664.05,291.65,0,2,677.1,277.0
14,461,5414665,643.7,309.2,670.6,280.3,657.15,294.75,0,2,670.6,280.3
14,462,5414666,634.9,312.8,662.9,283.5,648.9,298.15,0,2,662.9,283.5
14,463,5414667,624.3,317.5,653.2,286.3,638.75,301.9,0,2,653.2,286.3
14,464,5414668,612.9,322.4,641.4,289.4,627.15,305.9,0,2,641.4,289.4
14,465,5414669,601.0,329.3,629.4,291.6,615.2,310.45,0,2,629.4,291.6
14,466,5414670,589.2,335.2,617.5,295.7,603.35,315.45,0,2,617.5,295.7
15,467,5414671,578.1,342.4,606.4,299.0,592.25,320.7,0,2,606.4,299.0
15,468,5414672,567.2,350.8,595.8,301.7,581.5,326.25,0,2,595.8,301.7
15,469,5414673,556.9,358.5,584.8,305.9,570.85,332.2,0,2,584.8,305.9
15,470,5414674,548.6,366.6,575.3,311.3,561.95,338.95,0,2,575.3,311.3
15,471,5414675,542.2,374.6,566.9,318.8,554.55,346.7,0,2,566.9,318.8
15,472,5414676,536.8,382.0,559.6,327.1,548.2,354.55,0,2,559.6,327.1
15,473,5414677,532.6,389.3,554.0,335.9,543.3,362.6,0,2,554.0,335.9
15,474,5414678,528.8,395.1,548.7,345.9,538.75,370.5,0,2,548.7,345.9
15,475,5414679,525.6,400.7,545.1,355.3,535.35,378.0,0,2,545.1,355.3
15,476,5414680,523.8,406.8,543.6,363.2,533.7,385.0,0,2,543.6,363.2
15,477,5414681,522.3,412.5,543.0,370.1,532.65,391.3,0,2,543.0,370.1
15,478,5414682,521.0,418.3,543.6,374.6,532.3,396.45,0,2,543.6,374.6
15,479,5414683,520.3,423.1,544.1,378.6,532.2,400.85,0,2,544.1,378.6
15,480,5414684,519.9,428.6,544.7,380.7,532.3,404.65,0,2,544.7,380.7
15,481,5414685,519.8,433.9,544.9,382.0,532.35,407.95,0,2,544.9,382.0
15,482,5414686,519.9,437.5,544.4,383.7,532.15,410.6,0,2,544.4,383.7
15,483,5414687,520.1,440.6,543.9,385.4,532.0,413.0,0,2,543.9,385.4
15,484,5414688,520.4,442.4,543.5,387.0,531.95,414.7,0,2,543.5,387.0
15,485,5414689,520.8,444.2,542.9,388.3,531.85,416.25,0,2,542.9,388.3
15,486,5414690,521.4,445.1,542.8,389.1,532.1,417.1,0,2,542.8,389.1
15,487,5414691,522.0,444.7,542.9,389.4,532.45,417.05,0,2,542.9,389.4
15,488,5414692,522.7,443.7,543.5,388.6,533.1,416.15,0,2,543.5,388.6
15,489,5414693,523.3,442.7,544.1,387.4,533.7,415.05,0,2,544.1,387.4
15,490,5414694,523.9,441.6,545.0,385.2,534.45,413.4,0,2,545.0,385.2
15,491,5414695,524.4,440.4,545.8,383.0,535.1,411.7,0,2,545.8,383.0
15,492,5414696,524.7,438.7,546.6,380.7,535.65,409.7,0,2,546.6,380.7
15,493,5414697,524.9,437.1,547.2,378.8,536.05,407.95,0,2,547.2,378.8
15,494,5414698,525.1,436.2,547.5,377.0,536.3,406.6,0,2,547.5,377.0
15,495,5414699,525.2,435.9,547.8,375.9,536.5,405.9,0,2,547.8,375.9
15,496,5414700,525.3,435.6,548.1,374.9,536.7,405.25,0,2,548.1,374.9
15,497,5414701,525.4,435.5,547.8,375.2,536.6,405.35,0,2,547.8,375.2
15,498,5414702,525.4,435.4,546.5,375.6,535.95,405.5,0,2,546.5,375.6
15,499,5414703,525.4,435.6,545.1,376.3,535.25,405.95,0,2,545.1,376.3
15,500,5414704,525.3,435.9,543.7,377.5,534.5,406.7,0,2,543.7,377.5
16,501,5414705,525.2,436.0,542.3,379.0,533.75,407.5,0,2,542.3,379.0
16,502,5414706,525.1,435.9,540.7,380.7,532.9,408.3,0,2,540.7,380.7
16,503,5414707,525.0,435.8,539.2,382.5,532.1,409.15,0,2,539.2,382.5
16,504,5414708,524.6,435.7,537.9,384.0,531.25,409.85,0,2,537.9,384.0
16,505,5414709,524.3,435.6,537.8,385.5,531.05,410.55,0,2,537.8,385.5
16,506,5414710,524.1,436.0,538.0,386.7,531.05,411.35,0,2,538.0,386.7
16,507,5414711,523.7,436.6,538.1,387.5,530.9,412.05,0,2,538.1,387.5
16,508,5414712,523.4,437.6,538.4,388.0,530.9,412.8,0,2,538.4,388.0
16,509,5414713,523.1,438.6,538.7,388.2,530.9,413.4,0,2,538.7,388.2
16,510,5414714,522.9,439.6,538.9,388.4,530.9,414.0,0,2,538.9,388.4
16,511,5414715,522.8,440.5,539.2,388.5,531.0,414.5,0,2,539.2,388.5
16,512,5414716,522.7,441.5,539.2,389.0,530.95,415.25,0,2,539.2,389.0
16,513,5414717,522.6,442.4,539.1,389.4,530.85,415.9,0,2,539.1,389.4
16,514,5414718,522.4,443.0,538.9,389.9,530.65,416.45,0,2,538.9,389.9
16,515,5414719,522.1,443.2,538.8,390.4,530.45,416.8,0,2,538.8,390.4
16,516,5414720,521.6,443.4,538.7,390.9,530.15,417.15,0,2,538.7,390.9
16,517,5414721,521.0,443.5,538.6,391.4,529.8,417.45,0,2,538.6,391.4
16,518,5414722,520.5,443.6,538.5,391.8,529.5,417.7,0,2,538.5,391.8
16,519,5414723,520.0,443.7,538.4,392.0,529.2,417.85,0,2,538.4,392.0
16,520,5414724,519.5,443.6,538.4,392.4,528.95,418.0,0,2,538.4,392.4
16,521,5414725,519.1,443.6,538.3,392.8,528.7,418.2,0,2,538.3,392.8
16,522,5414726,519.5,443.7,538.2,393.1,528.85,418.4,0,2,538.2,393.1
16,523,5414727,520.1,443.9,538.0,393.5,529.05,418.7,0,2,538.0,393.5
16,524,5414728,520.7,444.1,538.0,393.8,529.35,418.95,0,2,538.0,393.8
16,525,5414729,521.3,444.3,538.1,394.0,529.7,419.15,0,2,538.1,394.0
16,526,5414730,521.8,444.6,538.1,394.1,529.95,419.35,0,2,538.1,394.1
16,527,5414731,522.4,445.0,538.1,394.1,530.25,419.55,0,2,538.1,394.1
16,528,5414732,522.9,445.4,538.1,394.0,530.5,419.7,0,2,538.1,394.0
16,529,5414733,522.9,445.7,538.2,393.9,530.55,419.8,0,2,538.2,393.9
16,530,5414734,522.8,446.3,538.3,393.9,530.55,420.1,0,2,538.3,393.9
16,531,5414735,522.7,446.9,538.3,394.0,530.5,420.45,0,2,538.3,394.0
16,532,5414736,522.6,447.4,538.2,394.2,530.4,420.8,0,2,538.2,394.2
16,533,5414737,522.5,447.7,538.1,394.2,530.3,420.95,0,2,538.1,394.2
17,534,5414738,522.4,448.0,538.1,394.0,530.25,421.0,0,2,538.1,394.0
17,535,5414739,522.2,448.2,538.2,393.4,530.2,420.8,0,2,538.2,393.4
17,536,5414740,521.8,448.2,538.2,392.8,530.0,420.5,0,2,538.2,392.8
17,537,5414741,521.5,447.8,538.2,392.3,529.85,420.05,0,2,538.2,392.3
17,538,5414742,521.2,447.4,538.3,391.8,529.75,419.6,0,2,538.3,391.8
17,539,5414743,520.9,447.1,538.3,392.0,529.6,419.55,0,2,538.3,392.0
17,540,5414744,520.7,447.0,538.3,392.3,529.5,419.65,0,2,538.3,392.3
17,541,5414745,520.7,447.1,538.5,392.9,529.6,420.0,0,2,538.5,392.9
17,542,5414746,520.8,447.2,538.7,393.9,529.75,420.55,0,2,538.7,393.9
17,543,5414747,521.0,447.4,538.9,394.7,529.95,421.05,0,2,538.9,394.7
17,544,5414748,521.0,447.8,539.2,395.2,530.1,421.5,0,2,539.2,395.2
17,545,5414749,521.0,448.2,539.4,395.5,530.2,421.85,0,2,539.4,395.5
17,546,5414750,521.1,448.6,539.3,395.1,530.2,421.85,0,2,539.3,395.1
17,547,5414751,521.0,449.0,539.1,394.8,530.05,421.9,0,2,539.1,394.8
17,548,5414752,520.7,449.3,538.7,394.7,529.7,422.0,0,2,538.7,394.7
17,549,5414753,520.5,449.5,538.4,394.7,529.45,422.1,0,2,538.4,394.7
17,550,5414754,520.4,449.7,538.1,394.8,529.25,422.25,0,2,538.1,394.8
17,551,5414755,520.4,449.6,537.8,395.2,529.1,422.4,0,2,537.8,395.2
17,552,5414756,520.4,449.5,537.5,395.5,528.95,422.5,0,2,537.5,395.5
17,553,5414757,520.3,449.4,537.5,395.9,528.9,422.65,0,2,537.5,395.9
17,554,5414758,520.4,449.3,537.6,396.1,529.0,422.7,0,2,537.6,396.1
17,555,5414759,520.4,449.1,537.7,396.1,529.05,422.6,0,2,537.7,396.1
17,556,5414760,520.5,449.0,537.7,396.1,529.1,422.55,0,2,537.7,396.1
17,557,5414761,520.6,448.9,537.7,396.0,529.15,422.45,0,2,537.7,396.0
17,558,5414762,520.8,449.0,537.8,396.1,529.3,422.55,0,2,537.8,396.1
17,559,5414763,520.9,449.0,537.8,396.2,529.35,422.6,0,2,537.8,396.2
17,560,5414764,521.0,449.1,537.8,396.3,529.4,422.7,0,2,537.8,396.3
17,561,5414765,521.1,449.2,537.5,395.8,529.3,422.5,0,2,537.5,395.8
17,562,5414766,521.1,449.3,537.4,395.3,529.25,422.3,0,2,537.4,395.3
17,563,5414767,521.1,449.5,537.2,395.0,529.15,422.25,0,2,537.2,395.0
17,564,5414768,521.0,449.6,536.9,394.9,528.95,422.25,0,2,536.9,394.9
17,565,5414769,520.9,449.8,536.6,394.8,528.75,422.3,0,2,536.6,394.8
17,566,5414770,520.7,449.6,536.3,394.8,528.5,422.2,0,2,536.3,394.8
18,567,5414771,520.5,449.4,536.1,395.2,528.3,422.3,0,2,536.1,395.2
18,568,5414772,520.2,449.1,536.1,396.3,528.15,422.7,0,2,536.1,396.3
18,569,5414773,520.0,448.7,536.2,397.3,528.1,423.0,0,2,536.2,397.3
18,570,5414774,519.8,448.4,536.2,397.9,528.0,423.15,0,2,536.2,397.9
18,571,5414775,519.7,448.1,536.3,398.4,528.0,423.25,0,2,536.3,398.4
18,572,5414776,519.6,447.8,536.5,398.9,528.05,423.35,0,2,536.5,398.9
18,573,5414777,519.8,448.0,536.6,399.3,528.2,423.65,0,2,536.6,399.3
18,574,5414778,520.1,448.1,536.7,399.3,528.4,423.7,0,2,536.7,399.3
18,575,5414779,520.4,448.3,536.8,399.4,528.6,423.85,0,2,536.8,399.4
18,576,5414780,520.7,448.4,536.8,399.5,528.75,423.95,0,2,536.8,399.5
18,577,5414781,520.9,448.5,536.8,399.8,528.85,424.15,0,2,536.8,399.8
18,578,5414782,521.1,448.5,536.5,400.1,528.8,424.3,0,2,536.5,400.1
18,579,5414783,521.4,448.4,536.1,400.3,528.75,424.35,0,2,536.1,400.3
18,580,5414784,521.2,448.4,535.8,400.3,528.5,424.35,0,2,535.8,400.3
18,581,5414785,520.9,448.3,535.5,399.5,528.2,423.9,0,2,535.5,399.5
18,582,5414786,520.3,448.3,535.3,398.7,527.8,423.5,0,2,535.3,398.7
18,583,5414787,519.8,448.3,535.1,397.8,527.45,423.05,0,2,535.1,397.8
18,584,5414788,519.3,448.3,534.8,397.0,527.05,422.65,0,2,534.8,397.0
18,585,5414789,518.8,448.3,534.8,396.3,526.8,422.3,0,2,534.8,396.3
18,586,5414790,518.4,448.4,534.8,395.6,526.6,422.0,0,2,534.8,395.6
18,587,5414791,518.1,448.4,534.7,395.0,526.4,421.7,0,2,534.7,395.0
18,588,5414792,517.8,448.4,534.5,395.1,526.15,421.75,0,2,534.5,395.1
18,589,5414793,517.9,448.4,534.3,395.3,526.1,421.85,0,2,534.3,395.3
18,590,5414794,518.1,448.5,534.1,395.5,526.1,422.0,0,2,534.1,395.5
18,591,5414795,518.1,448.7,534.0,395.9,526.05,422.3,0,2,534.0,395.9
18,592,5414796,518.2,449.0,534.3,396.5,526.25,422.75,0,2,534.3,396.5
18,593,5414797,518.1,449.2,534.6,397.1,526.35,423.15,0,2,534.6,397.1
18,594,5414798,518.1,449.4,534.8,397.7,526.45,423.55,0,2,534.8,397.7
18,595,5414799,518.1,449.6,534.9,398.5,526.5,424.05,0,2,534.9,398.5
18,596,5414800,518.1,449.9,534.9,399.3,526.5,424.6,0,2,534.9,399.3
18,597,5414801,518.1,450.0,534.8,400.1,526.45,425.05,0,2,534.8,400.1
18,598,5414802,518.1,449.9,534.2,400.8,526.15,425.35,0,2,534.2,400.8
18,599,5414803,518.4,449.8,533.4,401.2,525.9,425.5,0,2,533.4,401.2
18,600,5414804,518.7,449.8,532.7,401.6,525.7,425.7,0,2,532.7,401.6
19,601,5414805,519.0,449.9,532.1,401.9,525.55,425.9,0,2,532.1,401.9
19,602,5414806,519.2,450.3,531.7,402.2,525.45,426.25,0,2,531.7,402.2
19,603,5414807,519.3,450.8,531.3,402.3,525.3,426.55,0,2,531.3,402.3
19,604,5414808,519.5,451.3,531.1,402.2,525.3,426.75,0,2,531.1,402.2
19,605,5414809,519.5,451.8,531.2,401.8,525.35,426.8,0,2,531.2,401.8
19,606,5414810,519.4,452.3,531.3,401.4,525.35,426.85,0,2,531.3,401.4
19,607,5414811,519.2,452.8,531.6,400.9,525.4,426.85,0,2,531.6,400.9
19,608,5414812,519.0,453.1,531.7,400.5,525.35,426.8,0,2,531.7,400.5
19,609,5414813,518.9,453.2,531.9,400.0,525.4,426.6,0,2,531.9,400.0
19,610,5414814,518.8,453.1,532.0,399.7,525.4,426.4,0,2,532.0,399.7
19,611,5414815,518.8,452.8,532.0,399.6,525.4,426.2,0,2,532.0,399.6
19,612,5414816,518.6,452.6,532.0,399.6,525.3,426.1,0,2,532.0,399.6
19,613,5414817,518.2,452.5,531.8,399.8,525.0,426.15,0,2,531.8,399.8
19,614,5414818,517.8,452.3,531.4,399.9,524.6,426.1,0,2,531.4,399.9
19,615,5414819,517.3,452.0,530.6,400.0,523.95,426.0,0,2,530.6,400.0
19,616,5414820,516.9,451.5,529.9,400.1,523.4,425.8,0,2,529.9,400.1
19,617,5414821,516.5,451.1,529.2,400.1,522.85,425.6,0,2,529.2,400.1
19,618,5414822,516.1,450.8,528.6,400.0,522.35,425.4,0,2,528.6,400.0
19,619,5414823,515.9,450.6,528.2,399.9,522.05,425.25,0,2,528.2,399.9
19,620,5414824,516.0,450.6,527.8,399.7,521.9,425.15,0,2,527.8,399.7
19,621,5414825,516.1,450.7,527.7,399.6,521.9,425.15,0,2,527.7,399.6
19,622,5414826,516.3,450.8,527.8,399.4,522.05,425.1,0,2,527.8,399.4
19,623,5414827,516.4,451.1,528.1,399.3,522.25,425.2,0,2,528.1,399.3
19,624,5414828,516.5,451.5,528.3,399.3,522.4,425.4,0,2,528.3,399.3
19,625,5414829,516.7,451.8,528.5,399.5,522.6,425.65,0,2,528.5,399.5
19,626,5414830,516.7,452.0,528.7,399.9,522.7,425.95,0,2,528.7,399.9
19,627,5414831,516.8,451.7,528.8,400.3,522.8,426.0,0,2,528.8,400.3
19,628,5414832,517.0,451.5,529.0,400.8,523.0,426.15,0,2,529.0,400.8
19,629,5414833,517.1,451.2,529.2,401.3,523.15,426.25,0,2,529.2,401.3
19,630,5414834,517.3,451.0,529.3,401.6,523.3,426.3,0,2,529.3,401.6
19,631,5414835,517.4,450.7,529.3,401.9,523.35,426.3,0,2,529.3,401.9
19,632,5414836,517.5,450.3,529.5,402.1,523.5,426.2,0,2,529.5,402.1
19,633,5414837,517.6,449.8,529.6,402.1,523.6,425.95,0,2,529.6,402.1
20,634,5414838,517.5,449.5,529.7,401.9,523.6,425.7,0,2,529.7,401.9
20,635,5414839,517.2,449.4,529.8,401.7,523.5,425.55,0,2,529.8,401.7
20,636,5414840,516.9,449.2,530.0,401.5,523.45,425.35,0,2,530.0,401.5
20,637,5414841,516.6,449.0,530.2,401.4,523.4,425.2,0,2,530.2,401.4
20,638,5414842,516.2,448.9,530.4,401.3,523.3,425.1,0,2,530.4,401.3
20,639,5414843,515.9,448.9,530.4,401.2,523.15,425.05,0,2,530.4,401.2
20,640,5414844,515.9,449.0,530.4,401.1,523.15,425.05,0,2,530.4,401.1
20,641,5414845,516.0,449.3,530.3,401.0,523.15,425.15,0,2,530.3,401.0
20,642,5414846,516.3,449.6,530.2,401.3,523.25,425.45,0,2,530.2,401.3
20,643,5414847,516.7,449.8,530.4,401.6,523.55,425.7,0,2,530.4,401.6
20,644,5414848,517.2,450.0,530.6,402.2,523.9,426.1,0,2,530.6,402.2
20,645,5414849,517.8,450.1,530.9,403.0,524.35,426.55,0,2,530.9,403.0
20,646,5414850,518.3,450.3,531.3,403.8,524.8,427.05,0,2,531.3,403.8
20,647,5414851,518.5,450.4,531.8,404.6,525.15,427.5,0,2,531.8,404.6
20,648,5414852,518.6,450.4,532.2,404.9,525.4,427.65,0,2,532.2,404.9
20,649,5414853,518.7,450.4,532.6,405.0,525.65,427.7,0,2,532.6,405.0
20,650,5414854,518.7,450.5,532.5,405.1,525.6,427.8,0,2,532.5,405.1
20,651,5414855,518.5,450.6,532.5,404.6,525.5,427.6,0,2,532.5,404.6
20,652,5414856,516.9,450.7,532.3,403.6,524.6,427.15,0,2,532.3,403.6
20,653,5414857,515.4,450.7,532.1,402.6,523.75,426.65,0,2,532.1,402.6
20,654,5414858,512.2,450.9,531.0,401.5,521.6,426.2,0,2,531.0,401.5
20,655,5414859,507.6,451.1,528.8,400.9,518.2,426.0,0,2,528.8,400.9
20,656,5414860,502.2,451.6,525.1,400.9,513.65,426.25,0,2,525.1,400.9
20,657,5414861,495.1,453.2,520.1,400.9,507.6,427.05,0,2,520.1,400.9
20,658,5414862,486.3,455.5,512.4,401.1,499.35,428.3,0,2,512.4,401.1
20,659,5414863,477.1,457.9,503.8,403.1,490.45,430.5,0,2,503.8,403.1
20,660,5414864,465.9,461.0,492.5,405.6,479.2,433.3,0,2,492.5,405.6
20,661,5414865,454.3,464.6,480.1,408.8,467.2,436.7,0,2,480.1,408.8
20,662,5414866,442.9,468.6,467.1,412.0,455.0,440.3,0,2,467.1,412.0
20,663,5414867,431.8,473.1,453.3,414.6,442.55,443.85,0,2,453.3,414.6
20,664,5414868,421.3,477.1,439.0,418.5,430.15,447.8,0,2,439.0,418.5
20,665,5414869,412.3,480.5,426.1,423.6,419.2,452.05,0,2,426.1,423.6
20,666,5414870,404.3,483.9,414.1,428.3,409.2,456.1,0,2,414.1,428.3
21,667,5414871,398.3,486.9,404.8,432.7,401.55,459.8,0,2,404.8,432.7
21,668,5414872,393.3,489.8,397.6,438.4,395.45,464.1,0,2,397.6,438.4
21,669,5414873,389.6,492.2,391.9,444.1,390.75,468.15,0,2,391.9,444.1
21,670,5414874,386.5,493.9,389.9,450.5,388.2,472.2,0,2,389.9,450.5
21,671,5414875,384.5,495.2,390.6,455.6,387.55,475.4,0,2,390.6,455.6
21,672,5414876,382.6,496.1,392.4,459.4,387.5,477.75,0,2,392.4,459.4
21,673,5414877,381.5,497.3,394.4,462.1,387.95,479.7,0,2,394.4,462.1
21,674,5414878,380.3,498.3,396.7,464.3,388.5,481.3,0,2,396.7,464.3
21,675,5414879,379.7,498.9,399.1,464.6,389.4,481.75,0,2,399.1,464.6
21,676,5414880,379.0,499.6,401.5,464.6,390.25,482.1,0,2,401.5,464.6
21,677,5414881,378.0,500.4,402.8,464.1,390.4,482.25,0,2,402.8,464.1
21,678,5414882,377.1,501.2,403.2,463.4,390.15,482.3,0,2,403.2,463.4
21,679,5414883,376.2,502.0,403.6,462.4,389.9,482.2,0,2,403.6,462.4
21,680,5414884,375.4,502.8,403.8,461.5,389.6,482.15,0,2,403.8,461.5
21,681,5414885,374.7,503.4,403.7,461.0,389.2,482.2,0,2,403.7,461.0
21,682,5414886,374.4,504.0,403.5,460.5,388.95,482.25,0,2,403.5,460.5
21,683,5414887,374.0,504.6,403.0,460.4,388.5,482.5,0,2,403.0,460.4
21,684,5414888,374.0,504.8,402.5,460.2,388.25,482.5,0,2,402.5,460.2
21,685,5414889,374.0,505.0,402.0,460.0,388.0,482.5,0,2,402.0,460.0
21,686,5414890,374.0,505.2,401.4,460.8,387.7,483.0,0,2,401.4,460.8
21,687,5414891,374.0,505.5,400.9,462.0,387.45,483.75,0,2,400.9,462.0
21,688,5414892,374.4,505.7,400.4,463.0,387.4,484.35,0,2,400.4,463.0
21,689,5414893,374.7,505.7,400.1,464.3,387.4,485.0,0,2,400.1,464.3
21,690,5414894,375.2,505.8,400.2,465.3,387.7,485.55,0,2,400.2,465.3
21,691,5414895,375.7,505.9,400.3,466.2,388.0,486.05,0,2,400.3,466.2
21,692,5414896,376.1,505.9,400.4,466.9,388.25,486.4,0,2,400.4,466.9
21,693,5414897,376.5,506.0,400.6,466.8,388.55,486.4,0,2,400.6,466.8
21,694,5414898,376.6,506.2,400.4,466.5,388.5,486.35,0,2,400.4,466.5
21,695,5414899,376.5,506.5,400.1,466.3,388.3,486.4,0,2,400.1,466.3
21,696,5414900,376.3,506.7,399.9,465.9,388.1,486.3,0,2,399.9,465.9
21,697,5414901,375.9,506.9,399.6,466.0,387.75,486.45,0,2,399.6,466.0
21,698,5414902,375.6,507.2,399.2,466.1,387.4,486.65,0,2,399.2,466.1
21,699,5414903,375.3,507.4,398.9,466.5,387.1,486.95,0,2,398.9,466.5
21,700,5414904,375.0,507.6,398.2,466.9,386.6,487.25,0,2,398.2,466.9
22,701,5414905,374.8,507.8,397.8,467.5,386.3,487.65,0,2,397.8,467.5
22,702,5414906,374.7,508.3,397.4,468.0,386.05,488.15,0,2,397.4,468.0
22,703,5414907,374.7,508.7,396.6,468.5,385.65,488.6,0,2,396.6,468.5
22,704,5414908,374.7,509.1,395.8,468.6,385.25,488.85,0,2,395.8,468.6
22,705,5414909,374.7,509.5,394.8,468.6,384.75,489.05,0,2,394.8,468.6
22,706,5414910,374.8,509.8,393.6,468.7,384.2,489.25,0,2,393.6,468.7
22,707,5414911,375.0,510.2,392.8,468.9,383.9,489.55,0,2,392.8,468.9
22,708,5414912,375.1,510.5,391.9,469.0,383.5,489.75,0,2,391.9,469.0
22,709,5414913,375.3,510.5,391.2,469.0,383.25,489.75,0,2,391.2,469.0
22,710,5414914,375.5,510.6,390.8,469.0,383.15,489.8,0,2,390.8,469.0
22,711,5414915,375.7,510.7,390.3,468.9,383.0,489.8,0,2,390.3,468.9
22,712,5414916,375.9,510.8,390.0,468.6,382.95,489.7,0,2,390.0,468.6
22,713,5414917,375.9,511.1,389.8,468.3,382.85,489.7,0,2,389.8,468.3
22,714,5414918,376.0,511.2,389.8,467.9,382.9,489.55,0,2,389.8,467.9
22,715,5414919,376.2,511.2,389.7,467.3,382.95,489.25,0,2,389.7,467.3
22,716,5414920,376.2,511.2,389.6,466.8,382.9,489.0,0,2,389.6,466.8
22,717,5414921,376.3,511.1,389.6,466.4,382.95,488.75,0,2,389.6,466.4
22,718,5414922,376.3,511.0,389.2,466.1,382.75,488.55,0,2,389.2,466.1
22,719,5414923,376.3,510.9,388.7,466.3,382.5,488.6,0,2,388.7,466.3
22,720,5414924,376.4,510.6,388.3,466.6,382.35,488.6,0,2,388.3,466.6
22,721,5414925,376.5,510.3,387.8,467.0,382.15,488.65,0,2,387.8,467.0
22,722,5414926,376.6,510.1,387.4,467.6,382.0,488.85,0,2,387.4,467.6
22,723,5414927,376.7,509.5,387.0,468.1,381.85,488.8,0,2,387.0,468.1
22,724,5414928,376.7,509.0,386.5,468.5,381.6,488.75,0,2,386.5,468.5
22,725,5414929,376.8,508.6,386.4,469.0,381.6,488.8,0,2,386.4,469.0
22,726,5414930,376.8,508.4,386.1,469.1,381.45,488.75,0,2,386.1,469.1
22,727,5414931,376.7,508.4,385.7,469.0,381.2,488.7,0,2,385.7,469.0
22,728,5414932,376.8,508.4,385.3,468.7,381.05,488.55,0,2,385.3,468.7
22,729,5414933,376.8,508.3,384.8,468.5,380.8,488.4,0,2,384.8,468.5
22,730,5414934,376.9,508.7,384.4,468.2,380.65,488.45,0,2,384.4,468.2
22,731,5414935,377.1,508.9,384.0,468.0,380.55,488.45,0,2,384.0,468.0
22,732,5414936,377.2,509.1,383.6,467.7,380.4,488.4,0,2,383.6,467.7
22,733,5414937,377.3,509.0,383.3,467.4,380.3,488.2,0,2,383.3,467.4
23,734,5414938,377.3,509.0,383.1,467.4,380.2,488.2,0,2,383.1,467.4
23,735,5414939,377.3,509.0,382.5,467.4,379.9,488.2,0,2,382.5,467.4
23,736,5414940,377.3,509.1,381.9,467.4,379.6,488.25,0,2,381.9,467.4
23,737,5414941,377.2,509.1,381.3,467.4,379.25,488.25,0,2,381.3,467.4
23,738,5414942,377.2,509.2,380.8,467.5,379.0,488.35,0,2,380.8,467.5
23,739,5414943,377.2,509.4,380.3,467.8,378.75,488.6,0,2,380.3,467.8
23,740,5414944,377.3,509.5,379.9,468.2,378.6,488.85,0,2,379.9,468.2
23,741,5414945,377.3,509.6,379.4,468.9,378.35,489.25,0,2,379.4,468.9
23,742,5414946,377.2,510.0,379.3,469.5,378.25,489.75,0,2,379.3,469.5
23,743,5414947,377.2,510.6,379.3,470.0,378.25,490.3,0,2,379.3,470.0
23,744,5414948,377.0,511.3,379.3,470.5,378.15,490.9,0,2,379.3,470.5
23,745,5414949,376.9,511.8,379.2,470.9,378.05,491.35,0,2,379.2,470.9
23,746,5414950,376.7,512.2,379.2,471.1,377.95,491.65,0,2,379.2,471.1
23,747,5414951,376.6,512.5,379.2,471.3,377.9,491.9,0,2,379.2,471.3
23,748,5414952,376.4,512.9,379.3,471.4,377.85,492.15,0,2,379.3,471.4
23,749,5414953,376.3,512.9,379.3,471.4,377.8,492.15,0,2,379.3,471.4
23,750,5414954,376.3,512.8,379.4,471.8,377.85,492.3,0,2,379.4,471.8
23,751,5414955,376.4,512.8,379.4,472.1,377.9,492.45,0,2,379.4,472.1
23,752,5414956,376.5,513.0,379.4,472.6,377.95,492.8,0,2,379.4,472.6
23,753,5414957,376.7,513.3,379.3,472.2,378.0,492.75,0,2,379.3,472.2
23,754,5414958,376.9,513.7,379.3,471.7,378.1,492.7,0,2,379.3,471.7
23,755,5414959,377.1,514.0,379.1,471.2,378.1,492.6,0,2,379.1,471.2
23,756,5414960,377.2,514.3,379.0,470.8,378.1,492.55,0,2,379.0,470.8
23,757,5414961,377.3,514.5,378.9,470.4,378.1,492.45,0,2,378.9,470.4
23,758,5414962,377.3,514.8,378.9,470.0,378.1,492.4,0,2,378.9,470.0
23,759,5414963,377.3,515.3,378.7,469.7,378.0,492.5,0,2,378.7,469.7
23,760,5414964,377.3,515.8,378.5,470.1,377.9,492.95,0,2,378.5,470.1
23,761,5414965,377.2,516.3,378.3,470.4,377.75,493.35,0,2,378.3,470.4
23,762,5414966,377.2,516.9,378.3,470.7,377.75,493.8,0,2,378.3,470.7
23,763,5414967,377.1,517.5,378.1,470.8,377.6,494.15,0,2,378.1,470.8
23,764,5414968,377.0,518.2,377.8,470.8,377.4,494.5,0,2,377.8,470.8
23,765,5414969,377.0,518.7,377.5,470.7,377.25,494.7,0,2,377.5,470.7
23,766,5414970,376.9,518.9,377.1,470.7,377.0,494.8,0,2,377.1,470.7
24,767,5414971,376.9,519.2,376.9,470.7,376.9,494.95,0,2,376.9,470.7
24,768,5414972,376.4,519.5,376.7,470.7,376.55,495.1,0,2,376.7,470.7
24,769,5414973,375.8,519.8,376.7,470.8,376.25,495.3,0,2,376.7,470.8
24,770,5414974,375.2,520.1,376.7,470.9,375.95,495.5,0,2,376.7,470.9
24,771,5414975,374.7,520.3,376.7,471.0,375.7,495.65,0,2,376.7,471.0
24,772,5414976,374.3,520.6,376.7,471.1,375.5,495.85,0,2,376.7,471.1
24,773,5414977,374.0,521.0,376.8,471.2,375.4,496.1,0,2,376.8,471.2
24,774,5414978,373.8,521.4,376.9,471.3,375.35,496.35,0,2,376.9,471.3
24,775,5414979,374.1,522.1,377.1,471.5,375.6,496.8,0,2,377.1,471.5
24,776,5414980,374.4,522.6,377.1,471.7,375.75,497.15,0,2,377.1,471.7
24,777,5414981,374.8,523.1,377.3,472.2,376.05,497.65,0,2,377.3,472.2
24,778,5414982,375.0,523.4,377.4,473.1,376.2,498.25,0,2,377.4,473.1
24,779,5414983,375.2,523.3,377.6,474.0,376.4,498.65,0,2,377.6,474.0
24,780,5414984,375.3,523.1,377.8,474.9,376.55,499.0,0,2,377.8,474.9
24,781,5414985,375.5,522.9,378.1,475.4,376.8,499.15,0,2,378.1,475.4
24,782,5414986,375.6,522.5,378.3,475.9,376.95,499.2,0,2,378.3,475.9
24,783,5414987,375.7,522.4,378.5,476.3,377.1,499.35,0,2,378.5,476.3
24,784,5414988,375.8,522.5,378.6,476.5,377.2,499.5,0,2,378.6,476.5
24,785,5414989,375.8,522.7,378.7,476.3,377.25,499.5,0,2,378.7,476.3
24,786,5414990,375.8,523.1,378.7,476.1,377.25,499.6,0,2,378.7,476.1
24,787,5414991,375.9,523.5,378.8,475.9,377.35,499.7,0,2,378.8,475.9
24,788,5414992,376.0,524.0,378.8,476.3,377.4,500.15,0,2,378.8,476.3
24,789,5414993,376.3,524.4,378.9,476.8,377.6,500.6,0,2,378.9,476.8
24,790,5414994,376.4,524.6,378.9,477.2,377.65,500.9,0,2,378.9,477.2
24,791,5414995,376.6,524.5,379.0,477.7,377.8,501.1,0,2,379.0,477.7
24,792,5414996,376.7,524.4,379.0,478.1,377.85,501.25,0,2,379.0,478.1
24,793,5414997,376.8,524.2,379.0,478.6,377.9,501.4,0,2,379.0,478.6
24,794,5414998,376.9,524.1,379.1,479.2,378.0,501.65,0,2,379.1,479.2
24,795,5414999,376.9,524.0,379.1,480.2,378.0,502.1,0,2,379.1,480.2
24,796,5415000,376.8,523.9,379.3,481.0,378.05,502.45,0,2,379.3,481.0
24,797,5415001,376.9,523.8,379.5,482.2,378.2,503.0,0,2,379.5,482.2
24,798,5415002,376.9,523.8,379.7,483.2,378.3,503.5,0,2,379.7,483.2
24,799,5415003,377.0,523.8,380.0,484.2,378.5,504.0,0,2,380.0,484.2
24,800,5415004,377.0,523.9,380.3,485.1,378.65,504.5,0,2,380.3,485.1
25,801,5415005,377.1,524.0,380.6,485.8,378.85,504.9,0,2,380.6,485.8
25,802,5415006,377.1,524.1,380.9,486.1,379.0,505.1,0,2,380.9,486.1
25,803,5415007,377.2,524.2,381.2,486.4,379.2,505.3,0,2,381.2,486.4
25,804,5415008,377.2,524.6,381.5,486.4,379.35,505.5,0,2,381.5,486.4
25,805,5415009,377.2,525.1,381.9,486.6,379.55,505.85,0,2,381.9,486.6
25,806,5415010,377.1,525.6,382.2,486.8,379.65,506.2,0,2,382.2,486.8
25,807,5415011,376.7,526.1,382.4,487.0,379.55,506.55,0,2,382.4,487.0
25,808,5415012,376.2,526.5,382.6,487.1,379.4,506.8,0,2,382.6,487.1
25,809,5415013,375.8,527.0,382.8,487.3,379.3,507.15,0,2,382.8,487.3
25,810,5415014,375.5,527.4,382.7,487.3,379.1,507.35,0,2,382.7,487.3
25,811,5415015,375.5,527.3,382.4,487.3,378.95,507.3,0,2,382.4,487.3
25,812,5415016,375.6,527.3,382.2,486.9,378.9,507.1,0,2,382.2,486.9
25,813,5415017,375.8,527.2,381.9,486.6,378.85,506.9,0,2,381.9,486.6
25,814,5415018,376.2,527.1,381.6,486.3,378.9,506.7,0,2,381.6,486.3
25,815,5415019,376.4,527.0,381.3,486.1,378.85,506.55,0,2,381.3,486.1
25,816,5415020,376.6,526.9,381.1,485.9,378.85,506.4,0,2,381.1,485.9
25,817,5415021,376.7,526.8,380.9,485.7,378.8,506.25,0,2,380.9,485.7
25,818,5415022,376.4,526.6,380.7,485.7,378.55,506.15,0,2,380.7,485.7
25,819,5415023,376.2,526.3,380.5,485.5,378.35,505.9,0,2,380.5,485.5
25,820,5415024,375.8,526.0,380.3,485.3,378.05,505.65,0,2,380.3,485.3
25,821,5415025,375.5,525.7,380.1,484.9,377.8,505.3,0,2,380.1,484.9
25,822,5415026,375.5,525.4,379.9,484.6,377.7,505.0,0,2,379.9,484.6
25,823,5415027,375.4,525.0,379.8,484.4,377.6,504.7,0,2,379.8,484.4
25,824,5415028,375.3,524.7,379.7,484.0,377.5,504.35,0,2,379.7,484.0
25,825,5415029,375.2,524.9,379.6,483.3,377.4,504.1,0,2,379.6,483.3
25,826,5415030,375.2,525.5,379.5,482.6,377.35,504.05,0,2,379.5,482.6
25,827,5415031,375.1,526.2,379.3,481.7,377.2,503.95,0,2,379.3,481.7
25,828,5415032,375.1,527.1,379.2,480.9,377.15,504.0,0,2,379.2,480.9
25,829,5415033,375.2,528.3,379.0,480.1,377.1,504.2,0,2,379.0,480.1
25,830,5415034,375.3,529.4,378.8,478.5,377.05,503.95,0,2,378.8,478.5
25,831,5415035,375.4,530.5,378.6,476.8,377.0,503.65,0,2,378.6,476.8
25,832,5415036,375.4,531.0,378.5,475.4,376.95,503.2,0,2,378.5,475.4
25,833,5415037,375.5,531.3,378.5,474.1,377.0,502.7,0,2,378.5,474.1
26,834,5415038,375.6,531.4,379.0,472.9,377.3,502.15,0,2,379.0,472.9
26,835,5415039,375.9,531.5,379.5,471.6,377.7,501.55,0,2,379.5,471.6
26,836,5415040,376.1,531.0,380.1,470.0,378.1,500.5,0,2,380.1,470.0
26,837,5415041,376.3,530.6,380.6,469.3,378.45,499.95,0,2,380.6,469.3
26,838,5415042,376.4,530.2,381.3,468.5,378.85,499.35,0,2,381.3,468.5
26,839,5415043,376.5,529.8,382.0,467.7,379.25,498.75,0,2,382.0,467.7
26,840,5415044,376.6,529.4,382.8,466.6,379.7,498.0,0,2,382.8,466.6
26,841,5415045,376.6,529.2,383.2,465.7,379.9,497.45,0,2,383.2,465.7
26,842,5415046,376.4,528.8,383.6,464.8,380.0,496.8,0,2,383.6,464.8
26,843,5415047,376.3,528.5,384.1,464.2,380.2,496.35,0,2,384.1,464.2
26,844,5415048,376.3,528.3,384.3,463.7,380.3,496.0,0,2,384.3,463.7
26,845,5415049,376.3,528.0,384.3,463.2,380.3,495.6,0,2,384.3,463.2
26,846,5415050,376.3,528.2,383.5,462.7,379.9,495.45,0,2,383.5,462.7
26,847,5415051,376.5,528.5,382.5,462.5,379.5,495.5,0,2,382.5,462.5
26,848,5415052,376.6,528.7,381.5,462.4,379.05,495.55,0,2,381.5,462.4
26,849,5415053,376.7,529.3,380.4,462.4,378.55,495.85,0,2,380.4,462.4
26,850,5415054,376.8,529.8,379.3,462.4,378.05,496.1,0,2,379.3,462.4
26,851,5415055,376.8,530.4,378.3,462.3,377.55,496.35,0,2,378.3,462.3
26,852,5415056,376.9,531.1,377.4,462.3,377.15,496.7,0,2,377.4,462.3
26,853,5415057,376.9,531.5,376.8,462.5,376.85,497.0,0,2,376.8,462.5
26,854,5415058,377.0,531.9,376.4,462.8,376.7,497.35,0,2,376.4,462.8
26,855,5415059,377.1,532.4,376.0,463.1,376.55,497.75,0,2,376.0,463.1
26,856,5415060,377.2,532.7,375.6,463.4,376.4,498.05,0,2,375.6,463.4
26,857,5415061,377.3,533.1,375.2,463.6,376.25,498.35,0,2,375.2,463.6
26,858,5415062,377.4,533.5,374.8,463.8,376.1,498.65,0,2,374.8,463.8
26,859,5415063,377.4,533.8,375.0,463.9,376.2,498.85,0,2,375.0,463.9
26,860,5415064,377.4,533.9,375.4,464.0,376.4,498.95,0,2,375.4,464.0
26,861,5415065,377.3,533.6,376.1,463.9,376.7,498.75,0,2,376.1,463.9
26,862,5415066,377.2,533.3,376.8,464.0,377.0,498.65,0,2,376.8,464.0
26,863,5415067,377.0,532.9,377.6,464.2,377.3,498.55,1,2,377.6,464.2
26,864,5415068,376.7,532.3,378.4,464.4,377.55,498.35,0,2,378.4,464.4
26,865,5415069,376.4,531.6,379.2,464.5,377.8,498.05,0,2,379.2,464.5
26,866,5415070,376.1,531.0,379.5,464.6,377.8,497.8,0,2,379.5,464.6
27,867,5415071,375.9,530.5,379.5,463.8,377.7,497.15,0,2,379.5,463.8
27,868,5415072,375.6,530.3,379.2,462.8,377.4,496.55,0,2,379.2,462.8
27,869,5415073,375.4,530.1,378.6,461.6,377.0,495.85,0,2,378.6,461.6
27,870,5415074,375.3,529.9,377.7,460.2,376.5,495.05,1,2,377.7,460.2
27,871,5415075,375.3,529.8,376.8,458.9,376.05,494.35,0,2,376.8,458.9
27,872,5415076,375.2,529.9,375.9,457.6,375.55,493.75,0,2,375.9,457.6
27,873,5415077,375.2,530.3,375.0,456.4,375.1,493.35,0,2,375.0,456.4
27,874,5415078,375.2,530.6,374.5,456.1,374.85,493.35,0,2,374.5,456.1
27,875,5415079,375.2,530.9,374.0,456.7,374.6,493.8,0,2,374.0,456.7
27,876,5415080,375.3,531.0,374.3,457.3,374.8,494.15,0,2,374.3,457.3
27,877,5415081,375.6,530.8,375.7,458.5,375.65,494.65,0,2,375.7,458.5
27,878,5415082,376.1,530.5,377.8,459.5,376.95,495.0,1,2,377.8,459.5
27,879,5415083,378.0,530.2,380.3,460.1,379.15,495.15,0,2,380.3,460.1
27,880,5415084,379.9,528.7,384.9,459.5,382.4,494.1,0,2,384.9,459.5
27,881,5415085,382.6,526.3,390.5,458.4,386.55,492.35,0,2,390.5,458.4
27,882,5415086,386.9,522.8,397.5,455.2,392.2,489.0,0,2,397.5,455.2
27,883,5415087,391.8,518.1,406.9,452.0,399.35,485.05,0,2,406.9,452.0
27,884,5415088,397.5,512.3,416.6,446.1,407.05,479.2,0,2,416.6,446.1
27,885,5415089,405.2,504.5,428.2,439.5,416.7,472.0,0,2,428.2,439.5
27,886,5415090,412.6,496.5,441.3,432.1,426.95,464.3,1,2,441.3,432.1
27,887,5415091,420.7,486.6,454.1,422.4,437.4,454.5,0,2,454.1,422.4
27,888,5415092,428.6,476.5,467.9,412.6,448.25,444.55,0,2,467.9,412.6
27,889,5415093,436.2,466.9,481.0,402.3,458.6,434.6,0,2,481.0,402.3
27,890,5415094,443.9,457.5,491.5,390.5,467.7,424.0,0,2,491.5,390.5
27,891,5415095,452.1,448.6,501.4,380.9,476.75,414.75,0,2,501.4,380.9
27,892,5415096,457.9,441.5,509.0,371.3,483.45,406.4,0,2,509.0,371.3
27,893,5415097,463.0,434.7,515.0,362.7,489.0,398.7,0,2,515.0,362.7
27,894,5415098,467.6,430.6,519.3,357.7,493.45,394.15,0,2,519.3,357.7
27,895,5415099,472.7,428.9,521.9,353.8,497.3,391.35,0,2,521.9,353.8
27,896,5415100,477.6,428.2,524.3,352.0,500.95,390.1,0,2,524.3,352.0
27,897,5415101,481.8,429.7,526.5,352.9,504.15,391.3,0,2,526.5,352.9
27,898,5415102,485.4,432.3,529.1,354.1,507.25,393.2,0,2,529.1,354.1
27,899,5415103,490.0,434.9,531.9,356.5,510.95,395.7,0,2,531.9,356.5
27,900,5415104,495.5,437.6,534.2,359.0,514.85,398.3,0,2,534.2,359.0
28,901,5415105,500.7,440.0,537.8,362.0,519.25,401.0,0,2,537.8,362.0
28,902,5415106,505.8,441.2,541.9,364.7,523.85,402.95,1,2,541.9,364.7
28,903,5415107,510.7,441.7,546.1,366.9,528.4,404.3,0,2,546.1,366.9
28,904,5415108,517.4,441.4,551.4,367.5,534.4,404.45,0,2,551.4,367.5
28,905,5415109,523.8,440.1,557.1,367.0,540.45,403.55,0,2,557.1,367.0
28,906,5415110,530.2,437.1,563.7,364.6,546.95,400.85,0,2,563.7,364.6
28,907,5415111,537.1,433.8,571.5,361.9,554.3,397.85,0,2,571.5,361.9
28,908,5415112,543.7,430.6,579.3,358.5,561.5,394.55,0,2,579.3,358.5
28,909,5415113,549.8,427.6,586.4,354.6,568.1,391.1,0,2,586.4,354.6
28,910,5415114,554.9,424.7,592.9,350.6,573.9,387.65,1,2,592.9,350.6
28,911,5415115,558.9,422.0,598.5,346.9,578.7,384.45,0,2,598.5,346.9
28,912,5415116,562.5,420.4,602.7,344.0,582.6,382.2,0,2,602.7,344.0
28,913,5415117,566.0,420.8,605.5,342.5,585.75,381.65,0,2,605.5,342.5
28,914,5415118,568.2,421.7,607.2,341.3,587.7,381.5,0,2,607.2,341.3
28,915,5415119,570.3,422.7,607.5,340.2,588.9,381.45,0,2,607.5,340.2
28,916,5415120,571.8,424.0,606.8,339.7,589.3,381.85,0,2,606.8,339.7
28,917,5415121,573.4,425.4,605.8,340.1,589.6,382.75,1,2,605.8,340.1
28,918,5415122,574.0,426.7,604.4,341.6,589.2,384.15,0,2,604.4,341.6
28,919,5415123,574.4,427.6,602.3,343.2,588.35,385.4,0,2,602.3,343.2
28,920,5415124,573.0,428.3,599.8,346.0,586.4,387.15,0,2,599.8,346.0
28,921,5415125,571.6,428.7,597.4,348.9,584.5,388.8,0,2,597.4,348.9
28,922,5415126,570.3,429.2,594.0,352.0,582.15,390.6,0,2,594.0,352.0
28,923,5415127,569.1,429.4,591.4,355.4,580.25,392.4,0,2,591.4,355.4
28,924,5415128,567.8,429.5,588.9,358.2,578.35,393.85,0,2,588.9,358.2
28,925,5415129,566.3,429.4,586.7,360.0,576.5,394.7,1,2,586.7,360.0
28,926,5415130,565.0,429.4,585.4,361.8,575.2,395.6,0,2,585.4,361.8
28,927,5415131,564.5,428.9,584.3,362.7,574.4,395.8,0,2,584.3,362.7
28,928,5415132,564.3,428.2,583.7,363.5,574.0,395.85,0,2,583.7,363.5
28,929,5415133,564.1,427.7,584.1,364.2,574.1,395.95,0,2,584.1,364.2
28,930,5415134,564.0,427.4,585.5,365.2,574.75,396.3,0,2,585.5,365.2
28,931,5415135,564.6,427.4,586.9,366.0,575.75,396.7,0,2,586.9,366.0
28,932,5415136,566.0,427.5,588.2,367.4,577.1,397.45,0,2,588.2,367.4
28,933,5415137,567.3,427.6,590.0,368.7,578.65,398.15,0,2,590.0,368.7
29,934,5415138,568.6,428.1,591.8,370.1,580.2,399.1,0,2,591.8,370.1
29,935,5415139,569.6,428.8,593.1,371.4,581.35,400.1,0,2,593.1,371.4
29,936,5415140,570.5,429.3,594.2,372.8,582.35,401.05,1,2,594.2,372.8
29,937,5415141,571.5,429.7,594.4,373.6,582.95,401.65,0,2,594.4,373.6
29,938,5415142,571.7,429.6,594.7,374.7,583.2,402.15,0,2,594.7,374.7
29,939,5415143,571.5,429.1,595.1,375.3,583.3,402.2,0,2,595.1,375.3
29,940,5415144,571.1,428.5,594.8,375.8,582.95,402.15,0,2,594.8,375.8
29,941,5415145,570.7,427.9,594.4,376.4,582.55,402.15,0,2,594.4,376.4
29,942,5415146,570.3,427.2,593.7,376.9,582.0,402.05,0,2,593.7,376.9
29,943,5415147,569.7,426.6,593.1,377.2,581.4,401.9,0,2,593.1,377.2
29,944,5415148,569.2,426.2,592.6,377.2,580.9,401.7,1,2,592.6,377.2
29,945,5415149,568.8,425.9,592.0,376.9,580.4,401.4,0,2,592.0,376.9
29,946,5415150,568.5,426.1,591.4,376.5,579.95,401.3,0,2,591.4,376.5
29,947,5415151,568.4,426.5,590.9,375.9,579.65,401.2,0,2,590.9,375.9
29,948,5415152,568.3,427.0,590.5,375.3,579.4,401.15,0,2,590.5,375.3
29,949,5415153,568.2,427.5,590.5,374.5,579.35,401.0,0,2,590.5,374.5
29,950,5415154,568.3,427.9,590.7,373.5,579.5,400.7,0,2,590.7,373.5
29,951,5415155,568.5,428.2,590.9,372.1,579.7,400.15,1,2,590.9,372.1
29,952,5415156,568.6,428.3,591.3,370.7,579.95,399.5,0,2,591.3,370.7
29,953,5415157,568.7,428.2,591.8,369.3,580.25,398.75,0,2,591.8,369.3
29,954,5415158,568.7,427.8,592.4,368.2,580.55,398.0,0,2,592.4,368.2
29,955,5415159,568.8,427.4,593.1,367.0,580.95,397.2,0,2,593.1,367.0
29,956,5415160,568.9,427.0,593.7,365.9,581.3,396.45,0,2,593.7,365.9
29,957,5415161,568.9,426.6,594.5,364.8,581.7,395.7,0,2,594.5,364.8
29,958,5415162,568.9,426.2,595.2,363.6,582.05,394.9,1,2,595.2,363.6
29,959,5415163,569.0,425.8,596.0,362.5,582.5,394.15,0,2,596.0,362.5
29,960,5415164,569.2,425.6,596.6,361.2,582.9,393.4,0,2,596.6,361.2
29,961,5415165,569.2,425.4,597.2,360.0,583.2,392.7,0,2,597.2,360.0
29,962,5415166,569.1,425.3,597.6,358.9,583.35,392.1,0,2,597.6,358.9
29,963,5415167,569.1,425.2,598.0,357.6,583.55,391.4,0,2,598.0,357.6
29,964,5415168,569.1,425.1,598.2,356.6,583.65,390.85,0,2,598.2,356.6
29,965,5415169,569.3,425.2,598.4,356.4,583.85,390.8,1,2,598.4,356.4
29,966,5415170,569.4,425.7,598.3,356.1,583.85,390.9,0,2,598.3,356.1
30,967,5415171,569.6,426.4,598.0,355.9,583.8,391.15,0,2,598.0,355.9
30,968,5415172,570.2,427.0,597.5,355.7,583.85,391.35,0,2,597.5,355.7
30,969,5415173,571.0,427.6,596.6,355.4,583.8,391.5,0,2,596.6,355.4
30,970,5415174,571.7,428.2,595.7,355.1,583.7,391.65,0,2,595.7,355.1
30,971,5415175,572.4,428.7,594.9,355.0,583.65,391.85,0,2,594.9,355.0
30,972,5415176,572.9,429.0,594.1,354.9,583.5,391.95,0,2,594.1,354.9
30,973,5415177,573.3,428.6,593.3,355.0,583.3,391.8,0,2,593.3,355.0
30,974,5415178,573.6,428.1,593.0,355.3,583.3,391.7,0,2,593.0,355.3
30,975,5415179,573.4,427.7,592.8,355.7,583.1,391.7,0,2,592.8,355.7
30,976,5415180,573.2,427.3,593.2,356.3,583.2,391.8,0,2,593.2,356.3
30,977,5415181,572.8,426.9,593.6,357.2,583.2,392.05,0,2,593.6,357.2
30,978,5415182,572.3,426.6,594.0,358.0,583.15,392.3,0,2,594.0,358.0
30,979,5415183,571.9,426.4,594.6,359.1,583.25,392.75,0,2,594.6,359.1
30,980,5415184,571.4,426.3,595.2,359.9,583.3,393.1,1,2,595.2,359.9
30,981,5415185,570.9,426.3,595.5,360.6,583.2,393.45,0,2,595.5,360.6
30,982,5415186,570.6,426.2,595.7,361.1,583.15,393.65,0,2,595.7,361.1
30,983,5415187,570.4,426.0,595.9,361.5,583.15,393.75,0,2,595.9,361.5
30,984,5415188,570.4,425.9,596.0,361.6,583.2,393.75,0,2,596.0,361.6
30,985,5415189,570.5,425.8,596.1,361.9,583.3,393.85,0,2,596.1,361.9
30,986,5415190,570.6,425.7,596.0,362.1,583.3,393.9,0,2,596.0,362.1
30,987,5415191,570.8,425.7,595.7,362.7,583.25,394.2,1,2,595.7,362.7
30,988,5415192,571.0,425.7,595.1,363.4,583.05,394.55,0,2,595.1,363.4
30,989,5415193,571.2,425.6,594.6,364.1,582.9,394.85,0,2,594.6,364.1
30,990,5415194,571.3,425.4,594.1,364.9,582.7,395.15,0,2,594.1,364.9
30,991,5415195,571.3,425.3,593.7,366.0,582.5,395.65,0,2,593.7,366.0
30,992,5415196,571.3,425.2,593.8,367.1,582.55,396.15,0,2,593.8,367.1
30,993,5415197,571.2,425.4,594.0,368.4,582.6,396.9,0,2,594.0,368.4
30,994,5415198,571.0,425.5,594.3,369.3,582.65,397.4,0,2,594.3,369.3
30,995,5415199,570.9,425.6,594.9,370.3,582.9,397.95,1,2,594.9,370.3
30,996,5415200,570.9,425.7,595.4,371.3,583.15,398.5,0,2,595.4,371.3
30,997,5415201,571.2,426.0,595.8,372.4,583.5,399.2,0,2,595.8,372.4
30,998,5415202,571.6,426.1,596.0,373.4,583.8,399.75,0,2,596.0,373.4
30,999,5415203,571.9,426.3,595.4,374.6,583.65,400.45,0,2,595.4,374.6
30,1000,5415204,572.3,426.2,594.9,375.5,583.6,400.85,0,2,594.9,375.5
31,1001,5415205,572.6,426.2,594.4,376.4,583.5,401.3,0,2,594.4,376.4
31,1002,5415206,572.8,426.3,593.8,377.2,583.3,401.75,1,2,593.8,377.2
31,1003,5415207,572.8,426.4,593.4,378.1,583.1,402.25,0,2,593.4,378.1
31,1004,5415208,572.6,426.7,593.0,378.9,582.8,402.8,0,2,593.0,378.9
31,1005,5415209,572.3,426.8,592.9,379.1,582.6,402.95,0,2,592.9,379.1
31,1006,5415210,572.0,426.9,592.8,379.0,582.4,402.95,0,2,592.8,379.0
31,1007,5415211,571.7,427.0,592.8,378.6,582.25,402.8,0,2,592.8,378.6
31,1008,5415212,571.5,426.9,592.8,378.3,582.15,402.6,0,2,592.8,378.3
31,1009,5415213,571.4,426.5,592.8,378.1,582.1,402.3,0,2,592.8,378.1
31,1010,5415214,571.4,426.1,592.8,378.5,582.1,402.3,0,2,592.8,378.5
31,1011,5415215,571.5,425.8,592.8,379.0,582.15,402.4,0,2,592.8,379.0
31,1012,5415216,571.5,425.6,592.7,379.7,582.1,402.65,0,2,592.7,379.7
31,1013,5415217,571.4,425.3,592.7,380.5,582.05,402.9,0,2,592.7,380.5
31,1014,5415218,571.3,424.8,592.6,381.3,581.95,403.05,0,2,592.6,381.3
31,1015,5415219,570.8,424.4,592.7,380.8,581.75,402.6,0,2,592.7,380.8
31,1016,5415220,570.3,424.2,592.8,380.1,581.55,402.15,0,2,592.8,380.1
31,1017,5415221,569.8,423.9,593.0,378.7,581.4,401.3,1,2,593.0,378.7
31,1018,5415222,569.4,423.6,593.4,376.7,581.4,400.15,0,2,593.4,376.7
31,1019,5415223,569.1,423.3,594.3,374.8,581.7,399.05,0,2,594.3,374.8
31,1020,5415224,568.9,423.0,595.3,373.0,582.1,398.0,0,2,595.3,373.0
31,1021,5415225,568.9,422.9,596.3,371.4,582.6,397.15,0,2,596.3,371.4
31,1022,5415226,569.1,422.8,597.1,371.0,583.1,396.9,0,2,597.1,371.0
31,1023,5415227,569.3,422.5,596.5,370.8,582.9,396.65,0,2,596.5,370.8
31,1024,5415228,569.5,422.2,595.8,370.5,582.65,396.35,0,2,595.8,370.5
31,1025,5415229,569.5,421.9,594.8,370.5,582.15,396.2,1,2,594.8,370.5
31,1026,5415230,569.4,421.6,593.2,370.5,581.3,396.05,0,2,593.2,370.5
31,1027,5415231,569.3,421.4,591.6,370.3,580.45,395.85,0,2,591.6,370.3
31,1028,5415232,569.3,421.4,590.4,369.8,579.85,395.6,0,2,590.4,369.8
31,1029,5415233,569.2,421.4,590.1,369.3,579.65,395.35,0,2,590.1,369.3
31,1030,5415234,569.6,421.4,591.1,368.2,580.35,394.8,0,2,591.1,368.2
31,1031,5415235,570.0,421.4,592.1,367.1,581.05,394.25,0,2,592.1,367.1
31,1032,5415236,570.5,421.4,593.2,366.2,581.85,393.8,0,2,593.2,366.2
31,1033,5415237,571.0,421.4,594.2,365.3,582.6,393.35,1,2,594.2,365.3
32,1034,5415238,571.4,421.5,594.3,364.5,582.85,393.0,0,2,594.3,364.5
32,1035,5415239,571.8,421.4,594.1,363.9,582.95,392.65,0,2,594.1,363.9
32,1036,5415240,572.2,421.4,593.1,363.5,582.65,392.45,0,2,593.1,363.5
32,1037,5415241,572.2,421.1,592.3,363.4,582.25,392.25,0,2,592.3,363.4
32,1038,5415242,572.2,420.8,592.3,363.3,582.25,392.05,0,2,592.3,363.3
32,1039,5415243,572.1,420.4,592.5,362.8,582.3,391.6,0,2,592.5,362.8
32,1040,5415244,572.1,420.0,592.8,362.3,582.45,391.15,0,2,592.8,362.3
32,1041,5415245,572.1,419.5,593.8,361.8,582.95,390.65,0,2,593.8,361.8
32,1042,5415246,572.1,419.1,595.0,361.3,583.55,390.2,0,2,595.0,361.3
32,1043,5415247,572.1,418.6,596.1,360.7,584.1,389.65,0,2,596.1,360.7
32,1044,5415248,572.2,418.5,597.0,360.1,584.6,389.3,0,2,597.0,360.1
32,1045,5415249,572.3,418.4,597.1,359.6,584.7,389.0,0,2,597.1,359.6
32,1046,5415250,572.5,418.5,596.6,359.3,584.55,388.9,0,2,596.6,359.3
32,1047,5415251,573.3,418.7,596.1,359.1,584.7,388.9,0,2,596.1,359.1
32,1048,5415252,574.0,419.1,595.6,358.9,584.8,389.0,1,2,595.6,358.9
32,1049,5415253,574.7,419.3,595.1,358.7,584.9,389.0,0,2,595.1,358.7
32,1050,5415254,575.4,419.5,594.5,358.6,584.95,389.05,0,2,594.5,358.6
32,1051,5415255,575.8,419.7,594.3,358.2,585.05,388.95,0,2,594.3,358.2
32,1052,5415256,576.1,419.8,594.4,357.8,585.25,388.8,0,2,594.4,357.8
32,1053,5415257,576.2,419.7,595.1,356.7,585.65,388.2,0,2,595.1,356.7
32,1054,5415258,575.9,419.6,596.0,355.7,585.95,387.65,0,2,596.0,355.7
32,1055,5415259,575.5,419.6,596.9,354.8,586.2,387.2,0,2,596.9,354.8
32,1056,5415260,575.2,419.8,597.9,353.8,586.55,386.8,0,2,597.9,353.8
32,1057,5415261,574.8,420.4,598.8,353.6,586.8,387.0,1,2,598.8,353.6
32,1058,5415262,574.6,421.4,599.4,353.6,587.0,387.5,0,2,599.4,353.6
32,1059,5415263,574.6,422.4,599.7,353.7,587.15,388.05,0,2,599.7,353.7
32,1060,5415264,574.5,423.4,599.7,354.3,587.1,388.85,0,2,599.7,354.3
32,1061,5415265,574.4,424.4,599.6,354.8,587.0,389.6,0,2,599.6,354.8
32,1062,5415266,574.3,425.3,599.4,355.4,586.85,390.35,0,2,599.4,355.4
32,1063,5415267,574.2,426.0,599.1,356.0,586.65,391.0,0,2,599.1,356.0
32,1064,5415268,573.4,426.2,598.6,356.1,586.0,391.15,0,2,598.6,356.1
32,1065,5415269,572.6,425.9,598.2,356.1,585.4,391.0,0,2,598.2,356.1
32,1066,5415270,571.8,425.5,598.0,356.3,584.9,390.9,1,2,598.0,356.3
33,1067,5415271,571.0,425.2,597.9,356.4,584.45,390.8,0,2,597.9,356.4
33,1068,5415272,570.1,424.8,597.8,356.6,583.95,390.7,0,2,597.8,356.6
33,1069,5415273,569.4,424.5,597.8,356.9,583.6,390.7,0,2,597.8,356.9
33,1070,5415274,568.8,424.2,598.0,357.0,583.4,390.6,0,2,598.0,357.0
33,1071,5415275,569.2,424.0,598.7,356.5,583.95,390.25,0,2,598.7,356.5
33,1072,5415276,570.1,423.9,599.4,355.9,584.75,389.9,0,2,599.4,355.9
33,1073,5415277,571.1,423.8,600.0,355.2,585.55,389.5,1,2,600.0,355.2
33,1074,5415278,572.2,423.7,600.6,354.5,586.4,389.1,0,2,600.6,354.5
33,1075,5415279,573.3,423.7,601.2,353.8,587.25,388.75,0,2,601.2,353.8
33,1076,5415280,574.3,424.2,601.7,353.1,588.0,388.65,0,2,601.7,353.1
33,1077,5415281,575.3,424.7,602.0,352.4,588.65,388.55,0,2,602.0,352.4
33,1078,5415282,575.9,425.2,602.0,352.3,588.95,388.75,0,2,602.0,352.3
33,1079,5415283,575.9,425.8,601.9,352.6,588.9,389.2,0,2,601.9,352.6
33,1080,5415284,575.7,426.4,601.7,353.4,588.7,389.9,0,2,601.7,353.4
33,1081,5415285,575.2,427.0,601.4,354.3,588.3,390.65,0,2,601.4,354.3
33,1082,5415286,574.7,427.6,601.0,355.9,587.85,391.75,0,2,601.0,355.9
33,1083,5415287,574.3,427.6,600.7,357.5,587.5,392.55,0,2,600.7,357.5
33,1084,5415288,573.9,427.7,600.5,359.1,587.2,393.4,0,2,600.5,359.1
33,1085,5415289,573.6,427.8,600.3,360.6,586.95,394.2,0,2,600.3,360.6
33,1086,5415290,573.3,428.8,599.9,362.0,586.6,395.4,0,2,599.9,362.0
33,1087,5415291,573.2,429.7,599.5,362.7,586.35,396.2,0,2,599.5,362.7
33,1088,5415292,573.8,430.5,599.1,363.5,586.45,397.0,0,2,599.1,363.5
33,1089,5415293,574.4,431.3,598.8,363.5,586.6,397.4,0,2,598.8,363.5
33,1090,5415294,575.0,432.0,598.3,364.0,586.65,398.0,0,2,598.3,364.0
33,1091,5415295,575.5,432.6,597.8,365.1,586.65,398.85,0,2,597.8,365.1
33,1092,5415296,576.0,433.3,597.2,366.3,586.6,399.8,0,2,597.2,366.3
33,1093,5415297,576.5,432.9,597.0,367.5,586.75,400.2,0,2,597.0,367.5
33,1094,5415298,577.0,432.6,596.7,368.7,586.85,400.65,0,2,596.7,368.7
33,1095,5415299,577.1,432.0,596.6,370.1,586.85,401.05,0,2,596.6,370.1
33,1096,5415300,577.1,431.1,596.4,371.8,586.75,401.45,0,2,596.4,371.8
33,1097,5415301,577.2,430.4,596.5,373.0,586.85,401.7,0,2,596.5,373.0
33,1098,5415302,577.2,429.7,596.7,373.6,586.95,401.65,0,2,596.7,373.6
33,1099,5415303,577.3,428.9,597.0,374.2,587.15,401.55,0,2,597.0,374.2
33,1100,5415304,577.3,428.2,597.3,374.7,587.3,401.45,0,2,597.3,374.7
34,1101,5415305,577.4,427.5,597.7,375.2,587.55,401.35,0,2,597.7,375.2
34,1102,5415306,577.5,427.0,598.1,375.5,587.8,401.25,0,2,598.1,375.5
34,1103,5415307,577.5,426.8,598.6,375.6,588.05,401.2,0,2,598.6,375.6
34,1104,5415308,577.4,426.6,598.9,375.7,588.15,401.15,0,2,598.9,375.7
34,1105,5415309,577.3,426.0,599.1,375.9,588.2,400.95,0,2,599.1,375.9
34,1106,5415310,577.1,425.6,599.3,376.3,588.2,400.95,0,2,599.3,376.3
34,1107,5415311,576.6,425.1,599.4,376.6,588.0,400.85,0,2,599.4,376.6
34,1108,5415312,576.0,424.7,599.3,376.8,587.65,400.75,0,2,599.3,376.8
34,1109,5415313,575.4,424.3,599.2,376.8,587.3,400.55,0,2,599.2,376.8
34,1110,5415314,575.1,423.9,599.0,376.7,587.05,400.3,0,2,599.0,376.7
34,1111,5415315,575.3,423.5,598.9,376.4,587.1,399.95,0,2,598.9,376.4
34,1112,5415316,575.5,423.4,598.8,376.0,587.15,399.7,0,2,598.8,376.0
34,1113,5415317,575.7,423.4,598.8,375.3,587.25,399.35,0,2,598.8,375.3
34,1114,5415318,576.4,423.5,598.9,374.5,587.65,399.0,0,2,598.9,374.5
34,1115,5415319,577.1,423.5,598.9,373.7,588.0,398.6,0,2,598.9,373.7
34,1116,5415320,577.7,423.7,599.2,371.7,588.45,397.7,0,2,599.2,371.7
34,1117,5415321,578.1,423.9,599.5,369.1,588.8,396.5,0,2,599.5,369.1
34,1118,5415322,578.0,424.1,599.4,366.5,588.7,395.3,0,2,599.4,366.5
34,1119,5415323,577.9,424.3,599.3,364.0,588.6,394.15,0,2,599.3,364.0
34,1120,5415324,577.8,424.4,599.2,361.5,588.5,392.95,0,2,599.2,361.5
34,1121,5415325,577.6,424.5,599.4,359.2,588.5,391.85,0,2,599.4,359.2
34,1122,5415326,577.7,424.6,599.5,356.8,588.6,390.7,0,2,599.5,356.8
34,1123,5415327,577.8,424.6,599.6,355.9,588.7,390.25,0,2,599.6,355.9
34,1124,5415328,578.1,424.4,599.5,355.0,588.8,389.7,0,2,599.5,355.0
34,1125,5415329,578.4,424.1,599.7,354.2,589.05,389.15,0,2,599.7,354.2
34,1126,5415330,578.7,423.7,599.9,353.5,589.3,388.6,0,2,599.9,353.5
34,1127,5415331,579.0,423.5,600.1,352.9,589.55,388.2,0,2,600.1,352.9
34,1128,5415332,579.2,423.2,599.9,352.6,589.55,387.9,0,2,599.9,352.6
34,1129,5415333,579.2,423.0,599.9,352.5,589.55,387.75,0,2,599.9,352.5
34,1130,5415334,579.2,422.7,599.9,352.7,589.55,387.7,0,2,599.9,352.7
34,1131,5415335,579.0,422.6,600.0,353.7,589.5,388.15,0,2,600.0,353.7
34,1132,5415336,578.9,422.7,600.2,354.7,589.55,388.7,0,2,600.2,354.7
34,1133,5415337,578.7,422.6,600.5,355.7,589.6,389.15,0,2,600.5,355.7
35,1134,5415338,578.3,422.3,600.8,356.6,589.55,389.45,0,2,600.8,356.6
35,1135,5415339,577.8,422.0,601.2,356.9,589.5,389.45,0,2,601.2,356.9
35,1136,5415340,577.2,421.7,601.6,357.0,589.4,389.35,0,2,601.6,357.0
35,1137,5415341,576.7,421.4,602.2,356.8,589.45,389.1,0,2,602.2,356.8
35,1138,5415342,576.3,421.1,602.8,355.6,589.55,388.35,0,2,602.8,355.6
35,1139,5415343,576.0,420.7,603.4,354.3,589.7,387.5,0,2,603.4,354.3
35,1140,5415344,575.9,420.5,603.6,353.0,589.75,386.75,0,2,603.6,353.0
35,1141,5415345,576.0,420.4,603.6,351.8,589.8,386.1,0,2,603.6,351.8
35,1142,5415346,576.3,420.4,603.5,351.4,589.9,385.9,0,2,603.5,351.4
35,1143,5415347,576.7,420.4,603.3,351.0,590.0,385.7,0,2,603.3,351.0
35,1144,5415348,577.1,420.4,602.9,350.7,590.0,385.55,0,2,602.9,350.7
35,1145,5415349,577.4,420.3,602.4,351.2,589.9,385.75,0,2,602.4,351.2
35,1146,5415350,577.6,420.2,601.9,351.8,589.75,386.0,0,2,601.9,351.8
35,1147,5415351,577.8,419.8,601.7,352.4,589.75,386.1,0,2,601.7,352.4
35,1148,5415352,578.0,419.5,601.4,352.9,589.7,386.2,0,2,601.4,352.9
35,1149,5415353,578.2,419.2,601.2,352.6,589.7,385.9,0,2,601.2,352.6
35,1150,5415354,578.3,418.9,601.1,352.2,589.7,385.55,0,2,601.1,352.2
35,1151,5415355,578.3,418.5,601.1,351.9,589.7,385.2,0,2,601.1,351.9
35,1152,5415356,578.3,418.2,601.2,351.6,589.75,384.9,0,2,601.2,351.6
35,1153,5415357,578.2,417.9,601.3,351.4,589.75,384.65,0,2,601.3,351.4
35,1154,5415358,578.0,417.9,601.5,351.3,589.75,384.6,0,2,601.5,351.3
35,1155,5415359,577.8,417.9,602.3,351.4,590.05,384.65,0,2,602.3,351.4
35,1156,5415360,577.6,417.9,603.1,351.8,590.35,384.85,0,2,603.1,351.8
35,1157,5415361,577.4,417.7,603.8,352.1,590.6,384.9,0,2,603.8,352.1
35,1158,5415362,577.4,417.6,603.9,352.5,590.65,385.05,0,2,603.9,352.5
35,1159,5415363,577.5,417.6,603.8,352.7,590.65,385.15,0,2,603.8,352.7
35,1160,5415364,577.7,417.6,603.7,352.9,590.7,385.25,0,2,603.7,352.9
35,1161,5415365,577.8,417.6,603.6,352.9,590.7,385.25,0,2,603.6,352.9
35,1162,5415366,578.0,417.6,603.2,352.9,590.6,385.25,0,2,603.2,352.9
35,1163,5415367,578.1,417.6,602.7,352.8,590.4,385.2,0,2,602.7,352.8
35,1164,5415368,578.2,417.5,602.4,352.6,590.3,385.05,0,2,602.4,352.6
35,1165,5415369,578.1,417.4,602.8,352.2,590.45,384.8,0,2,602.8,352.2
35,1166,5415370,578.0,417.2,603.1,351.7,590.55,384.45,0,2,603.1,351.7
36,1167,5415371,577.9,416.9,603.4,351.4,590.65,384.15,0,2,603.4,351.4
36,1168,5415372,577.9,416.6,603.7,350.9,590.8,383.75,0,2,603.7,350.9
36,1169,5415373,577.9,416.3,603.9,350.5,590.9,383.4,0,2,603.9,350.5
36,1170,5415374,578.0,416.1,604.1,349.9,591.05,383.0,0,2,604.1,349.9
36,1171,5415375,578.1,416.1,604.2,349.3,591.15,382.7,0,2,604.2,349.3
36,1172,5415376,578.3,416.2,604.3,349.1,591.3,382.65,0,2,604.3,349.1
36,1173,5415377,578.4,416.3,604.3,348.9,591.35,382.6,0,2,604.3,348.9
36,1174,5415378,578.6,416.5,604.3,348.6,591.45,382.55,0,2,604.3,348.6
36,1175,5415379,578.8,416.7,604.4,348.5,591.6,382.6,0,2,604.4,348.5
36,1176,5415380,578.9,416.9,604.3,348.4,591.6,382.65,0,2,604.3,348.4
36,1177,5415381,579.0,417.2,604.0,348.6,591.5,382.9,0,2,604.0,348.6
36,1178,5415382,579.2,417.5,603.7,348.7,591.45,383.1,0,2,603.7,348.7
36,1179,5415383,579.3,417.7,603.2,348.7,591.25,383.2,0,2,603.2,348.7
36,1180,5415384,579.3,418.1,602.8,348.6,591.05,383.35,0,2,602.8,348.6
36,1181,5415385,579.4,418.4,602.4,348.2,590.9,383.3,0,2,602.4,348.2
36,1182,5415386,580.0,419.2,602.1,347.4,591.05,383.3,0,2,602.1,347.4
36,1183,5415387,580.7,419.9,602.1,346.6,591.4,383.25,0,2,602.1,346.6
36,1184,5415388,581.4,420.5,602.1,345.4,591.75,382.95,0,2,602.1,345.4
36,1185,5415389,582.3,421.2,602.2,344.2,592.25,382.7,0,2,602.2,344.2
36,1186,5415390,583.2,421.8,602.0,343.1,592.6,382.45,0,2,602.0,343.1
36,1187,5415391,584.1,422.1,601.8,342.0,592.95,382.05,0,2,601.8,342.0
36,1188,5415392,585.0,422.5,601.6,341.3,593.3,381.9,0,2,601.6,341.3
36,1189,5415393,585.2,421.5,601.4,340.9,593.3,381.2,0,2,601.4,340.9
36,1190,5415394,585.3,420.5,601.3,340.9,593.3,380.7,0,2,601.3,340.9
36,1191,5415395,585.2,419.5,601.2,341.6,593.2,380.55,0,2,601.2,341.6
36,1192,5415396,584.9,418.5,601.1,342.6,593.0,380.55,0,2,601.1,342.6
36,1193,5415397,584.7,417.5,601.1,343.8,592.9,380.65,0,2,601.1,343.8
36,1194,5415398,584.5,416.6,601.2,345.1,592.85,380.85,0,2,601.2,345.1
36,1195,5415399,584.2,415.7,601.1,346.2,592.65,380.95,0,2,601.1,346.2
36,1196,5415400,583.9,415.6,601.0,347.8,592.45,381.7,0,2,601.0,347.8
36,1197,5415401,583.6,415.6,600.7,349.1,592.15,382.35,0,2,600.7,349.1
36,1198,5415402,583.6,415.6,600.4,350.1,592.0,382.85,0,2,600.4,350.1
36,1199,5415403,583.4,415.5,600.3,350.6,591.85,383.05,0,2,600.3,350.6
36,1200,5415404,583.3,415.5,600.2,351.1,591.75,383.3,0,2,600.2,351.1
37,1201,5415405,583.1,415.5,600.1,351.7,591.6,383.6,0,2,600.1,351.7
37,1202,5415406,583.1,415.6,600.1,352.7,591.6,384.15,0,2,600.1,352.7
37,1203,5415407,583.0,415.8,600.1,353.2,591.55,384.5,0,2,600.1,353.2
37,1204,5415408,583.0,416.0,600.1,353.7,591.55,384.85,0,2,600.1,353.7
37,1205,5415409,582.9,416.3,600.1,354.1,591.5,385.2,0,2,600.1,354.1
37,1206,5415410,582.9,416.7,600.3,354.7,591.6,385.7,0,2,600.3,354.7
37,1207,5415411,582.9,417.2,600.6,355.2,591.75,386.2,0,2,600.6,355.2
37,1208,5415412,582.8,417.8,600.9,355.5,591.85,386.65,0,2,600.9,355.5
37,1209,5415413,582.8,418.4,601.3,355.4,592.05,386.9,0,2,601.3,355.4
37,1210,5415414,582.8,419.0,601.8,355.2,592.3,387.1,0,2,601.8,355.2
37,1211,5415415,582.9,419.1,602.2,355.0,592.55,387.05,0,2,602.2,355.0
37,1212,5415416,582.9,419.2,603.0,354.6,592.95,386.9,0,2,603.0,354.6
37,1213,5415417,583.0,419.1,603.7,354.1,593.35,386.6,0,2,603.7,354.1
37,1214,5415418,583.2,418.9,604.3,353.7,593.75,386.3,0,2,604.3,353.7
37,1215,5415419,583.4,418.5,604.8,353.5,594.1,386.0,0,2,604.8,353.5
37,1216,5415420,583.7,418.1,605.1,353.3,594.4,385.7,0,2,605.1,353.3
37,1217,5415421,584.1,417.7,605.3,353.1,594.7,385.4,0,2,605.3,353.1
37,1218,5415422,584.4,417.6,605.1,353.0,594.75,385.3,0,2,605.1,353.0
37,1219,5415423,584.8,417.6,604.5,353.1,594.65,385.35,0,2,604.5,353.1
37,1220,5415424,585.1,417.6,603.8,353.3,594.45,385.45,0,2,603.8,353.3
37,1221,5415425,585.3,417.7,603.1,353.4,594.2,385.55,0,2,603.1,353.4
37,1222,5415426,585.4,417.8,602.4,353.5,593.9,385.65,0,2,602.4,353.5
37,1223,5415427,585.2,417.9,601.8,353.6,593.5,385.75,0,2,601.8,353.6
37,1224,5415428,584.8,418.1,601.1,354.0,592.95,386.05,0,2,601.1,354.0
37,1225,5415429,584.5,418.4,600.9,354.4,592.7,386.4,0,2,600.9,354.4
37,1226,5415430,584.3,418.7,600.7,354.8,592.5,386.75,0,2,600.7,354.8
37,1227,5415431,584.1,418.9,600.5,355.2,592.3,387.05,0,2,600.5,355.2
37,1228,5415432,584.0,419.2,600.3,355.5,592.15,387.35,0,2,600.3,355.5
37,1229,5415433,584.0,419.5,600.2,356.0,592.1,387.75,0,2,600.2,356.0
37,1230,5415434,584.2,419.8,600.2,356.3,592.2,388.05,0,2,600.2,356.3
37,1231,5415435,584.5,420.1,600.4,356.1,592.45,388.1,0,2,600.4,356.1
37,1232,5415436,584.8,420.3,600.6,355.9,592.7,388.1,0,2,600.6,355.9
37,1233,5415437,585.0,420.6,600.8,355.7,592.9,388.15,0,2,600.8,355.7
38,1234,5415438,585.0,420.8,601.1,355.3,593.05,388.05,0,2,601.1,355.3
38,1235,5415439,585.0,420.9,601.2,354.9,593.1,387.9,0,2,601.2,354.9
38,1236,5415440,585.0,420.7,601.3,354.2,593.15,387.45,0,2,601.3,354.2
38,1237,5415441,585.1,420.4,601.2,353.7,593.15,387.05,0,2,601.2,353.7
38,1238,5415442,585.0,420.1,601.1,353.3,593.05,386.7,0,2,601.1,353.3
38,1239,5415443,585.0,419.8,601.0,353.0,593.0,386.4,0,2,601.0,353.0
38,1240,5415444,584.9,419.4,600.9,352.7,592.9,386.05,0,2,600.9,352.7
38,1241,5415445,585.0,419.0,600.9,352.5,592.95,385.75,0,2,600.9,352.5
38,1242,5415446,585.1,418.7,601.0,352.4,593.05,385.55,0,2,601.0,352.4
38,1243,5415447,585.2,419.3,601.1,352.5,593.15,385.9,0,2,601.1,352.5
38,1244,5415448,585.8,419.9,601.2,352.8,593.5,386.35,0,2,601.2,352.8
38,1245,5415449,586.5,420.5,601.5,353.9,594.0,387.2,0,2,601.5,353.9
38,1246,5415450,587.1,421.2,601.9,355.1,594.5,388.15,0,2,601.9,355.1
38,1247,5415451,587.8,421.9,602.2,356.7,595.0,389.3,0,2,602.2,356.7
38,1248,5415452,588.4,422.7,602.4,358.4,595.4,390.55,0,2,602.4,358.4
38,1249,5415453,589.0,423.4,602.5,360.1,595.75,391.75,0,2,602.5,360.1
38,1250,5415454,589.4,423.5,602.3,361.7,595.85,392.6,0,2,602.3,361.7
38,1251,5415455,588.5,423.5,601.9,364.6,595.2,394.05,0,2,601.9,364.6
38,1252,5415456,587.7,423.5,601.3,366.7,594.5,395.1,0,2,601.3,366.7
38,1253,5415457,586.7,423.4,600.6,368.8,593.65,396.1,0,2,600.6,368.8
38,1254,5415458,585.8,423.3,599.9,370.5,592.85,396.9,0,2,599.9,370.5
38,1255,5415459,584.9,423.2,599.3,372.2,592.1,397.7,0,2,599.3,372.2
38,1256,5415460,584.1,423.1,598.9,373.8,591.5,398.45,0,2,598.9,373.8
38,1257,5415461,583.4,423.0,598.7,375.5,591.05,399.25,0,2,598.7,375.5
38,1258,5415462,583.4,423.0,598.7,375.7,591.05,399.35,0,2,598.7,375.7
38,1259,5415463,583.4,423.0,598.8,375.7,591.1,399.35,0,2,598.8,375.7
38,1260,5415464,583.5,423.1,599.0,375.6,591.25,399.35,0,2,599.0,375.6
38,1261,5415465,583.6,423.3,600.0,375.4,591.8,399.35,0,2,600.0,375.4
38,1262,5415466,583.7,423.6,601.0,375.2,592.35,399.4,0,2,601.0,375.2
38,1263,5415467,583.7,424.0,602.0,374.2,592.85,399.1,0,2,602.0,374.2
38,1264,5415468,583.7,424.3,603.1,373.2,593.4,398.75,0,2,603.1,373.2
38,1265,5415469,583.7,424.7,604.2,372.2,593.95,398.45,0,2,604.2,372.2
38,1266,5415470,583.7,425.0,605.2,371.1,594.45,398.05,0,2,605.2,371.1
39,1267,5415471,583.8,425.1,606.2,370.1,595.0,397.6,0,2,606.2,370.1
39,1268,5415472,583.9,425.3,606.2,369.0,595.05,397.15,0,2,606.2,369.0
39,1269,5415473,584.1,425.1,606.1,367.5,595.1,396.3,0,2,606.1,367.5
39,1270,5415474,584.7,424.9,606.0,366.6,595.35,395.75,0,2,606.0,366.6
39,1271,5415475,585.4,424.7,605.3,364.9,595.35,394.8,0,2,605.3,364.9
39,1272,5415476,586.1,423.6,604.4,363.3,595.25,393.45,0,2,604.4,363.3
39,1273,5415477,586.7,422.5,603.3,361.8,595.0,392.15,0,2,603.3,361.8
39,1274,5415478,586.9,421.4,602.2,360.3,594.55,390.85,0,2,602.2,360.3
39,1275,5415479,586.9,420.2,601.3,359.0,594.1,389.6,0,2,601.3,359.0
39,1276,5415480,586.8,418.9,600.3,357.8,593.55,388.35,0,2,600.3,357.8
39,1277,5415481,586.2,417.6,599.4,356.6,592.8,387.1,0,2,599.4,356.6
39,1278,5415482,585.3,416.0,599.1,356.2,592.2,386.1,0,2,599.1,356.2
39,1279,5415483,584.1,415.3,599.6,355.6,591.85,385.45,0,2,599.6,355.6
39,1280,5415484,583.0,414.6,600.4,355.0,591.7,384.8,0,2,600.4,355.0
39,1281,5415485,582.3,413.7,601.5,354.4,591.9,384.05,0,2,601.5,354.4
39,1282,5415486,581.7,413.0,602.6,353.8,592.15,383.4,0,2,602.6,353.8
39,1283,5415487,581.3,412.6,603.8,353.1,592.55,382.85,0,2,603.8,353.1
39,1284,5415488,580.8,412.2,605.0,352.6,592.9,382.4,0,2,605.0,352.6
39,1285,5415489,580.7,412.2,606.1,352.1,593.4,382.15,0,2,606.1,352.1
39,1286,5415490,580.9,412.3,606.7,351.5,593.8,381.9,0,2,606.7,351.5
39,1287,5415491,581.1,412.6,607.0,350.6,594.05,381.6,0,2,607.0,350.6
39,1288,5415492,581.4,413.1,606.8,349.7,594.1,381.4,0,2,606.8,349.7
39,1289,5415493,581.7,413.5,606.6,348.6,594.15,381.05,0,2,606.6,348.6
39,1290,5415494,582.0,413.9,606.3,347.6,594.15,380.75,0,2,606.3,347.6
39,1291,5415495,582.3,414.1,605.9,346.7,594.1,380.4,0,2,605.9,346.7
39,1292,5415496,582.6,414.2,605.5,345.9,594.05,380.05,0,2,605.5,345.9
39,1293,5415497,582.8,414.4,605.4,345.2,594.1,379.8,0,2,605.4,345.2
39,1294,5415498,582.9,414.5,605.2,345.0,594.05,379.75,0,2,605.2,345.0
39,1295,5415499,582.9,414.5,605.4,344.7,594.15,379.6,0,2,605.4,344.7
39,1296,5415500,583.0,414.5,605.5,344.5,594.25,379.5,0,2,605.5,344.5
39,1297,5415501,583.1,414.6,605.7,344.5,594.4,379.55,0,2,605.7,344.5
39,1298,5415502,583.3,414.8,606.1,344.5,594.7,379.65,0,2,606.1,344.5
39,1299,5415503,583.6,415.0,606.5,345.5,595.05,380.25,0,2,606.5,345.5
39,1300,5415504,584.0,415.1,606.7,346.6,595.35,380.85,0,2,606.7,346.6
40,1301,5415505,584.3,415.2,606.9,347.9,595.6,381.55,0,2,606.9,347.9
40,1302,5415506,584.6,415.3,606.9,350.4,595.75,382.85,0,2,606.9,350.4
40,1303,5415507,584.9,415.5,607.0,352.8,595.95,384.15,0,2,607.0,352.8
40,1304,5415508,584.9,415.6,606.9,354.9,595.9,385.25,0,2,606.9,354.9
40,1305,5415509,584.9,415.7,606.7,356.7,595.8,386.2,0,2,606.7,356.7
40,1306,5415510,584.7,415.8,606.6,357.6,595.65,386.7,0,2,606.6,357.6
40,1307,5415511,584.3,415.9,606.4,358.1,595.35,387.0,0,2,606.4,358.1
40,1308,5415512,584.0,416.2,606.3,358.2,595.15,387.2,0,2,606.3,358.2
40,1309,5415513,583.6,416.3,606.0,357.4,594.8,386.85,0,2,606.0,357.4
40,1310,5415514,583.0,416.5,605.4,356.5,594.2,386.5,0,2,605.4,356.5
40,1311,5415515,581.6,416.7,603.9,356.0,592.75,386.35,0,2,603.9,356.0
40,1312,5415516,580.2,417.0,602.5,355.7,591.35,386.35,0,2,602.5,355.7
40,1313,5415517,578.0,417.5,600.0,355.4,589.0,386.45,0,2,600.0,355.4
40,1314,5415518,575.3,418.4,597.1,355.1,586.2,386.75,0,2,597.1,355.1
40,1315,5415519,571.8,419.2,593.6,355.0,582.7,387.1,0,2,593.6,355.0
40,1316,5415520,568.2,420.0,590.3,354.9,579.25,387.45,0,2,590.3,354.9
40,1317,5415521,563.9,420.7,586.9,354.7,575.4,387.7,0,2,586.9,354.7
40,1318,5415522,559.9,421.4,583.9,354.6,571.9,388.0,0,2,583.9,354.6
40,1319,5415523,556.1,422.1,580.9,354.4,568.5,388.25,0,2,580.9,354.4
40,1320,5415524,553.0,422.6,579.0,354.1,566.0,388.35,0,2,579.0,354.1
40,1321,5415525,550.8,422.6,577.5,354.1,564.15,388.35,0,2,577.5,354.1
40,1322,5415526,549.4,422.5,576.9,354.2,563.15,388.35,0,2,576.9,354.2
40,1323,5415527,548.2,422.5,576.4,354.5,562.3,388.5,0,2,576.4,354.5
40,1324,5415528,548.2,422.7,576.9,354.7,562.55,388.7,0,2,576.9,354.7
40,1325,5415529,549.3,422.8,577.9,355.0,563.6,388.9,0,2,577.9,355.0
40,1326,5415530,550.4,422.9,579.0,355.4,564.7,389.15,0,2,579.0,355.4
40,1327,5415531,552.5,423.0,580.0,355.8,566.25,389.4,0,2,580.0,355.8
40,1328,5415532,554.3,423.1,581.2,356.3,567.75,389.7,1,2,581.2,356.3
40,1329,5415533,556.6,423.7,582.1,356.5,569.35,390.1,0,2,582.1,356.5
40,1330,5415534,559.0,424.4,582.9,356.4,570.95,390.4,0,2,582.9,356.4
40,1331,5415535,561.1,424.9,583.5,355.8,572.3,390.35,0,2,583.5,355.8
40,1332,5415536,562.8,425.5,583.7,355.1,573.25,390.3,0,2,583.7,355.1
40,1333,5415537,564.6,426.0,584.0,354.3,574.3,390.15,0,2,584.0,354.3
41,1334,5415538,565.4,426.7,584.3,353.3,574.85,390.0,0,2,584.3,353.3
41,1335,5415539,566.3,427.3,584.4,352.3,575.35,389.8,0,2,584.4,352.3
41,1336,5415540,566.5,427.3,584.5,351.4,575.5,389.35,0,2,584.5,351.4
41,1337,5415541,566.7,427.2,585.1,350.6,575.9,388.9,0,2,585.1,350.6
41,1338,5415542,566.7,426.7,585.7,350.4,576.2,388.55,0,2,585.7,350.4
41,1339,5415543,566.5,426.3,586.5,350.4,576.5,388.35,0,2,586.5,350.4
41,1340,5415544,566.3,425.3,587.3,350.4,576.8,387.85,0,2,587.3,350.4
41,1341,5415545,566.2,424.4,587.9,350.5,577.05,387.45,0,2,587.9,350.5
41,1342,5415546,566.1,423.4,588.4,350.7,577.25,387.05,0,2,588.4,350.7
41,1343,5415547,566.0,422.5,588.4,350.8,577.2,386.65,0,2,588.4,350.8
41,1344,5415548,565.9,421.8,587.9,351.0,576.9,386.4,0,2,587.9,351.0
41,1345,5415549,565.8,421.5,587.0,351.3,576.4,386.4,0,2,587.0,351.3
41,1346,5415550,565.7,421.1,586.0,351.6,575.85,386.35,1,2,586.0,351.6
41,1347,5415551,565.3,421.1,584.8,351.8,575.05,386.45,0,2,584.8,351.8
41,1348,5415552,564.4,421.1,583.6,352.1,574.0,386.6,0,2,583.6,352.1
41,1349,5415553,563.6,421.0,582.4,352.3,573.0,386.65,0,2,582.4,352.3
41,1350,5415554,562.8,420.9,581.5,352.4,572.15,386.65,0,2,581.5,352.4
41,1351,5415555,561.9,420.6,580.6,352.4,571.25,386.5,0,2,580.6,352.4
41,1352,5415556,561.3,420.2,579.9,352.3,570.6,386.25,0,2,579.9,352.3
41,1353,5415557,560.8,419.9,579.4,352.1,570.1,386.0,0,2,579.4,352.1
41,1354,5415558,560.5,419.5,578.8,351.7,569.65,385.6,0,2,578.8,351.7
41,1355,5415559,560.7,418.9,578.5,351.2,569.6,385.05,0,2,578.5,351.2
41,1356,5415560,561.2,418.1,578.4,350.9,569.8,384.5,0,2,578.4,350.9
41,1357,5415561,561.6,417.5,578.6,350.6,570.1,384.05,0,2,578.6,350.6
41,1358,5415562,562.1,416.8,579.2,350.5,570.65,383.65,0,2,579.2,350.5
41,1359,5415563,562.5,416.0,579.8,350.5,571.15,383.25,0,2,579.8,350.5
41,1360,5415564,562.9,415.3,580.4,350.7,571.65,383.0,0,2,580.4,350.7
41,1361,5415565,563.2,414.7,581.2,351.2,572.2,382.95,0,2,581.2,351.2
41,1362,5415566,563.4,414.5,581.9,351.7,572.65,383.1,0,2,581.9,351.7
41,1363,5415567,563.4,414.4,582.5,352.7,572.95,383.55,0,2,582.5,352.7
41,1364,5415568,563.4,414.4,583.0,353.6,573.2,384.0,0,2,583.0,353.6
41,1365,5415569,563.4,414.3,583.1,355.5,573.25,384.9,0,2,583.1,355.5
41,1366,5415570,563.5,414.4,583.0,357.9,573.25,386.15,1,2,583.0,357.9
42,1367,5415571,564.1,414.5,582.8,360.5,573.45,387.5,0,2,582.8,360.5
42,1368,5415572,564.8,414.5,582.6,363.1,573.7,388.8,0,2,582.6,363.1
42,1369,5415573,565.5,414.5,582.3,365.7,573.9,390.1,0,2,582.3,365.7
42,1370,5415574,566.1,414.3,582.1,367.7,574.1,391.0,0,2,582.1,367.7
42,1371,5415575,566.8,414.1,581.8,369.9,574.3,392.0,0,2,581.8,369.9
42,1372,5415576,567.4,413.9,581.7,371.2,574.55,392.55,0,2,581.7,371.2
42,1373,5415577,567.7,413.6,581.6,372.2,574.65,392.9,0,2,581.6,372.2
42,1374,5415578,567.1,413.4,581.6,372.8,574.35,393.1,0,2,581.6,372.8
42,1375,5415579,566.4,412.9,581.4,373.3,573.9,393.1,1,2,581.4,373.3
42,1376,5415580,565.8,412.6,580.9,373.8,573.35,393.2,0,2,580.9,373.8
42,1377,5415581,565.2,412.4,580.3,374.3,572.75,393.35,0,2,580.3,374.3
42,1378,5415582,564.8,412.3,579.7,374.8,572.25,393.55,0,2,579.7,374.8
42,1379,5415583,564.6,412.3,579.2,375.1,571.9,393.7,0,2,579.2,375.1
42,1380,5415584,564.4,412.3,578.6,375.0,571.5,393.65,0,2,578.6,375.0
42,1381,5415585,564.9,412.2,578.2,374.1,571.55,393.15,0,2,578.2,374.1
42,1382,5415586,565.3,412.2,577.8,373.1,571.55,392.65,0,2,577.8,373.1
42,1383,5415587,565.7,412.1,577.9,372.1,571.8,392.1,0,2,577.9,372.1
42,1384,5415588,566.1,411.9,578.0,371.1,572.05,391.5,1,2,578.0,371.1
42,1385,5415589,566.2,411.7,578.1,369.9,572.15,390.8,0,2,578.1,369.9
42,1386,5415590,566.4,411.5,578.2,368.4,572.3,389.95,0,2,578.2,368.4
42,1387,5415591,566.5,411.3,578.4,366.9,572.45,389.1,0,2,578.4,366.9
42,1388,5415592,566.5,411.1,578.4,366.4,572.45,388.75,0,2,578.4,366.4
42,1389,5415593,566.5,411.0,578.5,365.7,572.5,388.35,0,2,578.5,365.7
42,1390,5415594,566.6,410.9,578.7,364.8,572.65,387.85,0,2,578.7,364.8
42,1391,5415595,566.7,411.0,579.0,364.0,572.85,387.5,0,2,579.0,364.0
42,1392,5415596,566.8,411.0,579.3,363.3,573.05,387.15,0,2,579.3,363.3
42,1393,5415597,567.1,411.1,579.6,362.0,573.35,386.55,0,2,579.6,362.0
42,1394,5415598,567.3,411.3,580.1,360.8,573.7,386.05,0,2,580.1,360.8
42,1395,5415599,567.6,411.6,580.4,359.5,574.0,385.55,0,2,580.4,359.5
42,1396,5415600,567.8,411.9,580.5,358.4,574.15,385.15,0,2,580.5,358.4
42,1397,5415601,567.9,412.1,580.6,357.2,574.25,384.65,0,2,580.6,357.2
42,1398,5415602,568.1,412.0,580.5,355.7,574.3,383.85,0,2,580.5,355.7
42,1399,5415603,568.2,411.8,580.4,354.3,574.3,383.05,0,2,580.4,354.3
42,1400,5415604,568.2,411.7,580.2,353.7,574.2,382.7,0,2,580.2,353.7
43,1401,5415605,568.1,411.4,580.0,353.2,574.05,382.3,1,2,580.0,353.2
43,1402,5415606,568.0,410.9,580.1,352.8,574.05,381.85,0,2,580.1,352.8
43,1403,5415607,567.8,410.5,580.3,352.7,574.05,381.6,0,2,580.3,352.7
43,1404,5415608,567.6,410.2,580.5,352.8,574.05,381.5,0,2,580.5,352.8
43,1405,5415609,567.3,410.3,580.7,353.3,574.0,381.8,0,2,580.7,353.3
43,1406,5415610,567.0,410.4,581.0,354.2,574.0,382.3,0,2,581.0,354.2
43,1407,5415611,566.9,410.5,581.1,355.5,574.0,383.0,0,2,581.1,355.5
43,1408,5415612,566.8,410.7,581.2,357.5,574.0,384.1,0,2,581.2,357.5
43,1409,5415613,567.1,410.9,581.0,359.5,574.05,385.2,1,2,581.0,359.5
43,1410,5415614,567.4,411.0,580.8,361.1,574.1,386.05,0,2,580.8,361.1
43,1411,5415615,567.8,411.0,580.6,362.7,574.2,386.85,0,2,580.6,362.7
43,1412,5415616,568.4,410.9,580.2,364.4,574.3,387.65,0,2,580.2,364.4
43,1413,5415617,569.1,410.8,580.0,365.8,574.55,388.3,0,2,580.0,365.8
43,1414,5415618,569.7,410.6,579.8,367.5,574.75,389.05,0,2,579.8,367.5
43,1415,5415619,570.2,410.7,580.2,368.3,575.2,389.5,0,2,580.2,368.3
43,1416,5415620,570.4,410.7,580.6,369.2,575.5,389.95,1,2,580.6,369.2
43,1417,5415621,570.5,410.7,581.1,370.2,575.8,390.45,0,2,581.1,370.2
43,1418,5415622,570.6,410.9,581.6,371.3,576.1,391.1,0,2,581.6,371.3
43,1419,5415623,570.5,411.1,582.3,372.3,576.4,391.7,0,2,582.3,372.3
43,1420,5415624,570.4,411.7,582.9,373.2,576.65,392.45,0,2,582.9,373.2
43,1421,5415625,570.4,412.4,583.4,373.5,576.9,392.95,0,2,583.4,373.5
43,1422,5415626,570.6,412.9,583.6,373.8,577.1,393.35,0,2,583.6,373.8
43,1423,5415627,570.8,414.2,583.7,374.1,577.25,394.15,1,2,583.7,374.1
43,1424,5415628,570.9,415.4,583.8,374.3,577.35,394.85,0,2,583.8,374.3
43,1425,5415629,571.0,416.6,583.8,374.5,577.4,395.55,0,2,583.8,374.5
43,1426,5415630,570.8,417.7,583.8,374.4,577.3,396.05,0,2,583.8,374.4
43,1427,5415631,570.5,418.5,583.8,374.2,577.15,396.35,0,2,583.8,374.2
43,1428,5415632,570.2,419.2,583.8,374.0,577.0,396.6,0,2,583.8,374.0
43,1429,5415633,570.2,419.8,583.9,373.8,577.05,396.8,0,2,583.9,373.8
43,1430,5415634,570.2,419.4,583.9,373.3,577.05,396.35,0,2,583.9,373.3
43,1431,5415635,570.2,419.0,584.1,372.6,577.15,395.8,0,2,584.1,372.6
43,1432,5415636,569.9,418.7,584.2,371.8,577.05,395.25,0,2,584.2,371.8
43,1433,5415637,569.8,418.3,584.4,371.0,577.1,394.65,0,2,584.4,371.0
44,1434,5415638,569.6,417.9,584.6,370.2,577.1,394.05,0,2,584.6,370.2
44,1435,5415639,569.5,417.8,584.8,369.4,577.15,393.6,0,2,584.8,369.4
44,1436,5415640,568.9,417.7,585.1,368.5,577.0,393.1,1,2,585.1,368.5
44,1437,5415641,568.3,417.9,586.1,368.0,577.2,392.95,0,2,586.1,368.0
44,1438,5415642,568.0,418.0,587.1,367.6,577.55,392.8,0,2,587.1,367.6
44,1439,5415643,568.4,418.2,588.2,367.3,578.3,392.75,0,2,588.2,367.3
44,1440,5415644,569.0,418.5,589.3,367.1,579.15,392.8,0,2,589.3,367.1
44,1441,5415645,569.5,418.8,590.5,367.0,580.0,392.9,0,2,590.5,367.0
44,1442,5415646,570.0,418.9,591.5,366.9,580.75,392.9,0,2,591.5,366.9
44,1443,5415647,570.4,419.0,592.3,366.9,581.35,392.95,1,2,592.3,366.9
44,1444,5415648,570.8,419.0,591.7,366.9,581.25,392.95,0,2,591.7,366.9
44,1445,5415649,571.1,419.1,590.9,366.8,581.0,392.95,0,2,590.9,366.8
44,1446,5415650,570.9,419.3,590.0,366.8,580.45,393.05,0,2,590.0,366.8
44,1447,5415651,570.7,419.3,589.1,366.2,579.9,392.75,0,2,589.1,366.2
44,1448,5415652,570.5,419.4,587.7,365.7,579.1,392.55,0,2,587.7,365.7
44,1449,5415653,570.4,419.4,586.3,364.9,578.35,392.15,0,2,586.3,364.9
44,1450,5415654,570.3,419.4,585.1,364.1,577.7,391.75,1,2,585.1,364.1
44,1451,5415655,570.2,419.5,584.7,363.0,577.45,391.25,0,2,584.7,363.0
44,1452,5415656,570.1,419.6,584.3,361.7,577.2,390.65,0,2,584.3,361.7
44,1453,5415657,570.0,419.7,584.2,360.4,577.1,390.05,0,2,584.2,360.4
44,1454,5415658,570.0,420.0,584.4,359.6,577.2,389.8,0,2,584.4,359.6
44,1455,5415659,569.9,420.2,585.8,358.8,577.85,389.5,0,2,585.8,358.8
44,1456,5415660,569.9,420.4,587.2,358.1,578.55,389.25,0,2,587.2,358.1
44,1457,5415661,569.9,420.6,588.7,356.7,579.3,388.65,0,2,588.7,356.7
44,1458,5415662,569.9,420.7,590.1,355.5,580.0,388.1,1,2,590.1,355.5
44,1459,5415663,569.8,420.6,591.5,354.6,580.65,387.6,0,2,591.5,354.6
44,1460,5415664,569.7,420.3,592.7,353.7,581.2,387.0,0,2,592.7,353.7
44,1461,5415665,569.6,420.0,593.6,352.7,581.6,386.35,0,2,593.6,352.7
44,1462,5415666,569.5,419.7,593.6,351.7,581.55,385.7,0,2,593.6,351.7
44,1463,5415667,569.3,419.4,593.5,350.5,581.4,384.95,0,2,593.5,350.5
44,1464,5415668,569.0,419.5,593.4,350.0,581.2,384.75,0,2,593.4,350.0
44,1465,5415669,568.7,419.6,593.0,349.5,580.85,384.55,0,2,593.0,349.5
44,1466,5415670,568.4,419.7,592.7,349.1,580.55,384.4,0,2,592.7,349.1
45,1467,5415671,568.1,419.9,592.4,349.0,580.25,384.45,0,2,592.4,349.0
45,1468,5415672,567.9,419.7,591.8,349.1,579.85,384.4,0,2,591.8,349.1
45,1469,5415673,567.7,419.5,591.3,349.3,579.5,384.4,0,2,591.3,349.3
45,1470,5415674,567.5,419.4,590.8,349.8,579.15,384.6,0,2,590.8,349.8
45,1471,5415675,567.5,418.9,590.3,350.6,578.9,384.75,0,2,590.3,350.6
45,1472,5415676,567.4,418.1,590.0,351.4,578.7,384.75,1,2,590.0,351.4
45,1473,5415677,567.3,417.1,589.6,352.1,578.45,384.6,0,2,589.6,352.1
45,1474,5415678,567.3,416.2,589.3,352.6,578.3,384.4,0,2,589.3,352.6
45,1475,5415679,567.4,415.6,589.3,353.1,578.35,384.35,0,2,589.3,353.1
45,1476,5415680,567.8,415.0,589.3,353.0,578.55,384.0,0,2,589.3,353.0
45,1477,5415681,568.2,414.3,589.4,352.6,578.8,383.45,0,2,589.4,352.6
45,1478,5415682,568.6,413.7,589.7,351.4,579.15,382.55,0,2,589.7,351.4
45,1479,5415683,569.0,413.2,589.9,350.0,579.45,381.6,0,2,589.9,350.0
45,1480,5415684,569.4,413.1,590.2,348.7,579.8,380.9,0,2,590.2,348.7
45,1481,5415685,569.9,413.0,590.5,347.4,580.2,380.2,0,2,590.5,347.4
45,1482,5415686,570.3,413.1,590.8,346.4,580.55,379.75,1,2,590.8,346.4
45,1483,5415687,570.5,413.1,591.0,346.0,580.75,379.55,0,2,591.0,346.0
45,1484,5415688,570.6,413.2,591.2,345.9,580.9,379.55,0,2,591.2,345.9
45,1485,5415689,570.7,413.3,591.3,346.7,581.0,380.0,0,2,591.3,346.7
45,1486,5415690,570.6,413.2,591.4,347.6,581.0,380.4,0,2,591.4,347.6
45,1487,5415691,570.3,413.2,591.5,348.6,580.9,380.9,0,2,591.5,348.6
45,1488,5415692,569.8,413.1,591.5,349.8,580.65,381.45,0,2,591.5,349.8
45,1489,5415693,569.4,413.1,591.5,350.9,580.45,382.0,0,2,591.5,350.9
45,1490,5415694,569.0,413.0,591.4,352.0,580.2,382.5,1,2,591.4,352.0
45,1491,5415695,568.7,412.9,591.3,353.0,580.0,382.95,0,2,591.3,353.0
45,1492,5415696,568.6,412.7,591.2,353.7,579.9,383.2,0,2,591.2,353.7
45,1493,5415697,568.6,412.4,591.0,354.4,579.8,383.4,0,2,591.0,354.4
45,1494,5415698,568.7,412.2,590.9,355.0,579.8,383.6,0,2,590.9,355.0
45,1495,5415699,568.9,411.9,590.7,355.2,579.8,383.55,0,2,590.7,355.2
45,1496,5415700,569.1,411.6,590.4,354.9,579.75,383.25,0,2,590.4,354.9
45,1497,5415701,569.3,411.5,590.3,354.5,579.8,383.0,0,2,590.3,354.5
45,1498,5415702,569.6,411.6,590.2,354.0,579.9,382.8,0,2,590.2,354.0
45,1499,5415703,570.0,411.8,590.3,352.8,580.15,382.3,0,2,590.3,352.8
45,1500,5415704,570.7,412.1,590.4,351.6,580.55,381.85,0,2,590.4,351.6
46,1501,5415705,571.4,412.3,590.4,350.2,580.9,381.25,0,2,590.4,350.2
46,1502,5415706,572.1,412.4,591.0,348.8,581.55,380.6,0,2,591.0,348.8
46,1503,5415707,572.7,412.4,591.6,347.8,582.15,380.1,0,2,591.6,347.8
46,1504,5415708,573.2,412.3,592.2,346.9,582.7,379.6,0,2,592.2,346.9
46,1505,5415709,573.4,412.1,592.7,346.2,583.05,379.15,0,2,592.7,346.2
46,1506,5415710,573.6,412.0,593.0,346.1,583.3,379.05,0,2,593.0,346.1
46,1507,5415711,573.5,411.6,593.2,346.0,583.35,378.8,0,2,593.2,346.0
46,1508,5415712,573.4,411.4,593.5,346.1,583.45,378.75,0,2,593.5,346.1
46,1509,5415713,573.2,411.3,593.3,346.9,583.25,379.1,0,2,593.3,346.9
46,1510,5415714,573.1,411.3,593.5,347.7,583.3,379.5,0,2,593.5,347.7
46,1511,5415715,572.9,411.3,593.9,348.5,583.4,379.9,0,2,593.9,348.5
46,1512,5415716,572.8,411.3,594.4,349.4,583.6,380.35,0,2,594.4,349.4
46,1513,5415717,572.6,411.3,594.9,350.2,583.75,380.75,0,2,594.9,350.2
46,1514,5415718,572.5,411.4,595.5,351.0,584.0,381.2,0,2,595.5,351.0
46,1515,5415719,572.3,411.5,595.9,351.8,584.1,381.65,0,2,595.9,351.8
46,1516,5415720,572.2,411.6,596.0,352.0,584.1,381.8,0,2,596.0,352.0
46,1517,5415721,572.1,411.5,595.7,352.2,583.9,381.85,0,2,595.7,352.2
46,1518,5415722,571.9,411.6,595.3,352.4,583.6,382.0,0,2,595.3,352.4
46,1519,5415723,571.7,411.9,594.8,352.6,583.25,382.25,0,2,594.8,352.6
46,1520,5415724,571.5,412.2,594.3,352.5,582.9,382.35,0,2,594.3,352.5
46,1521,5415725,571.2,412.4,593.8,352.4,582.5,382.4,0,2,593.8,352.4
46,1522,5415726,570.9,412.8,593.3,352.3,582.1,382.55,0,2,593.3,352.3
46,1523,5415727,570.6,413.4,593.2,352.1,581.9,382.75,0,2,593.2,352.1
46,1524,5415728,570.4,414.0,592.9,352.0,581.65,383.0,0,2,592.9,352.0
46,1525,5415729,570.3,414.7,592.8,351.8,581.55,383.25,0,2,592.8,351.8
46,1526,5415730,570.2,415.3,592.6,351.7,581.4,383.5,0,2,592.6,351.7
46,1527,5415731,570.2,416.0,592.5,351.8,581.35,383.9,0,2,592.5,351.8
46,1528,5415732,570.4,416.7,592.4,351.9,581.4,384.3,0,2,592.4,351.9
46,1529,5415733,570.6,417.4,592.5,352.0,581.55,384.7,0,2,592.5,352.0
46,1530,5415734,570.9,417.9,592.6,352.1,581.75,385.0,0,2,592.6,352.1
46,1531,5415735,571.1,418.4,592.8,352.1,581.95,385.25,0,2,592.8,352.1
46,1532,5415736,571.4,418.8,593.1,352.1,582.25,385.45,0,2,593.1,352.1
46,1533,5415737,571.6,419.1,593.4,352.2,582.5,385.65,0,2,593.4,352.2
47,1534,5415738,571.8,419.4,593.8,352.2,582.8,385.8,0,2,593.8,352.2
47,1535,5415739,571.8,419.6,594.4,352.2,583.1,385.9,0,2,594.4,352.2
47,1536,5415740,571.9,419.8,595.0,352.8,583.45,386.3,0,2,595.0,352.8
47,1537,5415741,572.1,420.0,595.4,353.4,583.75,386.7,0,2,595.4,353.4
47,1538,5415742,572.3,420.2,595.7,354.1,584.0,387.15,0,2,595.7,354.1
47,1539,5415743,572.7,420.2,596.0,355.2,584.35,387.7,0,2,596.0,355.2
47,1540,5415744,573.3,420.1,596.3,356.2,584.8,388.15,0,2,596.3,356.2
47,1541,5415745,574.1,420.0,596.6,357.3,585.35,388.65,0,2,596.6,357.3
47,1542,5415746,574.8,419.9,596.5,358.3,585.65,389.1,0,2,596.5,358.3
47,1543,5415747,575.6,419.8,596.6,358.8,586.1,389.3,0,2,596.6,358.8
47,1544,5415748,576.3,419.7,596.6,359.5,586.45,389.6,0,2,596.6,359.5
47,1545,5415749,577.0,419.7,596.7,360.4,586.85,390.05,0,2,596.7,360.4
47,1546,5415750,577.4,419.7,596.9,360.9,587.15,390.3,0,2,596.9,360.9
47,1547,5415751,577.6,419.8,597.0,361.5,587.3,390.65,0,2,597.0,361.5
47,1548,5415752,577.7,419.8,597.1,362.0,587.4,390.9,0,2,597.1,362.0
47,1549,5415753,577.8,419.8,597.2,362.3,587.5,391.05,0,2,597.2,362.3
47,1550,5415754,577.9,419.9,597.3,362.7,587.6,391.3,0,2,597.3,362.7
47,1551,5415755,578.4,420.0,597.7,362.9,588.05,391.45,0,2,597.7,362.9
47,1552,5415756,579.0,420.3,598.1,363.0,588.55,391.65,0,2,598.1,363.0
47,1553,5415757,579.4,420.6,598.5,363.1,588.95,391.85,0,2,598.5,363.1
47,1554,5415758,579.9,421.3,598.9,363.0,589.4,392.15,0,2,598.9,363.0
47,1555,5415759,580.2,422.1,599.2,362.4,589.7,392.25,0,2,599.2,362.4
47,1556,5415760,580.3,422.8,599.6,361.9,589.95,392.35,0,2,599.6,361.9
47,1557,5415761,580.2,423.4,599.9,361.3,590.05,392.35,0,2,599.9,361.3
47,1558,5415762,579.6,424.0,599.7,361.8,589.65,392.9,0,2,599.7,361.8
47,1559,5415763,579.1,424.4,599.6,362.3,589.35,393.35,0,2,599.6,362.3
47,1560,5415764,578.6,424.3,599.4,362.7,589.0,393.5,0,2,599.4,362.7
47,1561,5415765,578.1,423.8,599.2,363.3,588.65,393.55,0,2,599.2,363.3
47,1562,5415766,577.8,423.2,598.9,364.6,588.35,393.9,0,2,598.9,364.6
47,1563,5415767,577.9,422.7,598.6,366.0,588.25,394.35,0,2,598.6,366.0
47,1564,5415768,578.1,422.3,598.3,367.5,588.2,394.9,0,2,598.3,367.5
47,1565,5415769,578.4,421.8,598.2,368.0,588.3,394.9,0,2,598.2,368.0
47,1566,5415770,578.7,421.3,598.0,368.5,588.35,394.9,0,2,598.0,368.5
48,1567,5415771,579.0,421.1,597.8,368.9,588.4,395.0,0,2,597.8,368.9
48,1568,5415772,579.3,420.9,597.6,369.1,588.45,395.0,0,2,597.6,369.1
48,1569,5415773,579.6,420.8,597.6,368.8,588.6,394.8,0,2,597.6,368.8
48,1570,5415774,579.7,420.7,597.5,368.4,588.6,394.55,0,2,597.5,368.4
48,1571,5415775,579.8,420.6,597.5,367.7,588.65,394.15,0,2,597.5,367.7
48,1572,5415776,579.8,421.2,597.5,366.6,588.65,393.9,0,2,597.5,366.6
48,1573,5415777,579.8,421.9,597.5,365.6,588.65,393.75,0,2,597.5,365.6
48,1574,5415778,579.8,422.6,596.8,364.6,588.3,393.6,0,2,596.8,364.6
48,1575,5415779,579.7,423.3,596.2,363.8,587.95,393.55,0,2,596.2,363.8
48,1576,5415780,579.7,424.0,595.4,363.5,587.55,393.75,0,2,595.4,363.5
48,1577,5415781,579.6,424.8,594.7,363.3,587.15,394.05,0,2,594.7,363.3
48,1578,5415782,579.6,425.4,593.9,363.8,586.75,394.6,0,2,593.9,363.8
48,1579,5415783,579.5,425.5,593.0,364.4,586.25,394.95,0,2,593.0,364.4
48,1580,5415784,579.4,425.4,592.2,365.0,585.8,395.2,0,2,592.2,365.0
48,1581,5415785,579.4,425.3,592.0,365.7,585.7,395.5,0,2,592.0,365.7
48,1582,5415786,579.3,425.3,591.8,366.4,585.55,395.85,0,2,591.8,366.4
48,1583,5415787,579.3,425.2,591.7,367.0,585.5,396.1,0,2,591.7,367.0
48,1584,5415788,579.2,425.1,591.6,367.9,585.4,396.5,0,2,591.6,367.9
48,1585,5415789,579.3,425.1,591.7,368.8,585.5,396.95,0,2,591.7,368.8
48,1586,5415790,579.4,425.1,592.0,369.8,585.7,397.45,0,2,592.0,369.8
48,1587,5415791,579.6,425.2,592.3,370.7,585.95,397.95,0,2,592.3,370.7
48,1588,5415792,579.8,425.2,592.6,371.8,586.2,398.5,0,2,592.6,371.8
48,1589,5415793,579.9,425.2,592.9,372.9,586.4,399.05,0,2,592.9,372.9
48,1590,5415794,580.1,425.3,593.1,374.3,586.6,399.8,0,2,593.1,374.3
48,1591,5415795,580.2,425.1,593.3,375.9,586.75,400.5,0,2,593.3,375.9
48,1592,5415796,580.4,424.5,593.5,377.1,586.95,400.8,0,2,593.5,377.1
48,1593,5415797,580.6,423.9,593.3,378.3,586.95,401.1,0,2,593.3,378.3
48,1594,5415798,580.7,423.2,593.3,379.4,587.0,401.3,0,2,593.3,379.4
48,1595,5415799,581.0,422.5,593.4,380.3,587.2,401.4,0,2,593.4,380.3
48,1596,5415800,581.2,421.6,593.6,381.1,587.4,401.35,0,2,593.6,381.1
48,1597,5415801,581.4,420.6,594.0,381.4,587.7,401.0,0,2,594.0,381.4
48,1598,5415802,581.5,419.8,594.5,381.2,588.0,400.5,0,2,594.5,381.2
48,1599,5415803,581.5,419.2,595.0,381.0,588.25,400.1,0,2,595.0,381.0
48,1600,5415804,581.4,418.5,595.5,380.8,588.45,399.65,0,2,595.5,380.8
49,1601,5415805,581.3,418.0,595.8,380.6,588.55,399.3,0,2,595.8,380.6
49,1602,5415806,581.2,417.9,596.2,380.5,588.7,399.2,0,2,596.2,380.5
49,1603,5415807,581.1,417.9,596.2,380.5,588.65,399.2,0,2,596.2,380.5
49,1604,5415808,581.3,418.1,596.2,380.8,588.75,399.45,0,2,596.2,380.8
49,1605,5415809,581.5,418.2,596.1,381.2,588.8,399.7,0,2,596.1,381.2
49,1606,5415810,581.8,418.2,596.1,381.6,588.95,399.9,0,2,596.1,381.6
49,1607,5415811,582.1,418.3,596.1,381.9,589.1,400.1,0,2,596.1,381.9
49,1608,5415812,582.3,418.3,596.1,382.3,589.2,400.3,0,2,596.1,382.3
49,1609,5415813,582.5,418.1,596.1,382.7,589.3,400.4,0,2,596.1,382.7
49,1610,5415814,582.7,417.9,596.1,383.1,589.4,400.5,0,2,596.1,383.1
49,1611,5415815,582.7,417.8,596.1,383.1,589.4,400.45,0,2,596.1,383.1
49,1612,5415816,582.6,417.7,596.1,383.0,589.35,400.35,0,2,596.1,383.0
49,1613,5415817,582.6,417.9,596.1,382.8,589.35,400.35,0,2,596.1,382.8
49,1614,5415818,582.6,418.2,596.0,382.7,589.3,400.45,0,2,596.0,382.7
49,1615,5415819,582.5,418.6,596.0,382.6,589.25,400.6,0,2,596.0,382.6
49,1616,5415820,582.5,419.2,595.9,382.5,589.2,400.85,0,2,595.9,382.5
49,1617,5415821,582.4,419.8,595.9,382.5,589.15,401.15,0,2,595.9,382.5
49,1618,5415822,582.3,420.3,595.9,382.5,589.1,401.4,0,2,595.9,382.5
49,1619,5415823,582.3,420.9,596.0,382.7,589.15,401.8,0,2,596.0,382.7
49,1620,5415824,582.4,421.3,596.1,382.8,589.25,402.05,0,2,596.1,382.8
49,1621,5415825,582.7,421.8,596.2,382.9,589.45,402.35,0,2,596.2,382.9
49,1622,5415826,583.1,422.3,596.3,383.0,589.7,402.65,0,2,596.3,383.0
49,1623,5415827,583.5,422.6,596.4,383.0,589.95,402.8,0,2,596.4,383.0
49,1624,5415828,584.0,422.9,596.5,383.0,590.25,402.95,0,2,596.5,383.0
49,1625,5415829,584.4,423.2,596.6,382.7,590.5,402.95,0,2,596.6,382.7
49,1626,5415830,584.6,422.9,596.7,382.2,590.65,402.55,0,2,596.7,382.2
49,1627,5415831,584.6,422.4,597.0,380.6,590.8,401.5,0,2,597.0,380.6
49,1628,5415832,584.5,421.8,597.4,379.1,590.95,400.45,0,2,597.4,379.1
49,1629,5415833,584.3,421.2,597.8,377.5,591.05,399.35,0,2,597.8,377.5
49,1630,5415834,584.1,420.6,598.2,375.8,591.15,398.2,0,2,598.2,375.8
49,1631,5415835,583.9,419.8,598.6,374.1,591.25,396.95,0,2,598.6,374.1
49,1632,5415836,583.9,419.0,598.9,372.5,591.4,395.75,0,2,598.9,372.5
49,1633,5415837,583.8,418.3,599.2,371.1,591.5,394.7,0,2,599.2,371.1
50,1634,5415838,584.1,417.5,599.6,370.4,591.85,393.95,0,2,599.6,370.4
50,1635,5415839,584.3,416.9,599.8,369.7,592.05,393.3,0,2,599.8,369.7
50,1636,5415840,584.5,416.3,600.0,369.0,592.25,392.65,0,2,600.0,369.0
50,1637,5415841,584.6,415.5,600.3,368.5,592.45,392.0,0,2,600.3,368.5
50,1638,5415842,584.8,414.7,600.7,368.4,592.75,391.55,0,2,600.7,368.4
50,1639,5415843,584.9,413.9,601.2,368.4,593.05,391.15,0,2,601.2,368.4
50,1640,5415844,584.9,413.6,601.8,368.5,593.35,391.05,0,2,601.8,368.5
50,1641,5415845,584.8,413.4,602.2,368.9,593.5,391.15,0,2,602.2,368.9
50,1642,5415846,584.7,413.1,602.8,369.3,593.75,391.2,0,2,602.8,369.3
50,1643,5415847,584.7,412.9,603.4,369.7,594.05,391.3,0,2,603.4,369.7
50,1644,5415848,584.7,412.8,603.8,370.1,594.25,391.45,0,2,603.8,370.1
50,1645,5415849,584.6,413.0,604.2,370.2,594.4,391.6,0,2,604.2,370.2
50,1646,5415850,584.6,413.2,604.5,370.6,594.55,391.9,0,2,604.5,370.6
50,1647,5415851,584.6,413.3,604.5,372.1,594.55,392.7,0,2,604.5,372.1
50,1648,5415852,584.6,413.5,604.5,373.6,594.55,393.55,0,2,604.5,373.6
50,1649,5415853,584.6,413.8,604.4,375.0,594.5,394.4,0,2,604.4,375.0
50,1650,5415854,584.6,413.9,604.3,376.8,594.45,395.35,0,2,604.3,376.8
50,1651,5415855,584.6,414.3,603.8,378.7,594.2,396.5,0,2,603.8,378.7
50,1652,5415856,584.6,414.7,603.3,380.5,593.95,397.6,0,2,603.3,380.5
50,1653,5415857,584.5,415.1,602.8,382.3,593.65,398.7,0,2,602.8,382.3
50,1654,5415858,584.5,415.7,602.4,383.1,593.45,399.4,0,2,602.4,383.1
50,1655,5415859,584.4,416.5,602.0,383.9,593.2,400.2,0,2,602.0,383.9
50,1656,5415860,584.4,417.4,601.6,384.7,593.0,401.05,0,2,601.6,384.7
50,1657,5415861,584.3,418.3,601.3,385.2,592.8,401.75,0,2,601.3,385.2
50,1658,5415862,584.3,418.9,601.3,385.4,592.8,402.15,0,2,601.3,385.4
50,1659,5415863,584.4,419.4,601.5,385.6,592.95,402.5,0,2,601.5,385.6
50,1660,5415864,584.5,419.9,601.6,385.6,593.05,402.75,0,2,601.6,385.6
50,1661,5415865,584.6,420.1,601.8,385.1,593.2,402.6,0,2,601.8,385.1
50,1662,5415866,584.7,419.9,602.1,384.5,593.4,402.2,0,2,602.1,384.5
50,1663,5415867,584.7,419.8,602.3,383.5,593.5,401.65,0,2,602.3,383.5
50,1664,5415868,584.7,419.6,602.6,382.3,593.65,400.95,0,2,602.6,382.3
50,1665,5415869,584.8,419.5,602.7,381.2,593.75,400.35,0,2,602.7,381.2
50,1666,5415870,584.8,419.4,603.0,379.8,593.9,399.6,0,2,603.0,379.8
51,1667,5415871,584.8,419.5,603.2,378.5,594.0,399.0,0,2,603.2,378.5
51,1668,5415872,584.9,419.5,603.5,377.5,594.2,398.5,0,2,603.5,377.5
51,1669,5415873,585.1,419.5,603.7,376.5,594.4,398.0,0,2,603.7,376.5
51,1670,5415874,585.3,419.4,603.9,376.2,594.6,397.8,0,2,603.9,376.2
51,1671,5415875,585.6,419.4,604.1,376.0,594.85,397.7,0,2,604.1,376.0
51,1672,5415876,585.8,419.3,604.3,376.0,595.05,397.65,0,2,604.3,376.0
51,1673,5415877,585.9,419.2,604.6,376.3,595.25,397.75,0,2,604.6,376.3
51,1674,5415878,586.0,419.1,604.9,376.4,595.45,397.75,0,2,604.9,376.4
51,1675,5415879,585.9,418.9,605.2,376.5,595.55,397.7,0,2,605.2,376.5
51,1676,5415880,585.7,418.9,605.5,376.6,595.6,397.75,0,2,605.5,376.6
51,1677,5415881,585.4,418.8,605.9,376.6,595.65,397.7,0,2,605.9,376.6
51,1678,5415882,585.1,418.7,606.2,376.6,595.65,397.65,0,2,606.2,376.6
51,1679,5415883,585.0,418.8,606.5,376.6,595.75,397.7,0,2,606.5,376.6
51,1680,5415884,585.1,418.9,606.4,376.8,595.75,397.85,0,2,606.4,376.8
51,1681,5415885,585.4,419.4,606.2,377.1,595.8,398.25,0,2,606.2,377.1
51,1682,5415886,585.8,419.9,605.5,377.4,595.65,398.65,0,2,605.5,377.4
51,1683,5415887,586.2,420.4,604.8,377.7,595.5,399.05,0,2,604.8,377.7
51,1684,5415888,586.7,421.0,604.1,378.0,595.4,399.5,0,2,604.1,378.0
51,1685,5415889,587.1,421.6,603.3,378.2,595.2,399.9,0,2,603.3,378.2
51,1686,5415890,587.6,422.2,602.6,378.2,595.1,400.2,0,2,602.6,378.2
51,1687,5415891,587.8,422.6,602.3,378.0,595.05,400.3,0,2,602.3,378.0
51,1688,5415892,587.9,422.7,602.7,377.6,595.3,400.15,0,2,602.7,377.6
51,1689,5415893,588.7,422.3,603.4,377.2,596.05,399.75,0,2,603.4,377.2
51,1690,5415894,590.0,421.9,604.8,376.8,597.4,399.35,0,2,604.8,376.8
51,1691,5415895,591.3,421.5,607.3,376.4,599.3,398.95,0,2,607.3,376.4
51,1692,5415896,592.9,419.0,610.2,374.8,601.55,396.9,0,2,610.2,374.8
51,1693,5415897,594.5,415.7,613.5,372.4,604.0,394.05,0,2,613.5,372.4
51,1694,5415898,596.1,411.5,616.8,368.7,606.45,390.1,0,2,616.8,368.7
51,1695,5415899,598.2,405.8,620.4,364.2,609.3,385.0,0,2,620.4,364.2
51,1696,5415900,599.6,399.1,624.2,358.3,611.9,378.7,0,2,624.2,358.3
51,1697,5415901,600.7,391.1,627.7,349.2,614.2,370.15,0,2,627.7,349.2
51,1698,5415902,601.6,382.1,630.5,338.5,616.05,360.3,0,2,630.5,338.5
51,1699,5415903,602.4,374.1,633.2,328.1,617.8,351.1,0,2,633.2,328.1
51,1700,5415904,603.1,366.7,635.4,317.7,619.25,342.2,0,2,635.4,317.7
52,1701,5415905,603.6,360.2,637.5,308.5,620.55,334.35,0,2,637.5,308.5
52,1702,5415906,603.7,354.8,638.7,300.4,621.2,327.6,0,2,638.7,300.4
52,1703,5415907,603.8,350.8,639.1,293.7,621.45,322.25,0,2,639.1,293.7
52,1704,5415908,604.4,347.9,639.0,290.2,621.7,319.05,0,2,639.0,290.2
52,1705,5415909,604.9,346.2,638.6,288.3,621.75,317.25,0,2,638.6,288.3
52,1706,5415910,606.0,346.0,637.8,288.5,621.9,317.25,0,2,637.8,288.5
52,1707,5415911,607.1,347.1,636.8,290.3,621.95,318.7,0,2,636.8,290.3
52,1708,5415912,608.3,348.3,635.8,292.1,622.05,320.2,0,2,635.8,292.1
52,1709,5415913,610.2,350.0,635.1,294.0,622.65,322.0,1,2,635.1,294.0
52,1710,5415914,612.1,351.7,634.8,295.9,623.45,323.8,0,2,634.8,295.9
52,1711,5415915,614.3,353.7,635.6,298.3,624.95,326.0,0,2,635.6,298.3
52,1712,5415916,617.1,355.5,636.8,300.6,626.95,328.05,0,2,636.8,300.6
52,1713,5415917,619.7,356.9,638.1,302.2,628.9,329.55,0,2,638.1,302.2
52,1714,5415918,622.3,357.2,639.5,303.2,630.9,330.2,0,2,639.5,303.2
52,1715,5415919,624.8,357.4,640.9,304.3,632.85,330.85,0,2,640.9,304.3
52,1716,5415920,626.7,357.3,642.4,305.2,634.55,331.25,0,2,642.4,305.2
52,1717,5415921,628.5,357.1,643.9,305.9,636.2,331.5,0,2,643.9,305.9
52,1718,5415922,629.4,356.9,643.7,306.1,636.55,331.5,1,2,643.7,306.1
52,1719,5415923,629.8,356.7,643.3,306.1,636.55,331.4,0,2,643.3,306.1
52,1720,5415924,629.2,356.6,642.9,305.9,636.05,331.25,0,2,642.9,305.9
52,1721,5415925,628.3,356.9,642.3,305.6,635.3,331.25,0,2,642.3,305.6
52,1722,5415926,627.4,357.4,641.4,305.3,634.4,331.35,0,2,641.4,305.3
52,1723,5415927,626.5,358.1,640.2,304.9,633.35,331.5,0,2,640.2,304.9
52,1724,5415928,625.6,359.2,639.0,304.5,632.3,331.85,0,2,639.0,304.5
52,1725,5415929,624.7,360.3,638.4,304.1,631.55,332.2,0,2,638.4,304.1
52,1726,5415930,624.0,361.2,637.7,304.6,630.85,332.9,0,2,637.7,304.6
52,1727,5415931,624.3,362.0,636.9,305.0,630.6,333.5,0,2,636.9,305.0
52,1728,5415932,624.9,362.3,636.1,306.5,630.5,334.4,0,2,636.1,306.5
52,1729,5415933,625.4,362.5,635.5,308.0,630.45,335.25,0,2,635.5,308.0
52,1730,5415934,626.0,362.6,634.6,309.4,630.3,336.0,0,2,634.6,309.4
52,1731,5415935,626.5,362.3,633.7,310.4,630.1,336.35,0,2,633.7,310.4
52,1732,5415936,627.0,361.9,632.9,311.4,629.95,336.65,0,2,632.9,311.4
52,1733,5415937,627.3,361.7,632.3,311.7,629.8,336.7,0,2,632.3,311.7
53,1734,5415938,627.4,361.5,631.9,312.0,629.65,336.75,0,2,631.9,312.0
53,1735,5415939,627.3,361.5,632.2,311.3,629.75,336.4,0,2,632.2,311.3
53,1736,5415940,627.1,361.5,632.6,310.7,629.85,336.1,1,2,632.6,310.7
53,1737,5415941,626.8,361.5,633.3,310.2,630.05,335.85,0,2,633.3,310.2
53,1738,5415942,626.6,361.5,634.2,310.1,630.4,335.8,0,2,634.2,310.1
53,1739,5415943,626.3,362.0,635.5,309.1,630.9,335.55,0,2,635.5,309.1
53,1740,5415944,625.9,362.4,636.5,308.0,631.2,335.2,0,2,636.5,308.0
53,1741,5415945,625.6,362.8,637.5,306.9,631.55,334.85,0,2,637.5,306.9
53,1742,5415946,625.5,363.4,638.1,305.8,631.8,334.6,0,2,638.1,305.8
53,1743,5415947,625.5,363.9,638.9,304.8,632.2,334.35,0,2,638.9,304.8
53,1744,5415948,625.6,364.4,639.8,303.9,632.7,334.15,0,2,639.8,303.9
53,1745,5415949,625.6,364.9,640.3,303.3,632.95,334.1,0,2,640.3,303.3
53,1746,5415950,625.8,365.1,640.6,303.6,633.2,334.35,0,2,640.6,303.6
53,1747,5415951,626.1,365.4,640.8,304.0,633.45,334.7,0,2,640.8,304.0
53,1748,5415952,626.4,366.1,641.0,304.3,633.7,335.2,0,2,641.0,304.3
53,1749,5415953,626.7,366.7,640.7,304.8,633.7,335.75,0,2,640.7,304.8
53,1750,5415954,626.8,367.5,640.3,305.3,633.55,336.4,0,2,640.3,305.3
53,1751,5415955,627.0,368.3,639.6,306.5,633.3,337.4,0,2,639.6,306.5
53,1752,5415956,627.3,369.1,639.1,307.5,633.2,338.3,0,2,639.1,307.5
53,1753,5415957,627.6,369.8,638.6,308.4,633.1,339.1,0,2,638.6,308.4
53,1754,5415958,627.7,370.4,638.1,309.2,632.9,339.8,0,2,638.1,309.2
53,1755,5415959,627.9,370.7,637.7,309.8,632.8,340.25,1,2,637.7,309.8
53,1756,5415960,628.1,371.3,637.6,310.2,632.85,340.75,0,2,637.6,310.2
53,1757,5415961,628.3,371.7,637.5,310.6,632.9,341.15,0,2,637.5,310.6
53,1758,5415962,628.5,372.2,637.5,310.0,633.0,341.1,0,2,637.5,310.0
53,1759,5415963,628.7,372.8,637.1,309.3,632.9,341.05,0,2,637.1,309.3
53,1760,5415964,629.0,373.4,636.7,308.7,632.85,341.05,0,2,636.7,308.7
53,1761,5415965,629.2,373.8,636.3,308.1,632.75,340.95,0,2,636.3,308.1
53,1762,5415966,629.4,374.0,635.9,307.9,632.65,340.95,0,2,635.9,307.9
53,1763,5415967,629.5,373.9,635.5,307.5,632.5,340.7,1,2,635.5,307.5
53,1764,5415968,629.6,373.5,635.1,307.3,632.35,340.4,0,2,635.1,307.3
53,1765,5415969,629.5,372.9,634.5,308.1,632.0,340.5,0,2,634.5,308.1
53,1766,5415970,629.3,372.1,634.4,309.0,631.85,340.55,0,2,634.4,309.0
54,1767,5415971,629.1,371.5,634.3,309.9,631.7,340.7,0,2,634.3,309.9
54,1768,5415972,628.8,370.8,634.2,311.2,631.5,341.0,0,2,634.2,311.2
54,1769,5415973,628.6,370.2,633.9,313.4,631.25,341.8,0,2,633.9,313.4
54,1770,5415974,628.4,369.8,633.7,315.8,631.05,342.8,0,2,633.7,315.8
54,1771,5415975,628.3,369.4,633.4,318.2,630.85,343.8,0,2,633.4,318.2
54,1772,5415976,628.2,369.4,633.2,320.3,630.7,344.85,1,2,633.2,320.3
54,1773,5415977,628.2,369.3,633.2,322.4,630.7,345.85,0,2,633.2,322.4
54,1774,5415978,628.2,369.3,633.2,324.4,630.7,346.85,0,2,633.2,324.4
54,1775,5415979,628.4,369.4,633.7,326.9,631.05,348.15,0,2,633.7,326.9
54,1776,5415980,628.5,369.5,634.2,328.6,631.35,349.05,0,2,634.2,328.6
54,1777,5415981,628.5,369.6,634.8,330.1,631.65,349.85,0,2,634.8,330.1
54,1778,5415982,628.6,369.7,635.3,331.5,631.95,350.6,0,2,635.3,331.5
54,1779,5415983,628.7,369.8,635.8,332.4,632.25,351.1,0,2,635.8,332.4
54,1780,5415984,628.7,370.0,636.1,333.5,632.4,351.75,0,2,636.1,333.5
54,1781,5415985,628.7,370.2,636.3,334.8,632.5,352.5,0,2,636.3,334.8
54,1782,5415986,628.6,370.4,636.0,335.5,632.3,352.95,0,2,636.0,335.5
54,1783,5415987,628.6,370.5,635.7,336.0,632.15,353.25,0,2,635.7,336.0
54,1784,5415988,628.7,370.6,635.4,336.6,632.05,353.6,0,2,635.4,336.6
54,1785,5415989,628.9,370.4,634.9,337.2,631.9,353.8,0,2,634.9,337.2
54,1786,5415990,629.1,370.1,634.5,338.0,631.8,354.05,0,2,634.5,338.0
54,1787,5415991,629.3,369.5,634.2,338.5,631.75,354.0,0,2,634.2,338.5
54,1788,5415992,629.5,368.9,633.9,338.8,631.7,353.85,0,2,633.9,338.8
54,1789,5415993,629.7,368.3,633.9,339.0,631.8,353.65,0,2,633.9,339.0
54,1790,5415994,629.9,367.8,634.1,339.1,632.0,353.45,1,2,634.1,339.1
54,1791,5415995,630.0,367.4,634.3,339.0,632.15,353.2,0,2,634.3,339.0
54,1792,5415996,630.0,367.1,634.6,338.7,632.3,352.9,0,2,634.6,338.7
54,1793,5415997,630.1,367.0,635.0,338.4,632.55,352.7,0,2,635.0,338.4
54,1794,5415998,630.0,366.9,635.8,338.1,632.9,352.5,0,2,635.8,338.1
54,1795,5415999,630.0,366.9,636.7,337.8,633.35,352.35,0,2,636.7,337.8
54,1796,5416000,630.0,366.8,637.2,337.5,633.6,352.15,0,2,637.2,337.5
54,1797,5416001,630.0,366.7,637.8,337.2,633.9,351.95,0,2,637.8,337.2
54,1798,5416002,630.0,366.7,638.2,337.0,634.1,351.85,1,2,638.2,337.0
54,1799,5416003,630.0,366.8,638.7,336.8,634.35,351.8,0,2,638.7,336.8
54,1800,5416004,630.0,366.8,639.1,336.6,634.55,351.7,0,2,639.1,336.6
55,1801,5416005,630.0,366.9,639.1,336.2,634.55,351.55,0,2,639.1,336.2
55,1802,5416006,630.0,367.0,639.3,335.9,634.65,351.45,0,2,639.3,335.9
55,1803,5416007,630.0,367.2,639.4,335.6,634.7,351.4,0,2,639.4,335.6
55,1804,5416008,630.0,367.3,639.6,335.3,634.8,351.3,0,2,639.6,335.3
55,1805,5416009,630.1,367.4,639.9,335.0,635.0,351.2,0,2,639.9,335.0
55,1806,5416010,630.3,367.4,640.3,334.8,635.3,351.1,0,2,640.3,334.8
55,1807,5416011,630.5,367.4,640.6,334.5,635.55,350.95,0,2,640.6,334.5
55,1808,5416012,630.8,367.4,640.9,334.2,635.85,350.8,1,2,640.9,334.2
55,1809,5416013,631.0,367.4,641.1,333.9,636.05,350.65,0,2,641.1,333.9
55,1810,5416014,631.3,367.4,641.3,333.7,636.3,350.55,0,2,641.3,333.7
55,1811,5416015,631.7,367.2,641.4,333.5,636.55,350.35,0,2,641.4,333.5
55,1812,5416016,631.9,366.9,641.1,333.4,636.5,350.15,0,2,641.1,333.4
55,1813,5416017,632.1,366.5,640.8,333.4,636.45,349.95,0,2,640.8,333.4
55,1814,5416018,632.2,366.2,640.4,333.7,636.3,349.95,0,2,640.4,333.7
55,1815,5416019,632.3,365.7,640.0,334.3,636.15,350.0,0,2,640.0,334.3
55,1816,5416020,632.4,365.2,639.6,335.0,636.0,350.1,1,2,639.6,335.0
55,1817,5416021,632.4,364.7,639.4,335.7,635.9,350.2,0,2,639.4,335.7
55,1818,5416022,632.4,364.6,639.2,336.4,635.8,350.5,0,2,639.2,336.4
55,1819,5416023,632.5,364.6,639.5,337.1,636.0,350.85,0,2,639.5,337.1
55,1820,5416024,632.5,364.8,639.7,337.6,636.1,351.2,0,2,639.7,337.6
55,1821,5416025,632.5,365.0,639.9,338.1,636.2,351.55,0,2,639.9,338.1
55,1822,5416026,632.5,365.5,640.1,338.2,636.3,351.85,0,2,640.1,338.2
55,1823,5416027,632.6,365.9,640.1,338.2,636.35,352.05,0,2,640.1,338.2
55,1824,5416028,632.6,366.4,640.1,338.3,636.35,352.35,0,2,640.1,338.3
55,1825,5416029,632.7,366.7,639.9,338.1,636.3,352.4,0,2,639.9,338.1
55,1826,5416030,632.7,366.8,639.6,337.9,636.15,352.35,0,2,639.6,337.9
55,1827,5416031,632.8,366.6,639.4,336.7,636.1,351.65,0,2,639.4,336.7
55,1828,5416032,632.9,366.4,639.1,335.4,636.0,350.9,0,2,639.1,335.4
55,1829,5416033,633.1,366.0,638.8,334.1,635.95,350.05,0,2,638.8,334.1
55,1830,5416034,633.2,365.6,638.5,332.8,635.85,349.2,0,2,638.5,332.8
55,1831,5416035,633.4,365.3,638.1,332.4,635.75,348.85,0,2,638.1,332.4
55,1832,5416036,633.6,365.3,637.7,332.0,635.65,348.65,0,2,637.7,332.0
55,1833,5416037,633.9,365.3,637.4,332.0,635.65,348.65,0,2,637.4,332.0
56,1834,5416038,634.2,365.7,637.3,333.2,635.75,349.45,0,2,637.3,333.2
56,1835,5416039,634.6,366.1,637.4,334.5,636.0,350.3,0,2,637.4,334.5
56,1836,5416040,634.9,366.5,637.7,335.7,636.3,351.1,0,2,637.7,335.7
56,1837,5416041,635.2,366.8,638.0,336.9,636.6,351.85,0,2,638.0,336.9
56,1838,5416042,635.4,367.1,638.5,336.8,636.95,351.95,0,2,638.5,336.8
56,1839,5416043,635.6,367.1,638.9,336.6,637.25,351.85,0,2,638.9,336.6
56,1840,5416044,635.7,367.2,639.3,336.3,637.5,351.75,0,2,639.3,336.3
56,1841,5416045,635.8,367.2,639.4,335.8,637.6,351.5,0,2,639.4,335.8
56,1842,5416046,635.8,367.4,639.4,334.6,637.6,351.0,0,2,639.4,334.6
56,1843,5416047,635.8,367.5,639.3,333.4,637.55,350.45,1,2,639.3,333.4
56,1844,5416048,635.6,367.6,639.3,331.1,637.45,349.35,0,2,639.3,331.1
56,1845,5416049,635.4,367.6,639.2,329.0,637.3,348.3,0,2,639.2,329.0
56,1846,5416050,635.2,367.7,639.3,326.8,637.25,347.25,0,2,639.3,326.8
56,1847,5416051,635.1,367.8,639.5,324.6,637.3,346.2,0,2,639.5,324.6
56,1848,5416052,635.0,368.0,640.3,322.1,637.65,345.05,0,2,640.3,322.1
56,1849,5416053,634.9,368.5,641.3,320.3,638.1,344.4,0,2,641.3,320.3
56,1850,5416054,634.9,368.9,642.5,318.5,638.7,343.7,0,2,642.5,318.5
56,1851,5416055,635.0,369.4,643.9,317.6,639.45,343.5,0,2,643.9,317.6
56,1852,5416056,635.2,369.8,645.4,316.8,640.3,343.3,1,2,645.4,316.8
56,1853,5416057,635.3,370.7,646.9,315.3,641.1,343.0,0,2,646.9,315.3
56,1854,5416058,635.4,371.5,648.1,313.9,641.75,342.7,0,2,648.1,313.9
56,1855,5416059,635.4,372.3,648.9,312.7,642.15,342.5,0,2,648.9,312.7
56,1856,5416060,635.6,372.6,649.1,311.6,642.35,342.1,0,2,649.1,311.6
56,1857,5416061,635.9,372.5,648.5,310.6,642.2,341.55,0,2,648.5,310.6
56,1858,5416062,636.2,372.3,647.5,309.9,641.85,341.1,0,2,647.5,309.9
56,1859,5416063,636.4,372.0,646.4,309.4,641.4,340.7,0,2,646.4,309.4
56,1860,5416064,636.7,370.8,645.0,309.7,640.85,340.25,0,2,645.0,309.7
56,1861,5416065,636.9,369.6,643.6,309.9,640.25,339.75,0,2,643.6,309.9
56,1862,5416066,637.1,368.3,642.2,309.9,639.65,339.1,0,2,642.2,309.9
56,1863,5416067,637.1,367.2,641.1,310.0,639.1,338.6,0,2,641.1,310.0
56,1864,5416068,637.0,366.6,640.4,310.2,638.7,338.4,0,2,640.4,310.2
56,1865,5416069,636.9,366.2,639.9,310.6,638.4,338.4,0,2,639.9,310.6
56,1866,5416070,636.8,365.9,639.5,311.1,638.15,338.5,0,2,639.5,311.1
57,1867,5416071,636.7,366.0,640.0,311.4,638.35,338.7,0,2,640.0,311.4
57,1868,5416072,636.7,366.5,640.9,311.8,638.8,339.15,0,2,640.9,311.8
57,1869,5416073,636.6,367.0,642.7,312.2,639.65,339.6,0,2,642.7,312.2
57,1870,5416074,636.6,367.6,644.6,312.5,640.6,340.05,0,2,644.6,312.5
57,1871,5416075,636.5,368.1,646.6,312.6,641.55,340.35,1,2,646.6,312.6
57,1872,5416076,636.4,368.2,648.7,312.3,642.55,340.25,0,2,648.7,312.3
57,1873,5416077,636.4,368.3,650.8,311.9,643.6,340.1,0,2,650.8,311.9
57,1874,5416078,636.4,368.4,652.1,311.4,644.25,339.9,0,2,652.1,311.4
57,1875,5416079,636.4,368.2,653.1,311.0,644.75,339.6,0,2,653.1,311.0
57,1876,5416080,636.3,367.8,652.8,310.6,644.55,339.2,0,2,652.8,310.6
57,1877,5416081,636.3,367.4,651.6,310.3,643.95,338.85,0,2,651.6,310.3
57,1878,5416082,636.4,366.9,650.3,310.1,643.35,338.5,0,2,650.3,310.1
57,1879,5416083,636.4,366.7,648.7,309.9,642.55,338.3,0,2,648.7,309.9
57,1880,5416084,636.4,366.5,647.0,309.8,641.7,338.15,0,2,647.0,309.8
57,1881,5416085,636.3,366.3,645.1,309.9,640.7,338.1,0,2,645.1,309.9
57,1882,5416086,636.3,366.1,643.3,310.1,639.8,338.1,0,2,643.3,310.1
57,1883,5416087,636.2,365.9,641.7,310.1,638.95,338.0,0,2,641.7,310.1
57,1884,5416088,636.1,365.8,641.3,310.2,638.7,338.0,0,2,641.3,310.2
57,1885,5416089,636.1,365.8,641.0,310.3,638.55,338.05,0,2,641.0,310.3
57,1886,5416090,636.0,365.8,641.4,310.5,638.7,338.15,0,2,641.4,310.5
57,1887,5416091,636.0,365.8,642.8,310.6,639.4,338.2,0,2,642.8,310.6
57,1888,5416092,635.9,365.8,644.5,310.6,640.2,338.2,0,2,644.5,310.6
57,1889,5416093,635.8,365.9,646.3,310.2,641.05,338.05,0,2,646.3,310.2
57,1890,5416094,635.7,366.0,648.1,309.8,641.9,337.9,0,2,648.1,309.8
57,1891,5416095,635.6,366.0,649.8,309.3,642.7,337.65,0,2,649.8,309.3
57,1892,5416096,635.6,366.1,651.2,308.8,643.4,337.45,0,2,651.2,308.8
57,1893,5416097,635.6,365.9,653.0,308.2,644.3,337.05,0,2,653.0,308.2
57,1894,5416098,636.1,365.6,654.1,307.6,645.1,336.6,0,2,654.1,307.6
57,1895,5416099,636.6,365.3,655.4,307.1,646.0,336.2,0,2,655.4,307.1
57,1896,5416100,639.3,364.9,658.1,307.1,648.7,336.0,0,2,658.1,307.1
57,1897,5416101,642.0,364.6,662.1,307.0,652.05,335.8,0,2,662.1,307.0
57,1898,5416102,647.3,364.2,667.7,306.7,657.5,335.45,0,2,667.7,306.7
57,1899,5416103,653.6,363.3,675.0,305.7,664.3,334.5,0,2,675.0,305.7
57,1900,5416104,663.0,361.1,684.6,303.9,673.8,332.5,0,2,684.6,303.9
58,1901,5416105,674.3,358.9,696.1,301.1,685.2,330.0,0,2,696.1,301.1
58,1902,5416106,687.9,356.5,710.9,298.2,699.4,327.35,0,2,710.9,298.2
58,1903,5416107,702.1,354.0,726.9,294.7,714.5,324.35,0,2,726.9,294.7
58,1904,5416108,718.5,350.8,744.0,291.3,731.25,321.05,0,2,744.0,291.3
58,1905,5416109,734.6,347.4,761.4,288.1,748.0,317.75,0,2,761.4,288.1
58,1906,5416110,751.9,344.2,777.3,283.5,764.6,313.85,0,2,777.3,283.5
58,1907,5416111,767.0,342.3,791.6,279.8,779.3,311.05,0,2,791.6,279.8
58,1908,5416112,781.0,340.4,805.2,276.5,793.1,308.45,0,2,805.2,276.5
58,1909,5416113,794.1,338.6,816.4,273.1,805.25,305.85,0,2,816.4,273.1
58,1910,5416114,804.9,337.0,825.1,270.5,815.0,303.75,0,2,825.1,270.5
58,1911,5416115,814.0,336.7,832.1,268.1,823.05,302.4,0,2,832.1,268.1
58,1912,5416116,822.1,336.7,838.0,266.5,830.05,301.6,0,2,838.0,266.5
58,1913,5416117,828.6,337.9,844.2,266.8,836.4,302.35,0,2,844.2,266.8
58,1914,5416118,834.4,339.2,850.0,268.6,842.2,303.9,0,2,850.0,268.6
58,1915,5416119,840.9,340.5,855.2,272.6,848.05,306.55,0,2,855.2,272.6
58,1916,5416120,847.1,341.9,860.5,276.6,853.8,309.25,0,2,860.5,276.6
58,1917,5416121,854.7,343.3,867.6,280.4,861.15,311.85,0,2,867.6,280.4
58,1918,5416122,862.9,343.9,875.3,283.8,869.1,313.85,0,2,875.3,283.8
58,1919,5416123,872.3,344.3,884.0,286.3,878.15,315.3,0,2,884.0,286.3
58,1920,5416124,882.6,343.2,893.8,288.3,888.2,315.75,0,2,893.8,288.3
58,1921,5416125,894.4,341.5,904.0,288.6,899.2,315.05,0,2,904.0,288.6
58,1922,5416126,906.2,339.6,915.2,287.1,910.7,313.35,0,2,915.2,287.1
58,1923,5416127,917.8,337.6,926.4,285.7,922.1,311.65,0,2,926.4,285.7
58,1924,5416128,928.1,335.5,936.3,284.3,932.2,309.9,0,2,936.3,284.3
58,1925,5416129,937.4,334.0,944.9,283.1,941.15,308.55,0,2,944.9,283.1
58,1926,5416130,944.3,333.1,951.9,282.0,948.1,307.55,0,2,951.9,282.0
58,1927,5416131,949.6,332.8,957.3,281.5,953.45,307.15,0,2,957.3,281.5
58,1928,5416132,952.6,333.9,960.7,281.4,956.65,307.65,0,2,960.7,281.4
58,1929,5416133,953.3,335.5,960.9,282.5,957.1,309.0,0,2,960.9,282.5
58,1930,5416134,952.2,337.2,959.6,283.6,955.9,310.4,0,2,959.6,283.6
58,1931,5416135,949.4,339.1,956.5,284.9,952.95,312.0,0,2,956.5,284.9
58,1932,5416136,944.9,341.0,952.0,286.3,948.45,313.65,0,2,952.0,286.3
58,1933,5416137,939.6,342.6,946.9,288.1,943.25,315.35,0,2,946.9,288.1
59,1934,5416138,933.8,344.4,941.2,289.9,937.5,317.15,0,2,941.2,289.9
59,1935,5416139,928.3,345.2,935.7,292.6,932.0,318.9,0,2,935.7,292.6
59,1936,5416140,923.5,346.0,931.2,294.3,927.35,320.15,0,2,931.2,294.3
59,1937,5416141,919.6,346.3,927.4,296.0,923.5,321.15,0,2,927.4,296.0
59,1938,5416142,917.3,346.3,924.5,297.5,920.9,321.9,0,2,924.5,297.5
59,1939,5416143,916.4,345.9,923.2,298.8,919.8,322.35,0,2,923.2,298.8
59,1940,5416144,916.9,345.4,923.4,299.5,920.15,322.45,0,2,923.4,299.5
59,1941,5416145,918.7,343.5,924.8,300.2,921.75,321.85,0,2,924.8,300.2
59,1942,5416146,920.5,341.7,927.5,299.8,924.0,320.75,0,2,927.5,299.8
59,1943,5416147,922.3,340.0,930.2,298.9,926.25,319.45,0,2,930.2,298.9
59,1944,5416148,924.0,339.1,933.6,298.1,928.8,318.6,0,2,933.6,298.1
59,1945,5416149,925.6,338.4,937.1,297.3,931.35,317.85,0,2,937.1,297.3
59,1946,5416150,927.6,337.8,940.4,296.8,934.0,317.3,0,2,940.4,296.8
59,1947,5416151,929.0,337.4,943.1,296.5,936.05,316.95,0,2,943.1,296.5
59,1948,5416152,929.7,338.4,945.4,296.4,937.55,317.4,0,2,945.4,296.4
59,1949,5416153,930.4,339.3,946.7,296.5,938.55,317.9,0,2,946.7,296.5
59,1950,5416154,931.1,340.3,947.9,297.3,939.5,318.8,0,2,947.9,297.3
59,1951,5416155,931.7,341.0,948.3,298.1,940.0,319.55,0,2,948.3,298.1
59,1952,5416156,932.1,341.6,948.8,299.0,940.45,320.3,0,2,948.8,299.0
59,1953,5416157,931.8,342.6,949.2,299.9,940.5,321.25,0,2,949.2,299.9
59,1954,5416158,931.0,343.8,948.8,301.4,939.9,322.6,0,2,948.8,301.4
59,1955,5416159,930.3,344.8,948.3,302.7,939.3,323.75,0,2,948.3,302.7
59,1956,5416160,929.5,345.9,947.8,304.0,938.65,324.95,0,2,947.8,304.0
59,1957,5416161,928.8,347.0,947.4,305.0,938.1,326.0,0,2,947.4,305.0
59,1958,5416162,928.1,348.5,946.9,306.1,937.5,327.3,0,2,946.9,306.1
59,1959,5416163,927.4,350.1,946.4,307.3,936.9,328.7,0,2,946.4,307.3
59,1960,5416164,927.1,351.1,946.0,308.6,936.55,329.85,0,2,946.0,308.6
59,1961,5416165,927.1,351.7,945.6,309.0,936.35,330.35,0,2,945.6,309.0
59,1962,5416166,927.1,352.4,945.4,309.7,936.25,331.05,0,2,945.4,309.7
59,1963,5416167,927.3,352.9,945.2,310.4,936.25,331.65,0,2,945.2,310.4
59,1964,5416168,927.5,353.4,944.8,311.4,936.15,332.4,0,2,944.8,311.4
59,1965,5416169,928.0,353.3,944.1,312.4,936.05,332.85,0,2,944.1,312.4
59,1966,5416170,928.6,353.2,943.2,313.3,935.9,333.25,0,2,943.2,313.3
60,1967,5416171,929.2,353.2,942.1,314.4,935.65,333.8,0,2,942.1,314.4
60,1968,5416172,929.9,353.2,941.0,315.6,935.45,334.4,0,2,941.0,315.6
60,1969,5416173,930.5,353.2,939.9,316.5,935.2,334.85,0,2,939.9,316.5
60,1970,5416174,931.1,353.3,938.8,317.4,934.95,335.35,0,2,938.8,317.4
60,1971,5416175,931.6,353.3,937.3,317.9,934.45,335.6,0,2,937.3,317.9
60,1972,5416176,931.9,353.3,936.2,318.5,934.05,335.9,0,2,936.2,318.5
60,1973,5416177,932.0,353.5,935.0,319.1,933.5,336.3,0,2,935.0,319.1
60,1974,5416178,932.1,353.5,933.9,319.5,933.0,336.5,0,2,933.9,319.5
60,1975,5416179,931.8,353.6,932.9,319.8,932.35,336.7,0,2,932.9,319.8
60,1976,5416180,931.5,353.7,931.9,320.2,931.7,336.95,0,2,931.9,320.2
60,1977,5416181,931.0,353.9,931.0,320.6,931.0,337.25,0,2,931.0,320.6
60,1978,5416182,930.6,354.2,930.6,320.6,930.6,337.4,0,2,930.6,320.6
60,1979,5416183,930.2,354.7,930.1,320.5,930.15,337.6,0,2,930.1,320.5
60,1980,5416184,929.8,355.2,930.2,320.2,930.0,337.7,0,2,930.2,320.2
60,1981,5416185,929.5,356.3,930.3,320.0,929.9,338.15,0,2,930.3,320.0
60,1982,5416186,929.6,357.3,930.5,319.7,930.05,338.5,0,2,930.5,319.7
60,1983,5416187,930.0,358.6,930.6,319.4,930.3,339.0,0,2,930.6,319.4
60,1984,5416188,930.5,359.9,931.0,318.9,930.75,339.4,0,2,931.0,318.9
60,1985,5416189,930.9,360.9,931.4,318.7,931.15,339.8,0,2,931.4,318.7
60,1986,5416190,931.3,362.4,931.7,318.5,931.5,340.45,0,2,931.7,318.5
60,1987,5416191,931.7,363.7,932.1,318.2,931.9,340.95,0,2,932.1,318.2
60,1988,5416192,932.1,364.6,932.4,317.9,932.25,341.25,0,2,932.4,317.9
60,1989,5416193,932.4,365.4,932.7,317.4,932.55,341.4,0,2,932.7,317.4
60,1990,5416194,932.4,365.8,933.0,316.9,932.7,341.35,0,2,933.0,316.9
60,1991,5416195,932.6,366.0,933.1,316.4,932.85,341.2,0,2,933.1,316.4
60,1992,5416196,932.6,366.0,933.2,315.9,932.9,340.95,0,2,933.2,315.9
60,1993,5416197,932.7,365.5,933.4,314.9,933.05,340.2,0,2,933.4,314.9
60,1994,5416198,932.7,364.8,933.7,313.9,933.2,339.35,0,2,933.7,313.9
60,1995,5416199,932.7,364.2,934.0,312.9,933.35,338.55,0,2,934.0,312.9
60,1996,5416200,932.7,363.3,934.3,312.2,933.5,337.75,0,2,934.3,312.2
60,1997,5416201,932.6,362.5,934.7,311.5,933.65,337.0,0,2,934.7,311.5
60,1998,5416202,932.5,361.9,935.1,311.1,933.8,336.5,0,2,935.1,311.1
60,1999,5416203,932.4,361.5,935.9,310.8,934.15,336.15,0,2,935.9,310.8
60,2000,5416204,932.3,361.4,936.6,311.0,934.45,336.2,0,2,936.6,311.0
61,2001,5416205,932.3,361.3,937.1,311.3,934.7,336.3,0,2,937.1,311.3
61,2002,5416206,932.3,361.2,937.7,311.3,935.0,336.25,0,2,937.7,311.3
61,2003,5416207,932.3,361.3,938.3,311.1,935.3,336.2,0,2,938.3,311.1
61,2004,5416208,932.2,361.3,938.8,310.9,935.5,336.1,0,2,938.8,310.9
61,2005,5416209,932.2,361.1,939.1,310.7,935.65,335.9,0,2,939.1,310.7
61,2006,5416210,932.1,360.9,939.0,310.4,935.55,335.65,0,2,939.0,310.4
61,2007,5416211,932.0,360.5,938.8,310.2,935.4,335.35,0,2,938.8,310.2
61,2008,5416212,931.9,360.2,938.1,310.0,935.0,335.1,0,2,938.1,310.0
61,2009,5416213,931.8,360.0,937.3,310.0,934.55,335.0,0,2,937.3,310.0
61,2010,5416214,931.7,359.8,936.4,310.1,934.05,334.95,0,2,936.4,310.1
61,2011,5416215,931.6,359.8,935.6,310.3,933.6,335.05,0,2,935.6,310.3
61,2012,5416216,931.5,360.0,934.6,310.7,933.05,335.35,0,2,934.6,310.7
61,2013,5416217,931.6,360.5,933.7,311.7,932.65,336.1,0,2,933.7,311.7
61,2014,5416218,931.7,361.0,932.8,312.7,932.25,336.85,0,2,932.8,312.7
61,2015,5416219,931.9,361.5,932.0,313.7,931.95,337.6,0,2,932.0,313.7
61,2016,5416220,932.1,361.9,931.2,314.5,931.65,338.2,0,2,931.2,314.5
61,2017,5416221,932.4,362.4,930.5,315.4,931.45,338.9,0,2,930.5,315.4
61,2018,5416222,932.7,362.8,929.7,316.0,931.2,339.4,0,2,929.7,316.0
61,2019,5416223,932.9,362.6,928.9,316.4,930.9,339.5,0,2,928.9,316.4
61,2020,5416224,933.2,362.2,927.9,316.2,930.55,339.2,0,2,927.9,316.2
61,2021,5416225,933.4,361.8,927.0,316.0,930.2,338.9,0,2,927.0,316.0
61,2022,5416226,933.6,361.5,926.5,315.6,930.05,338.55,0,2,926.5,315.6
61,2023,5416227,933.7,361.2,926.2,315.0,929.95,338.1,0,2,926.2,315.0
61,2024,5416228,933.7,361.0,926.0,314.3,929.85,337.65,0,2,926.0,314.3
61,2025,5416229,933.8,360.9,925.8,313.4,929.8,337.15,0,2,925.8,313.4
61,2026,5416230,933.7,361.3,925.9,312.5,929.8,336.9,0,2,925.9,312.5
61,2027,5416231,933.7,361.8,926.2,310.9,929.95,336.35,0,2,926.2,310.9
61,2028,5416232,933.6,362.1,926.6,309.3,930.1,335.7,0,2,926.6,309.3
61,2029,5416233,933.8,362.3,927.0,308.0,930.4,335.15,0,2,927.0,308.0
61,2030,5416234,933.9,362.0,927.3,306.4,930.6,334.2,0,2,927.3,306.4
61,2031,5416235,934.1,361.7,927.6,304.9,930.85,333.3,0,2,927.6,304.9
61,2032,5416236,934.4,361.3,927.9,303.2,931.15,332.25,0,2,927.9,303.2
61,2033,5416237,934.7,360.6,928.8,301.5,931.75,331.05,0,2,928.8,301.5
62,2034,5416238,935.0,360.0,930.1,299.6,932.55,329.8,0,2,930.1,299.6
62,2035,5416239,935.3,359.5,931.5,297.8,933.4,328.65,0,2,931.5,297.8
62,2036,5416240,935.4,359.0,932.8,295.9,934.1,327.45,0,2,932.8,295.9
62,2037,5416241,935.3,359.0,933.7,294.2,934.5,326.6,0,2,933.7,294.2
62,2038,5416242,935.1,359.1,934.6,292.6,934.85,325.85,0,2,934.6,292.6
62,2039,5416243,934.8,359.0,935.4,291.2,935.1,325.1,0,2,935.4,291.2
62,2040,5416244,934.5,359.0,935.7,290.1,935.1,324.55,0,2,935.7,290.1
62,2041,5416245,934.1,358.9,935.6,290.1,934.85,324.5,0,2,935.6,290.1
62,2042,5416246,933.8,358.5,935.4,290.1,934.6,324.3,0,2,935.4,290.1
62,2043,5416247,933.6,357.9,935.3,290.1,934.45,324.0,0,2,935.3,290.1
62,2044,5416248,933.6,357.3,935.4,290.5,934.5,323.9,0,2,935.4,290.5
62,2045,5416249,933.9,356.5,935.4,290.7,934.65,323.6,0,2,935.4,290.7
62,2046,5416250,934.2,355.7,935.4,291.2,934.8,323.45,0,2,935.4,291.2
62,2047,5416251,934.5,355.0,935.3,291.7,934.9,323.35,0,2,935.3,291.7
62,2048,5416252,934.9,354.4,935.2,291.9,935.05,323.15,0,2,935.2,291.9
62,2049,5416253,935.4,353.6,935.2,292.1,935.3,322.85,0,2,935.2,292.1
62,2050,5416254,935.7,352.6,935.1,292.4,935.4,322.5,0,2,935.1,292.4
62,2051,5416255,936.0,351.5,935.3,292.6,935.65,322.05,0,2,935.3,292.6
62,2052,5416256,936.1,350.4,935.5,293.4,935.8,321.9,0,2,935.5,293.4
62,2053,5416257,936.1,349.4,935.7,294.0,935.9,321.7,0,2,935.7,294.0
62,2054,5416258,936.1,348.4,935.9,294.5,936.0,321.45,0,2,935.9,294.5
62,2055,5416259,935.7,347.5,936.2,294.9,935.95,321.2,0,2,936.2,294.9
62,2056,5416260,935.3,347.0,936.4,295.1,935.85,321.05,0,2,936.4,295.1
62,2057,5416261,934.8,346.9,936.6,294.8,935.7,320.85,0,2,936.6,294.8
62,2058,5416262,934.3,346.9,936.7,294.2,935.5,320.55,0,2,936.7,294.2
62,2059,5416263,933.7,347.0,936.5,293.1,935.1,320.05,0,2,936.5,293.1
62,2060,5416264,933.1,347.1,936.2,291.7,934.65,319.4,0,2,936.2,291.7
62,2061,5416265,932.4,347.3,936.0,290.3,934.2,318.8,0,2,936.0,290.3
62,2062,5416266,932.2,347.4,935.8,289.0,934.0,318.2,0,2,935.8,289.0
62,2063,5416267,932.0,347.5,935.6,288.1,933.8,317.8,0,2,935.6,288.1
62,2064,5416268,931.8,347.3,935.3,287.6,933.55,317.45,0,2,935.3,287.6
62,2065,5416269,931.8,347.1,935.0,287.6,933.4,317.35,0,2,935.0,287.6
62,2066,5416270,932.0,346.8,935.0,287.6,933.5,317.2,0,2,935.0,287.6
63,2067,5416271,932.2,346.0,934.9,287.9,933.55,316.95,0,2,934.9,287.9
63,2068,5416272,932.7,345.2,934.3,288.4,933.5,316.8,0,2,934.3,288.4
63,2069,5416273,933.2,344.4,933.7,288.9,933.45,316.65,0,2,933.7,288.9
63,2070,5416274,933.6,343.7,933.1,289.3,933.35,316.5,0,2,933.1,289.3
63,2071,5416275,934.0,343.2,932.6,289.6,933.3,316.4,0,2,932.6,289.6
63,2072,5416276,934.5,342.8,932.2,289.8,933.35,316.3,0,2,932.2,289.8
63,2073,5416277,934.8,342.4,932.3,290.5,933.55,316.45,0,2,932.3,290.5
63,2074,5416278,935.2,342.4,932.4,291.2,933.8,316.8,0,2,932.4,291.2
63,2075,5416279,935.5,342.2,932.8,291.7,934.15,316.95,0,2,932.8,291.7
63,2076,5416280,935.7,341.9,932.9,292.3,934.3,317.1,0,2,932.9,292.3
63,2077,5416281,935.8,341.5,932.9,293.0,934.35,317.25,0,2,932.9,293.0
63,2078,5416282,936.0,341.0,932.7,293.8,934.35,317.4,0,2,932.7,293.8
63,2079,5416283,936.0,340.4,932.3,294.6,934.15,317.5,0,2,932.3,294.6
63,2080,5416284,935.9,339.9,931.4,294.9,933.65,317.4,0,2,931.4,294.9
63,2081,5416285,935.7,339.5,930.5,295.3,933.1,317.4,0,2,930.5,295.3
63,2082,5416286,935.5,339.2,929.5,296.6,932.5,317.9,0,2,929.5,296.6
63,2083,5416287,935.2,339.7,928.9,297.9,932.05,318.8,0,2,928.9,297.9
63,2084,5416288,935.0,340.3,928.3,298.9,931.65,319.6,0,2,928.3,298.9
63,2085,5416289,934.9,341.0,928.0,300.1,931.45,320.55,0,2,928.0,300.1
63,2086,5416290,934.7,341.8,928.0,301.2,931.35,321.5,0,2,928.0,301.2
63,2087,5416291,934.5,342.6,928.4,302.6,931.45,322.6,0,2,928.4,302.6
63,2088,5416292,934.5,343.6,929.3,304.0,931.9,323.8,0,2,929.3,304.0
63,2089,5416293,934.7,344.6,930.4,304.6,932.55,324.6,0,2,930.4,304.6
63,2090,5416294,934.8,345.5,931.5,305.1,933.15,325.3,0,2,931.5,305.1
63,2091,5416295,935.1,346.4,932.6,305.7,933.85,326.05,0,2,932.6,305.7
63,2092,5416296,935.2,347.3,932.8,306.2,934.0,326.75,0,2,932.8,306.2
63,2093,5416297,935.3,348.3,932.6,306.7,933.95,327.5,0,2,932.6,306.7
63,2094,5416298,935.1,349.3,931.8,306.9,933.45,328.1,0,2,931.8,306.9
63,2095,5416299,934.6,350.1,930.7,307.1,932.65,328.6,0,2,930.7,307.1
63,2096,5416300,934.0,350.9,929.6,307.3,931.8,329.1,0,2,929.6,307.3
63,2097,5416301,933.4,351.3,928.4,308.0,930.9,329.65,0,2,928.4,308.0
63,2098,5416302,932.7,352.2,927.2,308.6,929.95,330.4,0,2,927.2,308.6
63,2099,5416303,932.1,353.0,926.8,309.2,929.45,331.1,0,2,926.8,309.2
63,2100,5416304,931.6,353.8,926.5,309.9,929.05,331.85,0,2,926.5,309.9
64,2101,5416305,931.5,354.6,926.4,311.4,928.95,333.0,0,2,926.4,311.4
64,2102,5416306,931.5,355.4,926.4,313.5,928.95,334.45,0,2,926.4,313.5
64,2103,5416307,931.6,356.1,926.7,315.7,929.15,335.9,0,2,926.7,315.7
64,2104,5416308,931.6,356.8,927.4,317.4,929.5,337.1,0,2,927.4,317.4
64,2105,5416309,931.7,357.0,928.1,319.2,929.9,338.1,0,2,928.1,319.2
64,2106,5416310,931.7,357.2,928.9,320.9,930.3,339.05,0,2,928.9,320.9
64,2107,5416311,931.7,357.4,929.7,322.7,930.7,340.05,0,2,929.7,322.7
64,2108,5416312,931.7,357.5,930.6,323.5,931.15,340.5,0,2,930.6,323.5
64,2109,5416313,931.8,357.5,931.5,323.7,931.65,340.6,0,2,931.5,323.7
64,2110,5416314,931.8,357.0,932.0,324.2,931.9,340.6,0,2,932.0,324.2
64,2111,5416315,931.9,356.1,932.2,325.0,932.05,340.55,0,2,932.2,325.0
64,2112,5416316,932.0,354.8,932.2,325.7,932.1,340.25,0,2,932.2,325.7
64,2113,5416317,931.9,353.4,932.3,326.4,932.1,339.9,0,2,932.3,326.4
64,2114,5416318,931.7,352.1,932.2,327.2,931.95,339.65,0,2,932.2,327.2
64,2115,5416319,931.3,350.8,932.2,327.9,931.75,339.35,0,2,932.2,327.9
64,2116,5416320,930.9,349.7,932.1,328.8,931.5,339.25,0,2,932.1,328.8
64,2117,5416321,930.5,349.1,931.9,329.4,931.2,339.25,0,2,931.9,329.4
64,2118,5416322,930.1,348.4,931.7,329.7,930.9,339.05,0,2,931.7,329.7
64,2119,5416323,929.8,348.0,931.5,330.0,930.65,339.0,0,2,931.5,330.0
64,2120,5416324,929.7,347.0,931.3,329.8,930.5,338.4,0,2,931.3,329.8
64,2121,5416325,930.1,346.0,931.1,329.6,930.6,337.8,0,2,931.1,329.6
64,2122,5416326,930.9,345.0,930.9,329.2,930.9,337.1,0,2,930.9,329.2
64,2123,5416327,931.7,343.9,930.9,327.8,931.3,335.85,0,2,930.9,327.8
64,2124,5416328,932.5,342.7,930.9,326.4,931.7,334.55,0,2,930.9,326.4
64,2125,5416329,933.2,341.6,931.3,324.9,932.25,333.25,0,2,931.3,324.9
64,2126,5416330,933.6,340.6,931.7,323.2,932.65,331.9,0,2,931.7,323.2
64,2127,5416331,933.9,340.0,932.2,320.6,933.05,330.3,0,2,932.2,320.6
64,2128,5416332,933.8,339.3,932.8,317.9,933.3,328.6,0,2,932.8,317.9
64,2129,5416333,933.4,338.3,932.7,315.4,933.05,326.85,0,2,932.7,315.4
64,2130,5416334,932.9,337.5,932.1,313.9,932.5,325.7,0,2,932.1,313.9
64,2131,5416335,932.4,336.8,931.3,312.4,931.85,324.6,0,2,931.3,312.4
64,2132,5416336,931.9,336.7,930.3,311.0,931.1,323.85,0,2,930.3,311.0
64,2133,5416337,931.8,336.5,929.3,309.9,930.55,323.2,0,2,929.3,309.9
65,2134,5416338,931.6,336.4,928.1,310.2,929.85,323.3,0,2,928.1,310.2
65,2135,5416339,931.5,336.5,927.0,310.5,929.25,323.5,0,2,927.0,310.5
65,2136,5416340,931.3,336.8,926.6,310.8,928.95,323.8,0,2,926.6,310.8
65,2137,5416341,931.3,337.1,926.8,311.0,929.05,324.05,0,2,926.8,311.0
65,2138,5416342,931.2,337.8,927.9,311.2,929.55,324.5,0,2,927.9,311.2
65,2139,5416343,931.3,338.2,929.4,311.4,930.35,324.8,0,2,929.4,311.4
65,2140,5416344,931.4,339.2,930.9,311.3,931.15,325.25,0,2,930.9,311.3
65,2141,5416345,931.6,340.1,932.4,311.0,932.0,325.55,0,2,932.4,311.0
65,2142,5416346,931.7,340.9,933.9,310.7,932.8,325.8,0,2,933.9,310.7
65,2143,5416347,932.1,341.6,935.3,310.4,933.7,326.0,0,2,935.3,310.4
65,2144,5416348,932.4,342.3,936.4,310.0,934.4,326.15,0,2,936.4,310.0
65,2145,5416349,932.7,342.4,936.7,309.7,934.7,326.05,0,2,936.7,309.7
65,2146,5416350,933.0,342.5,936.6,309.4,934.8,325.95,0,2,936.6,309.4
65,2147,5416351,933.1,342.2,935.9,309.3,934.5,325.75,0,2,935.9,309.3
65,2148,5416352,933.2,342.0,935.2,309.3,934.2,325.65,0,2,935.2,309.3
65,2149,5416353,933.2,341.9,934.5,309.5,933.85,325.7,0,2,934.5,309.5
65,2150,5416354,933.0,341.9,933.5,309.4,933.25,325.65,0,2,933.5,309.4
65,2151,5416355,932.6,342.6,932.5,309.0,932.55,325.8,0,2,932.5,309.0
65,2152,5416356,932.2,343.5,931.7,307.6,931.95,325.55,0,2,931.7,307.6
65,2153,5416357,931.6,344.3,930.8,306.1,931.2,325.2,0,2,930.8,306.1
65,2154,5416358,931.2,345.1,930.3,304.7,930.75,324.9,0,2,930.3,304.7
65,2155,5416359,930.8,345.8,930.0,303.2,930.4,324.5,0,2,930.0,303.2
65,2156,5416360,930.5,346.5,929.9,301.6,930.2,324.05,0,2,929.9,301.6
65,2157,5416361,930.3,347.1,930.1,300.2,930.2,323.65,0,2,930.1,300.2
65,2158,5416362,930.8,347.2,930.3,298.9,930.55,323.05,0,2,930.3,298.9
65,2159,5416363,931.4,347.3,930.3,298.8,930.85,323.05,0,2,930.3,298.8
65,2160,5416364,932.0,347.5,930.6,298.7,931.3,323.1,0,2,930.6,298.7
65,2161,5416365,932.6,347.8,931.0,298.4,931.8,323.1,0,2,931.0,298.4
65,2162,5416366,932.7,348.4,931.4,298.2,932.05,323.3,0,2,931.4,298.2
65,2163,5416367,932.8,348.9,931.5,298.0,932.15,323.45,0,2,931.5,298.0
65,2164,5416368,932.8,349.6,931.6,298.2,932.2,323.9,0,2,931.6,298.2
65,2165,5416369,932.3,350.1,931.6,298.2,931.95,324.15,0,2,931.6,298.2
65,2166,5416370,931.8,350.7,931.3,298.1,931.55,324.4,0,2,931.3,298.1
66,2167,5416371,931.3,351.3,931.1,297.6,931.2,324.45,0,2,931.1,297.6
66,2168,5416372,930.9,352.0,930.7,297.3,930.8,324.65,0,2,930.7,297.3
66,2169,5416373,931.1,352.5,930.3,297.0,930.7,324.75,0,2,930.3,297.0
66,2170,5416374,931.6,353.1,929.9,296.7,930.75,324.9,0,2,929.9,296.7
66,2171,5416375,932.3,353.5,929.6,296.3,930.95,324.9,0,2,929.6,296.3
66,2172,5416376,933.0,353.9,929.2,296.1,931.1,325.0,0,2,929.2,296.1
66,2173,5416377,933.6,354.2,929.1,296.0,931.35,325.1,0,2,929.1,296.0
66,2174,5416378,934.3,354.4,929.0,296.3,931.65,325.35,0,2,929.0,296.3
66,2175,5416379,934.9,354.6,928.8,296.6,931.85,325.6,0,2,928.8,296.6
66,2176,5416380,935.4,354.7,928.8,296.9,932.1,325.8,0,2,928.8,296.9
66,2177,5416381,935.5,354.7,928.7,297.0,932.1,325.85,0,2,928.7,297.0
66,2178,5416382,935.4,354.7,928.7,296.9,932.05,325.8,0,2,928.7,296.9
66,2179,5416383,935.4,354.8,928.7,296.8,932.05,325.8,0,2,928.7,296.8
66,2180,5416384,935.3,354.9,928.8,296.3,932.05,325.6,0,2,928.8,296.3
66,2181,5416385,935.2,355.2,928.8,295.9,932.0,325.55,0,2,928.8,295.9
66,2182,5416386,935.2,355.5,928.9,295.5,932.05,325.5,0,2,928.9,295.5
66,2183,5416387,935.1,355.8,928.8,295.1,931.95,325.45,0,2,928.8,295.1
66,2184,5416388,935.1,356.1,928.8,294.7,931.95,325.4,0,2,928.8,294.7
66,2185,5416389,935.0,356.5,928.6,294.5,931.8,325.5,0,2,928.6,294.5
66,2186,5416390,934.9,356.7,928.5,293.9,931.7,325.3,0,2,928.5,293.9
66,2187,5416391,934.9,356.8,928.2,293.5,931.55,325.15,0,2,928.2,293.5
66,2188,5416392,934.3,356.9,928.0,293.1,931.15,325.0,0,2,928.0,293.1
66,2189,5416393,933.7,356.9,927.8,292.6,930.75,324.75,0,2,927.8,292.6
66,2190,5416394,933.2,356.9,927.8,292.2,930.5,324.55,0,2,927.8,292.2
66,2191,5416395,932.8,356.7,928.3,291.9,930.55,324.3,0,2,928.3,291.9
66,2192,5416396,933.1,356.0,929.1,291.8,931.1,323.9,0,2,929.1,291.8
66,2193,5416397,933.8,355.5,931.1,292.4,932.45,323.95,0,2,931.1,292.4
66,2194,5416398,935.4,355.0,934.4,294.5,934.9,324.75,0,2,934.4,294.5
66,2195,5416399,938.8,355.0,938.9,296.5,938.85,325.75,0,2,938.9,296.5
66,2196,5416400,944.2,355.5,945.1,298.7,944.65,327.1,0,2,945.1,298.7
66,2197,5416401,951.0,356.0,953.6,301.0,952.3,328.5,0,2,953.6,301.0
66,2198,5416402,959.3,356.6,962.5,303.5,960.9,330.05,0,2,962.5,303.5
66,2199,5416403,968.8,359.1,972.4,307.5,970.6,333.3,0,2,972.4,307.5
66,2200,5416404,980.3,361.6,982.9,311.0,981.6,336.3,0,2,982.9,311.0
67,2201,5416405,993.0,365.3,994.2,314.5,993.6,339.9,0,2,994.2,314.5
67,2202,5416406,1005.0,368.6,1006.1,317.9,1005.55,343.25,0,2,1006.1,317.9
67,2203,5416407,1015.4,371.6,1016.7,322.6,1016.05,347.1,0,2,1016.7,322.6
67,2204,5416408,1025.7,375.9,1024.9,327.9,1025.3,351.9,0,2,1024.9,327.9
67,2205,5416409,1034.5,380.2,1032.8,333.0,1033.65,356.6,0,2,1032.8,333.0
67,2206,5416410,1041.5,383.8,1039.7,336.6,1040.6,360.2,0,2,1039.7,336.6
67,2207,5416411,1046.3,387.2,1044.9,340.3,1045.6,363.75,0,2,1044.9,340.3
67,2208,5416412,1049.0,390.3,1047.8,344.1,1048.4,367.2,0,2,1047.8,344.1
67,2209,5416413,1051.0,393.5,1048.8,348.0,1049.9,370.75,0,2,1048.8,348.0
67,2210,5416414,1052.5,396.8,1049.4,350.5,1050.95,373.65,0,2,1049.4,350.5
67,2211,5416415,1052.3,399.0,1049.7,352.4,1051.0,375.7,0,2,1049.7,352.4
67,2212,5416416,1051.6,402.4,1049.2,354.2,1050.4,378.3,0,2,1049.2,354.2
67,2213,5416417,1050.8,406.1,1047.3,355.9,1049.05,381.0,0,2,1047.3,355.9
67,2214,5416418,1049.9,409.8,1045.3,357.9,1047.6,383.85,0,2,1045.3,357.9
67,2215,5416419,1048.0,412.9,1043.5,359.5,1045.75,386.2,0,2,1043.5,359.5
67,2216,5416420,1046.3,415.8,1041.6,362.5,1043.95,389.15,0,2,1041.6,362.5
67,2217,5416421,1044.6,418.4,1040.3,365.6,1042.45,392.0,0,2,1040.3,365.6
67,2218,5416422,1043.4,420.6,1039.0,368.7,1041.2,394.65,0,2,1039.0,368.7
67,2219,5416423,1042.4,421.7,1038.8,371.7,1040.6,396.7,0,2,1038.8,371.7
67,2220,5416424,1042.1,421.8,1039.8,374.5,1040.95,398.15,0,2,1039.8,374.5
67,2221,5416425,1041.8,421.9,1041.0,377.1,1041.4,399.5,0,2,1041.0,377.1
67,2222,5416426,1042.4,421.6,1042.3,378.6,1042.35,400.1,0,2,1042.3,378.6
67,2223,5416427,1043.1,420.5,1043.9,378.5,1043.5,399.5,0,2,1043.9,378.5
67,2224,5416428,1043.9,419.4,1045.2,378.3,1044.55,398.85,0,2,1045.2,378.3
67,2225,5416429,1044.8,418.4,1046.5,378.1,1045.65,398.25,0,2,1046.5,378.1
67,2226,5416430,1045.7,417.5,1047.2,378.0,1046.45,397.75,0,2,1047.2,378.0
67,2227,5416431,1046.0,416.7,1048.0,377.9,1047.0,397.3,0,2,1048.0,377.9
67,2228,5416432,1046.3,416.2,1048.7,377.8,1047.5,397.0,0,2,1048.7,377.8
67,2229,5416433,1046.6,415.8,1049.1,377.8,1047.85,396.8,0,2,1049.1,377.8
67,2230,5416434,1046.7,416.2,1049.3,377.9,1048.0,397.05,0,2,1049.3,377.9
67,2231,5416435,1046.6,416.7,1049.1,378.0,1047.85,397.35,0,2,1049.1,378.0
67,2232,5416436,1046.5,417.1,1048.5,377.8,1047.5,397.45,0,2,1048.5,377.8
67,2233,5416437,1046.4,417.6,1047.8,377.6,1047.1,397.6,0,2,1047.8,377.6
68,2234,5416438,1046.6,417.8,1047.0,377.2,1046.8,397.5,0,2,1047.0,377.2
68,2235,5416439,1046.9,417.7,1045.9,376.9,1046.4,397.3,0,2,1045.9,376.9
68,2236,5416440,1047.2,417.3,1044.8,376.5,1046.0,396.9,0,2,1044.8,376.5
68,2237,5416441,1047.6,416.8,1043.7,376.2,1045.65,396.5,0,2,1043.7,376.2
68,2238,5416442,1048.0,416.4,1043.0,376.0,1045.5,396.2,0,2,1043.0,376.0
68,2239,5416443,1048.5,416.2,1042.6,375.9,1045.55,396.05,0,2,1042.6,375.9
68,2240,5416444,1049.2,416.0,1042.2,376.0,1045.7,396.0,0,2,1042.2,376.0
68,2241,5416445,1049.4,415.9,1042.0,376.1,1045.7,396.0,0,2,1042.0,376.1
68,2242,5416446,1049.7,416.1,1042.2,376.3,1045.95,396.2,0,2,1042.2,376.3
68,2243,5416447,1049.8,416.6,1042.8,376.4,1046.3,396.5,0,2,1042.8,376.4
68,2244,5416448,1049.9,417.3,1043.8,376.5,1046.85,396.9,0,2,1043.8,376.5
68,2245,5416449,1049.9,417.8,1044.7,376.5,1047.3,397.15,0,2,1044.7,376.5
68,2246,5416450,1049.9,418.2,1045.7,376.4,1047.8,397.3,0,2,1045.7,376.4
68,2247,5416451,1049.6,418.6,1046.4,376.2,1048.0,397.4,0,2,1046.4,376.2
68,2248,5416452,1049.4,418.9,1046.9,376.0,1048.15,397.45,0,2,1046.9,376.0
68,2249,5416453,1049.2,419.2,1047.4,375.7,1048.3,397.45,0,2,1047.4,375.7
68,2250,5416454,1049.1,419.3,1047.5,375.4,1048.3,397.35,0,2,1047.5,375.4
68,2251,5416455,1049.1,419.4,1047.3,375.2,1048.2,397.3,0,2,1047.3,375.2
68,2252,5416456,1049.2,419.0,1047.2,375.0,1048.2,397.0,0,2,1047.2,375.0
68,2253,5416457,1049.2,418.6,1047.0,374.8,1048.1,396.7,0,2,1047.0,374.8
68,2254,5416458,1049.3,418.3,1047.0,374.6,1048.15,396.45,0,2,1047.0,374.6
68,2255,5416459,1049.3,418.0,1047.1,374.4,1048.2,396.2,0,2,1047.1,374.4
68,2256,5416460,1049.3,417.6,1047.2,374.0,1048.25,395.8,0,2,1047.2,374.0
68,2257,5416461,1049.2,417.3,1047.3,373.4,1048.25,395.35,0,2,1047.3,373.4
68,2258,5416462,1049.0,417.1,1047.1,372.7,1048.05,394.9,0,2,1047.1,372.7
68,2259,5416463,1048.8,417.2,1047.0,371.6,1047.9,394.4,0,2,1047.0,371.6
68,2260,5416464,1048.5,417.3,1046.9,370.6,1047.7,393.95,0,2,1046.9,370.6
68,2261,5416465,1048.2,417.4,1046.7,369.8,1047.45,393.6,0,2,1046.7,369.8
68,2262,5416466,1048.0,417.3,1046.6,369.1,1047.3,393.2,0,2,1046.6,369.1
68,2263,5416467,1047.9,417.4,1046.7,368.5,1047.3,392.95,0,2,1046.7,368.5
68,2264,5416468,1047.8,417.5,1046.7,368.1,1047.25,392.8,0,2,1046.7,368.1
68,2265,5416469,1047.9,417.5,1047.0,367.8,1047.45,392.65,0,2,1047.0,367.8
68,2266,5416470,1047.9,417.6,1047.3,368.4,1047.6,393.0,0,2,1047.3,368.4
69,2267,5416471,1048.1,417.6,1047.5,368.8,1047.8,393.2,0,2,1047.5,368.8
69,2268,5416472,1048.3,417.6,1047.7,369.0,1048.0,393.3,0,2,1047.7,369.0
69,2269,5416473,1048.4,417.6,1047.7,369.3,1048.05,393.45,0,2,1047.7,369.3
69,2270,5416474,1048.5,417.6,1047.5,369.7,1048.0,393.65,0,2,1047.5,369.7
69,2271,5416475,1048.6,417.5,1047.2,370.1,1047.9,393.8,0,2,1047.2,370.1
69,2272,5416476,1048.7,417.4,1046.9,370.4,1047.8,393.9,0,2,1046.9,370.4
69,2273,5416477,1048.9,417.3,1046.7,370.5,1047.8,393.9,0,2,1046.7,370.5
69,2274,5416478,1049.0,417.3,1046.4,370.6,1047.7,393.95,0,2,1046.4,370.6
69,2275,5416479,1049.2,417.4,1046.1,370.8,1047.65,394.1,0,2,1046.1,370.8
69,2276,5416480,1049.4,417.5,1045.8,370.8,1047.6,394.15,0,2,1045.8,370.8
69,2277,5416481,1049.7,417.6,1045.7,370.7,1047.7,394.15,0,2,1045.7,370.7
69,2278,5416482,1050.0,417.6,1045.5,370.5,1047.75,394.05,0,2,1045.5,370.5
69,2279,5416483,1050.2,417.7,1045.4,370.2,1047.8,393.95,0,2,1045.4,370.2
69,2280,5416484,1050.4,417.8,1045.4,370.0,1047.9,393.9,0,2,1045.4,370.0
69,2281,5416485,1050.6,417.7,1045.3,369.7,1047.95,393.7,0,2,1045.3,369.7
69,2282,5416486,1050.5,417.6,1045.3,369.5,1047.9,393.55,0,2,1045.3,369.5
69,2283,5416487,1050.3,417.5,1045.2,369.5,1047.75,393.5,0,2,1045.2,369.5
69,2284,5416488,1050.1,417.5,1045.2,369.5,1047.65,393.5,0,2,1045.2,369.5
69,2285,5416489,1050.2,417.4,1045.2,369.7,1047.7,393.55,0,2,1045.2,369.7
69,2286,5416490,1050.2,417.3,1045.2,369.8,1047.7,393.55,0,2,1045.2,369.8
69,2287,5416491,1050.1,417.3,1045.5,369.9,1047.8,393.6,0,2,1045.5,369.9
69,2288,5416492,1050.1,417.5,1045.8,370.0,1047.95,393.75,0,2,1045.8,370.0
69,2289,5416493,1050.1,418.0,1046.2,370.1,1048.15,394.05,0,2,1046.2,370.1
69,2290,5416494,1050.2,418.6,1046.6,370.1,1048.4,394.35,0,2,1046.6,370.1
69,2291,5416495,1050.2,419.2,1047.0,370.3,1048.6,394.75,0,2,1047.0,370.3
69,2292,5416496,1050.0,419.9,1047.3,370.5,1048.65,395.2,0,2,1047.3,370.5
69,2293,5416497,1049.7,420.6,1047.6,370.7,1048.65,395.65,0,2,1047.6,370.7
69,2294,5416498,1049.4,421.2,1047.6,371.0,1048.5,396.1,0,2,1047.6,371.0
69,2295,5416499,1049.2,421.6,1047.6,371.3,1048.4,396.45,0,2,1047.6,371.3
69,2296,5416500,1049.1,421.9,1047.5,371.6,1048.3,396.75,0,2,1047.5,371.6
69,2297,5416501,1049.0,422.0,1047.4,371.8,1048.2,396.9,0,2,1047.4,371.8
69,2298,5416502,1049.0,421.5,1047.2,371.7,1048.1,396.6,0,2,1047.2,371.7
69,2299,5416503,1048.9,420.8,1047.0,371.6,1047.95,396.2,0,2,1047.0,371.6
69,2300,5416504,1048.9,420.1,1046.8,371.4,1047.85,395.75,0,2,1046.8,371.4
70,2301,5416505,1048.9,419.4,1046.8,371.3,1047.85,395.35,0,2,1046.8,371.3
70,2302,5416506,1048.8,418.6,1046.6,371.4,1047.7,395.0,0,2,1046.6,371.4
70,2303,5416507,1048.8,417.9,1046.4,371.5,1047.6,394.7,0,2,1046.4,371.5
70,2304,5416508,1048.8,417.1,1045.8,372.2,1047.3,394.65,0,2,1045.8,372.2
70,2305,5416509,1048.9,417.0,1045.4,372.9,1047.15,394.95,0,2,1045.4,372.9
70,2306,5416510,1049.1,416.8,1045.1,373.6,1047.1,395.2,0,2,1045.1,373.6
70,2307,5416511,1049.4,416.9,1044.7,374.2,1047.05,395.55,0,2,1044.7,374.2
70,2308,5416512,1049.8,417.0,1044.3,374.8,1047.05,395.9,0,2,1044.3,374.8
70,2309,5416513,1050.1,417.1,1043.9,375.5,1047.0,396.3,0,2,1043.9,375.5
70,2310,5416514,1050.4,417.3,1043.7,376.0,1047.05,396.65,0,2,1043.7,376.0
70,2311,5416515,1050.7,417.5,1043.9,376.0,1047.3,396.75,0,2,1043.9,376.0
70,2312,5416516,1050.9,417.7,1044.0,376.1,1047.45,396.9,0,2,1044.0,376.1
70,2313,5416517,1050.7,417.9,1044.1,376.3,1047.4,397.1,0,2,1044.1,376.3
70,2314,5416518,1050.5,418.0,1044.2,376.6,1047.35,397.3,0,2,1044.2,376.6
70,2315,5416519,1050.2,418.0,1044.4,376.8,1047.3,397.4,0,2,1044.4,376.8
70,2316,5416520,1050.0,417.9,1044.5,376.9,1047.25,397.4,0,2,1044.5,376.9
70,2317,5416521,1049.7,417.9,1044.8,376.9,1047.25,397.4,0,2,1044.8,376.9
70,2318,5416522,1049.5,417.8,1044.9,377.0,1047.2,397.4,0,2,1044.9,377.0
70,2319,5416523,1049.6,417.8,1045.1,377.0,1047.35,397.4,0,2,1045.1,377.0
70,2320,5416524,1049.8,417.7,1045.3,376.9,1047.55,397.3,0,2,1045.3,376.9
70,2321,5416525,1050.0,417.6,1045.4,376.8,1047.7,397.2,0,2,1045.4,376.8
70,2322,5416526,1050.3,417.5,1045.4,376.7,1047.85,397.1,0,2,1045.4,376.7
70,2323,5416527,1050.5,417.3,1045.2,376.5,1047.85,396.9,0,2,1045.2,376.5
70,2324,5416528,1050.7,417.3,1044.8,376.4,1047.75,396.85,0,2,1044.8,376.4
70,2325,5416529,1050.8,417.2,1044.5,376.2,1047.65,396.7,0,2,1044.5,376.2
70,2326,5416530,1050.6,417.3,1044.3,376.0,1047.45,396.65,0,2,1044.3,376.0
70,2327,5416531,1050.5,417.3,1044.0,375.8,1047.25,396.55,0,2,1044.0,375.8
70,2328,5416532,1050.3,417.4,1043.8,375.6,1047.05,396.5,0,2,1043.8,375.6
70,2329,5416533,1050.1,417.5,1043.7,375.5,1046.9,396.5,0,2,1043.7,375.5
70,2330,5416534,1049.9,417.5,1043.8,375.4,1046.85,396.45,0,2,1043.8,375.4
70,2331,5416535,1049.8,417.4,1043.8,375.4,1046.8,396.4,0,2,1043.8,375.4
70,2332,5416536,1049.7,417.2,1043.7,375.4,1046.7,396.3,0,2,1043.7,375.4
70,2333,5416537,1049.7,416.6,1043.6,375.5,1046.65,396.05,0,2,1043.6,375.5
71,2334,5416538,1049.6,416.0,1043.4,375.6,1046.5,395.8,0,2,1043.4,375.6
71,2335,5416539,1049.5,415.3,1043.6,375.5,1046.55,395.4,0,2,1043.6,375.5
71,2336,5416540,1049.5,414.7,1043.8,375.5,1046.65,395.1,0,2,1043.8,375.5
71,2337,5416541,1049.3,414.1,1044.0,375.5,1046.65,394.8,0,2,1044.0,375.5
71,2338,5416542,1049.2,413.6,1044.2,375.4,1046.7,394.5,0,2,1044.2,375.4
71,2339,5416543,1049.1,413.1,1044.4,375.3,1046.75,394.2,0,2,1044.4,375.3
71,2340,5416544,1049.0,413.0,1044.6,375.1,1046.8,394.05,0,2,1044.6,375.1
71,2341,5416545,1048.9,412.9,1044.9,375.1,1046.9,394.0,0,2,1044.9,375.1
71,2342,5416546,1048.9,413.1,1045.1,375.0,1047.0,394.05,0,2,1045.1,375.0
71,2343,5416547,1049.0,413.7,1045.3,374.9,1047.15,394.3,0,2,1045.3,374.9
71,2344,5416548,1049.1,414.2,1045.6,374.9,1047.35,394.55,0,2,1045.6,374.9
71,2345,5416549,1049.3,415.0,1045.9,374.9,1047.6,394.95,0,2,1045.9,374.9
71,2346,5416550,1049.3,415.8,1046.3,374.8,1047.8,395.3,0,2,1046.3,374.8
71,2347,5416551,1049.3,416.6,1046.7,374.8,1048.0,395.7,0,2,1046.7,374.8
71,2348,5416552,1049.3,417.5,1047.0,374.7,1048.15,396.1,0,2,1047.0,374.7
71,2349,5416553,1049.2,418.2,1047.1,374.6,1048.15,396.4,0,2,1047.1,374.6
71,2350,5416554,1049.1,418.5,1047.2,374.5,1048.15,396.5,0,2,1047.2,374.5
71,2351,5416555,1049.0,418.9,1047.1,374.5,1048.05,396.7,0,2,1047.1,374.5
71,2352,5416556,1049.0,419.0,1047.1,374.4,1048.05,396.7,0,2,1047.1,374.4
71,2353,5416557,1049.0,419.0,1046.8,374.3,1047.9,396.65,0,2,1046.8,374.3
71,2354,5416558,1049.1,418.9,1046.6,374.0,1047.85,396.45,0,2,1046.6,374.0
71,2355,5416559,1049.2,418.8,1046.4,373.6,1047.8,396.2,0,2,1046.4,373.6
71,2356,5416560,1049.4,418.6,1046.2,372.7,1047.8,395.65,0,2,1046.2,372.7
71,2357,5416561,1049.6,418.3,1045.9,371.7,1047.75,395.0,0,2,1045.9,371.7
71,2358,5416562,1049.8,418.0,1045.7,370.6,1047.75,394.3,0,2,1045.7,370.6
71,2359,5416563,1049.9,417.8,1045.6,369.6,1047.75,393.7,0,2,1045.6,369.6
71,2360,5416564,1050.0,417.5,1045.7,368.7,1047.85,393.1,0,2,1045.7,368.7
71,2361,5416565,1050.2,417.4,1045.8,368.3,1048.0,392.85,0,2,1045.8,368.3
71,2362,5416566,1050.3,417.2,1046.2,367.8,1048.25,392.5,0,2,1046.2,367.8
71,2363,5416567,1050.2,417.1,1046.6,367.9,1048.4,392.5,0,2,1046.6,367.9
71,2364,5416568,1050.1,417.1,1047.0,367.9,1048.55,392.5,0,2,1047.0,367.9
71,2365,5416569,1050.1,417.0,1047.4,367.9,1048.75,392.45,0,2,1047.4,367.9
71,2366,5416570,1050.0,417.0,1047.9,368.0,1048.95,392.5,0,2,1047.9,368.0
72,2367,5416571,1050.0,416.9,1048.3,367.9,1049.15,392.4,0,2,1048.3,367.9
72,2368,5416572,1050.0,416.8,1048.7,367.4,1049.35,392.1,0,2,1048.7,367.4
72,2369,5416573,1050.0,416.6,1048.8,366.9,1049.4,391.75,0,2,1048.8,366.9
72,2370,5416574,1050.0,416.3,1048.8,366.4,1049.4,391.35,0,2,1048.8,366.4
72,2371,5416575,1050.1,416.1,1048.9,366.1,1049.5,391.1,0,2,1048.9,366.1
72,2372,5416576,1050.2,415.9,1048.8,365.8,1049.5,390.85,0,2,1048.8,365.8
72,2373,5416577,1050.3,415.8,1048.8,365.5,1049.55,390.65,0,2,1048.8,365.5
72,2374,5416578,1050.3,415.6,1048.8,365.3,1049.55,390.45,0,2,1048.8,365.3
72,2375,5416579,1050.4,415.3,1048.7,365.4,1049.55,390.35,0,2,1048.7,365.4
72,2376,5416580,1050.6,415.0,1048.7,365.4,1049.65,390.2,0,2,1048.7,365.4
72,2377,5416581,1050.7,414.6,1048.7,365.6,1049.7,390.1,0,2,1048.7,365.6
72,2378,5416582,1050.8,414.2,1048.7,366.7,1049.75,390.45,0,2,1048.7,366.7
72,2379,5416583,1051.7,413.8,1048.6,367.8,1050.15,390.8,0,2,1048.6,367.8
72,2380,5416584,1052.5,413.0,1048.3,369.1,1050.4,391.05,0,2,1048.3,369.1
72,2381,5416585,1053.3,412.4,1048.2,370.3,1050.75,391.35,0,2,1048.2,370.3
72,2382,5416586,1053.8,411.5,1048.1,371.5,1050.95,391.5,0,2,1048.1,371.5
72,2383,5416587,1054.2,410.7,1047.9,372.9,1051.05,391.8,0,2,1047.9,372.9
72,2384,5416588,1054.6,410.0,1047.8,374.4,1051.2,392.2,0,2,1047.8,374.4
72,2385,5416589,1055.0,409.3,1047.9,374.9,1051.45,392.1,0,2,1047.9,374.9
72,2386,5416590,1054.8,408.5,1048.0,375.3,1051.4,391.9,0,2,1048.0,375.3
72,2387,5416591,1054.5,407.7,1048.1,375.8,1051.3,391.75,0,2,1048.1,375.8
72,2388,5416592,1054.3,406.9,1048.1,376.2,1051.2,391.55,0,2,1048.1,376.2
72,2389,5416593,1054.4,406.5,1047.5,376.4,1050.95,391.45,0,2,1047.5,376.4
72,2390,5416594,1054.5,406.1,1046.9,376.0,1050.7,391.05,0,2,1046.9,376.0
72,2391,5416595,1054.6,405.8,1046.4,375.3,1050.5,390.55,0,2,1046.4,375.3
72,2392,5416596,1054.6,405.5,1045.8,374.8,1050.2,390.15,0,2,1045.8,374.8
72,2393,5416597,1054.5,405.3,1045.3,374.2,1049.9,389.75,0,2,1045.3,374.2
72,2394,5416598,1054.4,405.0,1044.9,373.6,1049.65,389.3,0,2,1044.9,373.6
72,2395,5416599,1054.3,404.9,1044.5,373.1,1049.4,389.0,0,2,1044.5,373.1
72,2396,5416600,1054.1,404.9,1044.9,372.6,1049.5,388.75,0,2,1044.9,372.6
72,2397,5416601,1054.0,405.0,1045.4,372.6,1049.7,388.8,0,2,1045.4,372.6
72,2398,5416602,1053.9,405.1,1046.0,372.1,1049.95,388.6,0,2,1046.0,372.1
72,2399,5416603,1053.8,405.1,1046.6,371.5,1050.2,388.3,0,2,1046.6,371.5
72,2400,5416604,1053.7,405.3,1047.2,371.0,1050.45,388.15,0,2,1047.2,371.0
73,2401,5416605,1053.5,405.6,1047.7,370.4,1050.6,388.0,0,2,1047.7,370.4
73,2402,5416606,1053.3,405.9,1048.4,369.8,1050.85,387.85,0,2,1048.4,369.8
73,2403,5416607,1053.0,406.1,1049.0,369.6,1051.0,387.85,0,2,1049.0,369.6
73,2404,5416608,1052.7,406.3,1049.5,369.8,1051.1,388.05,0,2,1049.5,369.8
73,2405,5416609,1052.4,406.5,1049.8,370.4,1051.1,388.45,0,2,1049.8,370.4
73,2406,5416610,1052.3,406.7,1050.0,372.2,1051.15,389.45,0,2,1050.0,372.2
73,2407,5416611,1052.1,406.9,1050.9,373.9,1051.5,390.4,0,2,1050.9,373.9
73,2408,5416612,1052.0,407.0,1051.7,375.7,1051.85,391.35,0,2,1051.7,375.7
73,2409,5416613,1051.9,407.1,1052.5,377.6,1052.2,392.35,0,2,1052.5,377.6
73,2410,5416614,1052.0,407.2,1053.2,379.2,1052.6,393.2,0,2,1053.2,379.2
73,2411,5416615,1052.1,407.2,1053.8,380.7,1052.95,393.95,0,2,1053.8,380.7
73,2412,5416616,1052.2,407.1,1054.5,382.0,1053.35,394.55,0,2,1054.5,382.0
73,2413,5416617,1052.2,407.0,1055.3,382.2,1053.75,394.6,0,2,1055.3,382.2
73,2414,5416618,1052.3,406.9,1055.4,382.6,1053.85,394.75,0,2,1055.4,382.6
73,2415,5416619,1052.5,406.7,1055.3,382.8,1053.9,394.75,0,2,1055.3,382.8
73,2416,5416620,1052.7,406.6,1054.6,383.0,1053.65,394.8,0,2,1054.6,383.0
73,2417,5416621,1053.3,406.6,1053.2,383.5,1053.25,395.05,0,2,1053.2,383.5
73,2418,5416622,1053.8,406.6,1051.6,384.3,1052.7,395.45,0,2,1051.6,384.3
73,2419,5416623,1054.4,406.5,1050.1,385.2,1052.25,395.85,0,2,1050.1,385.2
73,2420,5416624,1055.0,406.3,1047.7,386.0,1051.35,396.15,0,2,1047.7,386.0
73,2421,5416625,1055.5,406.1,1045.3,386.9,1050.4,396.5,0,2,1045.3,386.9
73,2422,5416626,1055.9,405.8,1043.0,387.7,1049.45,396.75,0,2,1043.0,387.7
73,2423,5416627,1056.4,405.6,1041.2,388.3,1048.8,396.95,0,2,1041.2,388.3
73,2424,5416628,1056.5,405.3,1040.1,388.8,1048.3,397.05,0,2,1040.1,388.8
73,2425,5416629,1056.7,404.9,1039.0,388.8,1047.85,396.85,0,2,1039.0,388.8
73,2426,5416630,1056.7,404.6,1038.0,388.8,1047.35,396.7,0,2,1038.0,388.8
73,2427,5416631,1056.7,404.4,1037.8,388.7,1047.25,396.55,0,2,1037.8,388.7
73,2428,5416632,1056.6,404.3,1037.7,389.4,1047.15,396.85,0,2,1037.7,389.4
73,2429,5416633,1056.4,404.2,1037.8,391.2,1047.1,397.7,0,2,1037.8,391.2
73,2430,5416634,1055.9,404.0,1038.3,393.0,1047.1,398.5,0,2,1038.3,393.0
73,2431,5416635,1055.4,403.6,1039.0,395.1,1047.2,399.35,0,2,1039.0,395.1
73,2432,5416636,1055.0,403.2,1039.7,397.3,1047.35,400.25,0,2,1039.7,397.3
73,2433,5416637,1054.7,402.6,1041.1,399.3,1047.9,400.95,0,2,1041.1,399.3
74,2434,5416638,1054.4,402.0,1042.5,401.4,1048.45,401.7,0,2,1042.5,401.4
74,2435,5416639,1054.2,401.3,1043.8,402.7,1049.0,402.0,0,2,1043.8,402.7
74,2436,5416640,1054.1,400.6,1045.2,402.9,1049.65,401.75,0,2,1045.2,402.9
74,2437,5416641,1054.4,399.9,1046.0,402.9,1050.2,401.4,0,2,1046.0,402.9
74,2438,5416642,1054.5,399.4,1046.8,402.5,1050.65,400.95,0,2,1046.8,402.5
74,2439,5416643,1054.6,399.1,1047.5,402.0,1051.05,400.55,0,2,1047.5,402.0
74,2440,5416644,1054.7,399.3,1047.2,401.3,1050.95,400.3,0,2,1047.2,401.3
74,2441,5416645,1054.7,399.7,1046.8,400.6,1050.75,400.15,0,2,1046.8,400.6
74,2442,5416646,1054.7,400.3,1046.4,399.7,1050.55,400.0,0,2,1046.4,399.7
74,2443,5416647,1054.8,400.9,1046.0,398.9,1050.4,399.9,0,2,1046.0,398.9
74,2444,5416648,1054.8,401.9,1045.6,398.2,1050.2,400.05,0,2,1045.6,398.2
74,2445,5416649,1054.9,403.1,1045.2,397.4,1050.05,400.25,0,2,1045.2,397.4
74,2446,5416650,1055.0,404.2,1044.8,396.7,1049.9,400.45,0,2,1044.8,396.7
74,2447,5416651,1055.1,405.0,1044.6,396.4,1049.85,400.7,0,2,1044.6,396.4
74,2448,5416652,1055.2,405.6,1044.3,396.0,1049.75,400.8,0,2,1044.3,396.0
74,2449,5416653,1055.3,405.9,1044.0,395.8,1049.65,400.85,0,2,1044.0,395.8
74,2450,5416654,1055.5,406.3,1043.7,395.8,1049.6,401.05,0,2,1043.7,395.8
74,2451,5416655,1056.0,406.3,1043.4,396.0,1049.7,401.15,0,2,1043.4,396.0
74,2452,5416656,1056.5,406.1,1043.2,396.5,1049.85,401.3,0,2,1043.2,396.5
74,2453,5416657,1057.1,405.9,1043.1,397.3,1050.1,401.6,0,2,1043.1,397.3
74,2454,5416658,1057.8,405.5,1043.4,398.1,1050.6,401.8,0,2,1043.4,398.1
74,2455,5416659,1058.4,405.2,1043.7,399.0,1051.05,402.1,0,2,1043.7,399.0
74,2456,5416660,1058.9,405.0,1044.1,399.9,1051.5,402.45,0,2,1044.1,399.9
74,2457,5416661,1059.2,404.8,1044.6,400.5,1051.9,402.65,0,2,1044.6,400.5
74,2458,5416662,1059.2,404.7,1045.2,401.2,1052.2,402.95,0,2,1045.2,401.2
74,2459,5416663,1059.2,404.5,1045.8,401.5,1052.5,403.0,0,2,1045.8,401.5
74,2460,5416664,1058.9,404.5,1046.4,401.6,1052.65,403.05,0,2,1046.4,401.6
74,2461,5416665,1058.6,404.4,1046.7,401.6,1052.65,403.0,0,2,1046.7,401.6
74,2462,5416666,1058.2,404.2,1047.0,401.4,1052.6,402.8,0,2,1047.0,401.4
74,2463,5416667,1057.8,404.0,1047.2,401.2,1052.5,402.6,0,2,1047.2,401.2
74,2464,5416668,1057.5,403.8,1047.4,401.0,1052.45,402.4,0,2,1047.4,401.0
74,2465,5416669,1057.3,403.6,1047.3,400.7,1052.3,402.15,0,2,1047.3,400.7
74,2466,5416670,1057.1,403.3,1047.1,400.6,1052.1,401.95,0,2,1047.1,400.6
75,2467,5416671,1057.0,403.1,1047.0,400.5,1052.0,401.8,0,2,1047.0,400.5
75,2468,5416672,1056.9,403.0,1046.8,400.5,1051.85,401.75,0,2,1046.8,400.5
75,2469,5416673,1056.8,402.9,1046.6,400.5,1051.7,401.7,0,2,1046.6,400.5
75,2470,5416674,1057.0,402.9,1046.5,400.5,1051.75,401.7,0,2,1046.5,400.5
75,2471,5416675,1057.2,402.8,1046.6,400.4,1051.9,401.6,0,2,1046.6,400.4
75,2472,5416676,1057.4,402.9,1046.8,400.3,1052.1,401.6,0,2,1046.8,400.3
75,2473,5416677,1057.6,403.0,1047.0,400.1,1052.3,401.55,0,2,1047.0,400.1
75,2474,5416678,1057.9,403.1,1047.3,399.9,1052.6,401.5,0,2,1047.3,399.9
75,2475,5416679,1058.2,403.2,1047.5,399.5,1052.85,401.35,0,2,1047.5,399.5
75,2476,5416680,1058.5,403.3,1047.8,398.7,1053.15,401.0,0,2,1047.8,398.7
75,2477,5416681,1058.5,403.5,1048.0,397.9,1053.25,400.7,0,2,1048.0,397.9
75,2478,5416682,1058.5,403.6,1048.0,396.7,1053.25,400.15,0,2,1048.0,396.7
75,2479,5416683,1058.5,403.6,1048.1,395.5,1053.3,399.55,0,2,1048.1,395.5
75,2480,5416684,1058.4,403.7,1048.1,394.3,1053.25,399.0,0,2,1048.1,394.3
75,2481,5416685,1058.7,403.8,1048.0,393.0,1053.35,398.4,0,2,1048.0,393.0
75,2482,5416686,1059.1,404.0,1048.0,391.7,1053.55,397.85,0,2,1048.0,391.7
75,2483,5416687,1059.5,404.3,1047.9,390.9,1053.7,397.6,0,2,1047.9,390.9
75,2484,5416688,1060.0,404.5,1048.1,390.0,1054.05,397.25,0,2,1048.1,390.0
75,2485,5416689,1060.6,404.7,1048.2,389.6,1054.4,397.15,0,2,1048.2,389.6
75,2486,5416690,1061.2,404.9,1048.3,389.1,1054.75,397.0,0,2,1048.3,389.1
75,2487,5416691,1061.8,405.0,1048.4,389.6,1055.1,397.3,0,2,1048.4,389.6
75,2488,5416692,1062.0,405.1,1048.6,390.4,1055.3,397.75,0,2,1048.6,390.4
75,2489,5416693,1062.2,405.1,1048.7,391.3,1055.45,398.2,0,2,1048.7,391.3
75,2490,5416694,1062.3,405.1,1048.7,392.2,1055.5,398.65,0,2,1048.7,392.2
75,2491,5416695,1062.3,405.1,1048.6,393.2,1055.45,399.15,0,2,1048.6,393.2
75,2492,5416696,1062.4,405.0,1048.4,393.7,1055.4,399.35,0,2,1048.4,393.7
75,2493,5416697,1062.4,404.9,1048.2,393.6,1055.3,399.25,0,2,1048.2,393.6
75,2494,5416698,1062.4,404.8,1047.8,392.4,1055.1,398.6,0,2,1047.8,392.4
75,2495,5416699,1062.4,404.8,1047.4,391.3,1054.9,398.05,0,2,1047.4,391.3
75,2496,5416700,1062.1,404.7,1047.0,389.9,1054.55,397.3,0,2,1047.0,389.9
75,2497,5416701,1061.7,404.7,1046.9,388.6,1054.3,396.65,0,2,1046.9,388.6
75,2498,5416702,1061.2,404.6,1046.7,387.5,1053.95,396.05,0,2,1046.7,387.5
75,2499,5416703,1060.7,404.6,1046.6,386.8,1053.65,395.7,0,2,1046.6,386.8
75,2500,5416704,1060.2,404.5,1046.5,386.6,1053.35,395.55,0,2,1046.5,386.6
76,2501,5416705,1059.7,404.5,1046.7,386.6,1053.2,395.55,0,2,1046.7,386.6
76,2502,5416706,1059.2,404.4,1047.1,386.3,1053.15,395.35,0,2,1047.1,386.3
76,2503,5416707,1058.8,404.4,1047.5,385.8,1053.15,395.1,0,2,1047.5,385.8
76,2504,5416708,1058.5,404.4,1047.8,385.2,1053.15,394.8,0,2,1047.8,385.2
76,2505,5416709,1058.3,404.4,1048.4,383.8,1053.35,394.1,0,2,1048.4,383.8
76,2506,5416710,1058.0,404.4,1049.0,382.5,1053.5,393.45,0,2,1049.0,382.5
76,2507,5416711,1057.7,404.4,1049.6,381.2,1053.65,392.8,0,2,1049.6,381.2
76,2508,5416712,1057.5,404.5,1050.1,379.9,1053.8,392.2,0,2,1050.1,379.9
76,2509,5416713,1057.3,404.5,1050.6,378.9,1053.95,391.7,0,2,1050.6,378.9
76,2510,5416714,1057.4,404.5,1050.9,378.0,1054.15,391.25,0,2,1050.9,378.0
76,2511,5416715,1057.7,404.4,1051.3,377.3,1054.5,390.85,0,2,1051.3,377.3
76,2512,5416716,1057.9,404.4,1051.4,377.3,1054.65,390.85,0,2,1051.4,377.3
76,2513,5416717,1058.1,403.7,1051.5,377.1,1054.8,390.4,0,2,1051.5,377.1
76,2514,5416718,1058.3,403.0,1051.5,376.9,1054.9,389.95,0,2,1051.5,376.9
76,2515,5416719,1058.4,402.4,1051.7,376.7,1055.05,389.55,0,2,1051.7,376.7
76,2516,5416720,1058.5,401.8,1051.8,376.5,1055.15,389.15,0,2,1051.8,376.5
76,2517,5416721,1058.4,401.4,1051.9,376.4,1055.15,388.9,0,2,1051.9,376.4
76,2518,5416722,1058.3,401.0,1051.9,375.9,1055.1,388.45,0,2,1051.9,375.9
76,2519,5416723,1058.0,400.6,1052.1,375.3,1055.05,387.95,0,2,1052.1,375.3
76,2520,5416724,1057.8,400.8,1052.3,374.9,1055.05,387.85,0,2,1052.3,374.9
76,2521,5416725,1057.6,401.1,1052.6,374.4,1055.1,387.75,0,2,1052.6,374.4
76,2522,5416726,1057.4,401.2,1053.0,373.9,1055.2,387.55,0,2,1053.0,373.9
76,2523,5416727,1057.2,401.4,1053.3,373.6,1055.25,387.5,0,2,1053.3,373.6
76,2524,5416728,1057.1,401.4,1053.7,373.2,1055.4,387.3,0,2,1053.7,373.2
76,2525,5416729,1057.0,401.3,1054.0,373.2,1055.5,387.25,0,2,1054.0,373.2
76,2526,5416730,1057.1,401.3,1054.2,374.0,1055.65,387.65,0,2,1054.2,374.0
76,2527,5416731,1057.3,401.3,1054.4,374.9,1055.85,388.1,0,2,1054.4,374.9
76,2528,5416732,1057.4,401.3,1054.3,376.2,1055.85,388.75,0,2,1054.3,376.2
76,2529,5416733,1057.6,401.2,1054.3,377.5,1055.95,389.35,0,2,1054.3,377.5
76,2530,5416734,1057.9,401.0,1054.3,378.6,1056.1,389.8,0,2,1054.3,378.6
76,2531,5416735,1058.1,400.6,1054.3,379.7,1056.2,390.15,0,2,1054.3,379.7
76,2532,5416736,1058.3,400.2,1054.3,380.7,1056.3,390.45,0,2,1054.3,380.7
76,2533,5416737,1058.6,399.8,1054.4,380.9,1056.5,390.35,0,2,1054.4,380.9
77,2534,5416738,1059.0,399.4,1054.5,380.5,1056.75,389.95,0,2,1054.5,380.5
77,2535,5416739,1059.4,399.0,1054.7,379.8,1057.05,389.4,0,2,1054.7,379.8
77,2536,5416740,1059.7,398.6,1054.7,379.1,1057.2,388.85,0,2,1054.7,379.1
77,2537,5416741,1060.0,398.4,1054.6,378.4,1057.3,388.4,0,2,1054.6,378.4
77,2538,5416742,1060.1,398.3,1054.4,377.7,1057.25,388.0,0,2,1054.4,377.7
77,2539,5416743,1060.1,398.3,1054.1,377.1,1057.1,387.7,0,2,1054.1,377.1
77,2540,5416744,1060.1,398.3,1053.8,376.6,1056.95,387.45,0,2,1053.8,376.6
77,2541,5416745,1059.9,398.4,1053.5,376.5,1056.7,387.45,0,2,1053.5,376.5
77,2542,5416746,1059.7,398.5,1053.3,376.5,1056.5,387.5,0,2,1053.3,376.5
77,2543,5416747,1059.6,398.5,1053.0,376.6,1056.3,387.55,0,2,1053.0,376.6
77,2544,5416748,1059.6,398.5,1052.9,376.6,1056.25,387.55,0,2,1052.9,376.6
77,2545,5416749,1059.7,398.4,1052.6,376.5,1056.15,387.45,0,2,1052.6,376.5
77,2546,5416750,1059.8,398.4,1052.3,375.8,1056.05,387.1,0,2,1052.3,375.8
77,2547,5416751,1059.8,398.3,1052.0,375.2,1055.9,386.75,0,2,1052.0,375.2
77,2548,5416752,1059.5,398.2,1051.5,374.7,1055.5,386.45,0,2,1051.5,374.7
77,2549,5416753,1058.3,398.2,1050.8,374.1,1054.55,386.15,0,2,1050.8,374.1
77,2550,5416754,1056.3,398.2,1049.1,373.6,1052.7,385.9,0,2,1049.1,373.6
77,2551,5416755,1052.2,398.5,1046.2,373.5,1049.2,386.0,0,2,1046.2,373.5
77,2552,5416756,1045.3,398.9,1041.3,373.5,1043.3,386.2,0,2,1041.3,373.5
77,2553,5416757,1035.5,399.6,1034.7,374.1,1035.1,386.85,0,2,1034.7,374.1
77,2554,5416758,1023.5,400.1,1025.6,374.6,1024.55,387.35,0,2,1025.6,374.6
77,2555,5416759,1008.9,400.8,1013.4,374.7,1011.15,387.75,0,2,1013.4,374.7
77,2556,5416760,991.7,401.5,998.3,374.9,995.0,388.2,0,2,998.3,374.9
77,2557,5416761,972.1,402.2,980.3,374.9,976.2,388.55,0,2,980.3,374.9
77,2558,5416762,949.4,402.2,961.4,374.5,955.4,388.35,0,2,961.4,374.5
77,2559,5416763,926.9,402.1,940.8,373.8,933.85,387.95,0,2,940.8,373.8
77,2560,5416764,904.4,401.9,918.8,373.2,911.6,387.55,0,2,918.8,373.2
77,2561,5416765,880.7,402.0,895.9,372.6,888.3,387.3,0,2,895.9,372.6
77,2562,5416766,856.4,402.1,874.7,372.3,865.55,387.2,0,2,874.7,372.3
77,2563,5416767,832.9,402.5,852.8,371.8,842.85,387.15,0,2,852.8,371.8
77,2564,5416768,808.6,403.1,831.5,371.6,820.05,387.35,0,2,831.5,371.6
77,2565,5416769,786.0,404.3,809.1,371.6,797.55,387.95,0,2,809.1,371.6
77,2566,5416770,763.5,405.6,789.3,371.7,776.4,388.65,0,2,789.3,371.7
78,2567,5416771,741.7,407.1,769.3,372.6,755.5,389.85,0,2,769.3,372.6
78,2568,5416772,720.3,409.6,749.1,374.0,734.7,391.8,0,2,749.1,374.0
78,2569,5416773,698.1,412.6,727.7,375.4,712.9,394.0,0,2,727.7,375.4
78,2570,5416774,678.8,415.2,708.1,376.9,693.45,396.05,0,2,708.1,376.9
78,2571,5416775,660.1,417.8,689.1,379.4,674.6,398.6,0,2,689.1,379.4
78,2572,5416776,642.1,420.3,670.7,382.2,656.4,401.25,0,2,670.7,382.2
78,2573,5416777,623.8,423.2,651.5,385.2,637.65,404.2,0,2,651.5,385.2
78,2574,5416778,606.8,425.8,633.5,388.7,620.15,407.25,0,2,633.5,388.7
78,2575,5416779,591.6,428.9,616.5,393.4,604.05,411.15,0,2,616.5,393.4
78,2576,5416780,578.0,432.3,599.1,398.0,588.55,415.15,0,2,599.1,398.0
78,2577,5416781,562.7,436.4,581.7,403.3,572.2,419.85,0,2,581.7,403.3
78,2578,5416782,548.7,440.5,565.7,408.6,557.2,424.55,0,2,565.7,408.6
78,2579,5416783,537.0,445.0,549.5,414.4,543.25,429.7,0,2,549.5,414.4
78,2580,5416784,526.4,449.9,532.8,419.9,529.6,434.9,0,2,532.8,419.9
78,2581,5416785,513.9,455.0,515.6,424.1,514.75,439.55,0,2,515.6,424.1
78,2582,5416786,500.4,458.5,500.1,426.4,500.25,442.45,0,2,500.1,426.4
78,2583,5416787,488.7,461.0,485.8,428.9,487.25,444.95,0,2,485.8,428.9
78,2584,5416788,476.2,463.4,471.1,430.5,473.65,446.95,0,2,471.1,430.5
78,2585,5416789,465.0,466.5,456.2,431.0,460.6,448.75,0,2,456.2,431.0
78,2586,5416790,453.2,469.4,443.1,431.6,448.15,450.5,0,2,443.1,431.6
78,2587,5416791,442.2,472.4,432.5,432.8,437.35,452.6,0,2,432.5,432.8
78,2588,5416792,433.4,476.0,424.3,434.3,428.85,455.15,0,2,424.3,434.3
78,2589,5416793,426.7,479.9,416.9,436.4,421.8,458.15,0,2,416.9,436.4
78,2590,5416794,421.1,484.0,411.8,438.6,416.45,461.3,0,2,411.8,438.6
78,2591,5416795,418.1,487.3,408.7,441.0,413.4,464.15,0,2,408.7,441.0
78,2592,5416796,415.9,490.0,407.6,443.5,411.75,466.75,0,2,407.6,443.5
78,2593,5416797,415.4,492.3,408.2,445.3,411.8,468.8,0,2,408.2,445.3
78,2594,5416798,416.5,493.4,409.5,446.6,413.0,470.0,0,2,409.5,446.6
78,2595,5416799,419.3,493.7,412.0,448.0,415.65,470.85,0,2,412.0,448.0
78,2596,5416800,422.8,493.6,415.1,448.8,418.95,471.2,0,2,415.1,448.8
78,2597,5416801,426.3,493.2,418.5,449.4,422.4,471.3,0,2,418.5,449.4
78,2598,5416802,429.9,492.7,423.0,449.5,426.45,471.1,0,2,423.0,449.5
78,2599,5416803,433.5,492.0,427.7,449.0,430.6,470.5,0,2,427.7,449.0
78,2600,5416804,436.7,490.9,431.6,447.7,434.15,469.3,0,2,431.6,447.7
79,2601,5416805,438.9,489.9,435.2,445.5,437.05,467.7,0,2,435.2,445.5
79,2602,5416806,440.2,488.5,437.7,442.8,438.95,465.65,0,2,437.7,442.8
79,2603,5416807,440.4,487.2,439.0,440.1,439.7,463.65,0,2,439.0,440.1
79,2604,5416808,440.1,486.1,439.7,437.5,439.9,461.8,0,2,439.7,437.5
79,2605,5416809,439.5,485.0,438.6,435.2,439.05,460.1,0,2,438.6,435.2
79,2606,5416810,438.6,484.1,436.3,433.3,437.45,458.7,0,2,436.3,433.3
79,2607,5416811,437.6,483.7,433.5,432.2,435.55,457.95,0,2,433.5,432.2
79,2608,5416812,436.6,483.7,429.8,432.0,433.2,457.85,0,2,429.8,432.0
79,2609,5416813,435.2,484.5,426.1,431.8,430.65,458.15,0,2,426.1,431.8
79,2610,5416814,434.2,485.2,422.4,431.8,428.3,458.5,0,2,422.4,431.8
79,2611,5416815,433.5,486.3,418.8,431.8,426.15,459.05,0,2,418.8,431.8
79,2612,5416816,432.9,487.4,415.9,432.9,424.4,460.15,0,2,415.9,432.9
79,2613,5416817,432.3,488.5,413.8,434.0,423.05,461.25,0,2,413.8,434.0
79,2614,5416818,431.9,489.6,412.1,435.1,422.0,462.35,0,2,412.1,435.1
79,2615,5416819,431.5,490.3,411.3,436.2,421.4,463.25,0,2,411.3,436.2
79,2616,5416820,431.7,490.8,410.4,437.6,421.05,464.2,0,2,410.4,437.6
79,2617,5416821,431.9,491.5,410.5,439.1,421.2,465.3,0,2,410.5,439.1
79,2618,5416822,432.1,491.8,410.6,440.8,421.35,466.3,0,2,410.6,440.8
79,2619,5416823,432.3,492.2,410.8,441.5,421.55,466.85,0,2,410.8,441.5
79,2620,5416824,432.4,492.4,411.2,442.3,421.8,467.35,0,2,411.2,442.3
79,2621,5416825,432.5,492.6,411.6,443.0,422.05,467.8,0,2,411.6,443.0
79,2622,5416826,432.7,492.6,412.1,443.8,422.4,468.2,0,2,412.1,443.8
79,2623,5416827,432.8,492.5,412.6,444.2,422.7,468.35,0,2,412.6,444.2
79,2624,5416828,432.9,492.0,413.1,443.8,423.0,467.9,0,2,413.1,443.8
79,2625,5416829,432.9,491.6,413.6,443.3,423.25,467.45,0,2,413.6,443.3
79,2626,5416830,432.9,491.4,414.1,442.6,423.5,467.0,0,2,414.1,442.6
79,2627,5416831,433.0,491.3,414.3,441.9,423.65,466.6,0,2,414.3,441.9
79,2628,5416832,433.0,491.8,414.6,441.2,423.8,466.5,0,2,414.6,441.2
79,2629,5416833,433.1,492.5,414.6,440.4,423.85,466.45,0,2,414.6,440.4
79,2630,5416834,433.2,493.2,414.7,439.6,423.95,466.4,0,2,414.7,439.6
79,2631,5416835,433.3,494.0,414.6,439.6,423.95,466.8,0,2,414.6,439.6
79,2632,5416836,433.5,494.7,414.6,439.5,424.05,467.1,0,2,414.6,439.5
79,2633,5416837,433.7,495.2,414.6,439.7,424.15,467.45,0,2,414.6,439.7
80,2634,5416838,433.9,495.6,414.6,439.9,424.25,467.75,0,2,414.6,439.9
80,2635,5416839,434.1,495.4,414.7,440.2,424.4,467.8,0,2,414.7,440.2
80,2636,5416840,434.1,495.2,414.8,440.7,424.45,467.95,0,2,414.8,440.7
80,2637,5416841,434.2,495.1,415.1,441.1,424.65,468.1,0,2,415.1,441.1
80,2638,5416842,434.2,495.0,415.3,441.4,424.75,468.2,0,2,415.3,441.4
80,2639,5416843,434.3,495.3,415.4,441.8,424.85,468.55,0,2,415.4,441.8
80,2640,5416844,434.4,495.7,415.3,442.1,424.85,468.9,0,2,415.3,442.1
80,2641,5416845,434.5,496.1,415.1,442.6,424.8,469.35,0,2,415.1,442.6
80,2642,5416846,434.5,496.4,414.9,442.9,424.7,469.65,0,2,414.9,442.9
80,2643,5416847,434.4,496.6,414.6,443.1,424.5,469.85,0,2,414.6,443.1
80,2644,5416848,434.4,496.7,414.3,443.2,424.35,469.95,0,2,414.3,443.2
80,2645,5416849,434.3,496.7,414.1,443.4,424.2,470.05,0,2,414.1,443.4
80,2646,5416850,434.2,496.3,414.0,443.5,424.1,469.9,0,2,414.0,443.5
80,2647,5416851,434.1,495.9,414.0,443.6,424.05,469.75,0,2,414.0,443.6
80,2648,5416852,434.0,495.6,414.1,443.4,424.05,469.5,0,2,414.1,443.4
80,2649,5416853,434.1,495.3,414.2,443.1,424.15,469.2,0,2,414.2,443.1
80,2650,5416854,434.0,495.0,414.3,442.0,424.15,468.5,0,2,414.3,442.0
80,2651,5416855,433.9,494.8,414.6,440.9,424.25,467.85,0,2,414.6,440.9
80,2652,5416856,433.7,494.7,414.9,439.8,424.3,467.25,0,2,414.9,439.8
80,2653,5416857,433.6,494.6,415.2,438.8,424.4,466.7,0,2,415.2,438.8
80,2654,5416858,433.3,494.6,415.5,438.0,424.4,466.3,0,2,415.5,438.0
80,2655,5416859,433.1,494.6,415.7,437.4,424.4,466.0,0,2,415.7,437.4
80,2656,5416860,432.9,494.7,415.9,437.2,424.4,465.95,0,2,415.9,437.2
80,2657,5416861,432.6,494.9,416.1,437.7,424.35,466.3,0,2,416.1,437.7
80,2658,5416862,432.4,495.0,416.2,438.2,424.3,466.6,0,2,416.2,438.2
80,2659,5416863,432.1,495.1,416.2,438.8,424.15,466.95,0,2,416.2,438.8
80,2660,5416864,431.9,495.2,416.2,439.3,424.05,467.25,0,2,416.2,439.3
80,2661,5416865,431.8,495.2,415.9,439.7,423.85,467.45,0,2,415.9,439.7
80,2662,5416866,431.6,495.4,415.7,440.0,423.65,467.7,0,2,415.7,440.0
80,2663,5416867,431.6,495.6,415.6,440.2,423.6,467.9,0,2,415.6,440.2
80,2664,5416868,431.8,496.4,415.5,440.5,423.65,468.45,0,2,415.5,440.5
80,2665,5416869,431.9,497.2,415.4,440.8,423.65,469.0,0,2,415.4,440.8
80,2666,5416870,432.2,497.9,415.4,441.1,423.8,469.5,0,2,415.4,441.1
81,2667,5416871,432.4,498.5,415.3,441.2,423.85,469.85,0,2,415.3,441.2
81,2668,5416872,432.7,499.0,415.6,441.4,424.15,470.2,0,2,415.6,441.4
81,2669,5416873,432.9,499.4,415.9,441.7,424.4,470.55,0,2,415.9,441.7
81,2670,5416874,433.5,499.7,416.1,442.0,424.8,470.85,0,2,416.1,442.0
81,2671,5416875,434.0,499.3,416.2,442.2,425.1,470.75,0,2,416.2,442.2
81,2672,5416876,434.6,498.9,416.2,442.5,425.4,470.7,0,2,416.2,442.5
81,2673,5416877,435.1,498.6,416.2,442.7,425.65,470.65,0,2,416.2,442.7
81,2674,5416878,435.5,498.6,416.2,443.1,425.85,470.85,0,2,416.2,443.1
81,2675,5416879,435.8,498.7,416.2,443.5,426.0,471.1,0,2,416.2,443.5
81,2676,5416880,436.1,498.9,416.0,443.8,426.05,471.35,0,2,416.0,443.8
81,2677,5416881,435.9,499.3,415.6,444.1,425.75,471.7,0,2,415.6,444.1
81,2678,5416882,435.8,500.1,415.3,444.4,425.55,472.25,0,2,415.3,444.4
81,2679,5416883,435.6,500.9,415.0,444.7,425.3,472.8,0,2,415.0,444.7
81,2680,5416884,435.4,501.8,414.5,445.1,424.95,473.45,0,2,414.5,445.1
81,2681,5416885,435.4,502.5,413.6,445.4,424.5,473.95,0,2,413.6,445.4
81,2682,5416886,435.3,503.1,412.8,445.8,424.05,474.45,0,2,412.8,445.8
81,2683,5416887,435.2,503.5,412.0,446.1,423.6,474.8,0,2,412.0,446.1
81,2684,5416888,435.1,503.9,411.4,446.8,423.25,475.35,0,2,411.4,446.8
81,2685,5416889,435.0,504.0,410.7,447.7,422.85,475.85,0,2,410.7,447.7
81,2686,5416890,435.0,504.0,410.1,448.7,422.55,476.35,0,2,410.1,448.7
81,2687,5416891,435.0,504.0,409.8,449.7,422.4,476.85,0,2,409.8,449.7
81,2688,5416892,434.9,504.0,409.8,450.6,422.35,477.3,0,2,409.8,450.6
81,2689,5416893,434.9,504.0,409.9,451.4,422.4,477.7,0,2,409.9,451.4
81,2690,5416894,434.9,503.9,409.9,452.1,422.4,478.0,0,2,409.9,452.1
81,2691,5416895,434.9,503.7,410.0,452.5,422.45,478.1,0,2,410.0,452.5
81,2692,5416896,434.7,503.6,410.1,452.8,422.4,478.2,0,2,410.1,452.8
81,2693,5416897,434.5,503.4,410.1,453.1,422.3,478.25,0,2,410.1,453.1
81,2694,5416898,434.0,503.3,410.0,453.6,422.0,478.45,0,2,410.0,453.6
81,2695,5416899,433.6,503.3,409.7,454.3,421.65,478.8,0,2,409.7,454.3
81,2696,5416900,433.2,503.2,409.5,455.0,421.35,479.1,0,2,409.5,455.0
81,2697,5416901,432.9,503.2,409.3,455.8,421.1,479.5,0,2,409.3,455.8
81,2698,5416902,432.5,503.1,409.0,456.5,420.75,479.8,0,2,409.0,456.5
81,2699,5416903,432.3,503.0,408.8,457.0,420.55,480.0,0,2,408.8,457.0
81,2700,5416904,432.0,502.9,408.6,457.1,420.3,480.0,0,2,408.6,457.1
82,2701,5416905,432.1,502.7,408.6,456.9,420.35,479.8,0,2,408.6,456.9
82,2702,5416906,432.2,502.5,408.6,456.4,420.4,479.45,0,2,408.6,456.4
82,2703,5416907,432.3,502.3,408.6,455.8,420.45,479.05,0,2,408.6,455.8
82,2704,5416908,432.4,502.2,408.6,455.1,420.5,478.65,0,2,408.6,455.1
82,2705,5416909,432.4,502.1,408.7,454.3,420.55,478.2,0,2,408.7,454.3
82,2706,5416910,432.5,502.1,408.9,453.7,420.7,477.9,0,2,408.9,453.7
82,2707,5416911,432.5,502.0,409.2,453.4,420.85,477.7,0,2,409.2,453.4
82,2708,5416912,432.4,501.8,409.4,453.8,420.9,477.8,0,2,409.4,453.8
82,2709,5416913,432.3,501.6,409.6,454.1,420.95,477.85,0,2,409.6,454.1
82,2710,5416914,432.2,501.3,409.9,454.5,421.05,477.9,0,2,409.9,454.5
82,2711,5416915,432.1,501.1,410.1,454.8,421.1,477.95,0,2,410.1,454.8
82,2712,5416916,431.9,500.7,410.3,455.3,421.1,478.0,0,2,410.3,455.3
82,2713,5416917,431.9,500.0,410.4,455.7,421.15,477.85,0,2,410.4,455.7
82,2714,5416918,431.8,499.2,410.4,456.0,421.1,477.6,0,2,410.4,456.0
82,2715,5416919,431.9,498.5,410.5,455.9,421.2,477.2,0,2,410.5,455.9
82,2716,5416920,431.8,497.8,410.5,455.8,421.15,476.8,0,2,410.5,455.8
82,2717,5416921,431.7,497.2,410.5,455.8,421.1,476.5,0,2,410.5,455.8
82,2718,5416922,431.6,496.7,410.5,455.8,421.05,476.25,0,2,410.5,455.8
82,2719,5416923,431.1,496.3,410.4,455.8,420.75,476.05,0,2,410.4,455.8
82,2720,5416924,430.6,496.2,410.2,456.0,420.4,476.1,0,2,410.2,456.0
82,2721,5416925,429.9,496.2,410.0,456.4,419.95,476.3,0,2,410.0,456.4
82,2722,5416926,429.2,496.1,409.6,456.9,419.4,476.5,0,2,409.6,456.9
82,2723,5416927,428.5,496.0,409.3,457.5,418.9,476.75,0,2,409.3,457.5
82,2724,5416928,427.9,495.9,409.0,458.4,418.45,477.15,0,2,409.0,458.4
82,2725,5416929,427.4,495.7,408.8,459.3,418.1,477.5,0,2,408.8,459.3
82,2726,5416930,427.4,495.5,409.0,460.2,418.2,477.85,0,2,409.0,460.2
82,2727,5416931,427.4,495.0,409.3,461.0,418.35,478.0,0,2,409.3,461.0
82,2728,5416932,427.6,494.5,409.7,461.5,418.65,478.0,0,2,409.7,461.5
82,2729,5416933,427.9,494.2,410.2,461.9,419.05,478.05,0,2,410.2,461.9
82,2730,5416934,428.2,493.9,410.8,462.3,419.5,478.1,0,2,410.8,462.3
82,2731,5416935,428.4,493.9,411.3,462.4,419.85,478.15,0,2,411.3,462.4
82,2732,5416936,428.6,493.8,411.7,462.5,420.15,478.15,0,2,411.7,462.5
82,2733,5416937,428.5,493.8,411.8,462.6,420.15,478.2,0,2,411.8,462.6
83,2734,5416938,428.4,493.6,411.7,462.8,420.05,478.2,0,2,411.7,462.8
83,2735,5416939,428.4,493.3,411.6,463.1,420.0,478.2,0,2,411.6,463.1
83,2736,5416940,428.3,493.1,411.4,463.5,419.85,478.3,0,2,411.4,463.5
83,2737,5416941,427.7,492.8,411.5,464.0,419.6,478.4,0,2,411.5,464.0
83,2738,5416942,427.1,492.2,411.6,465.0,419.35,478.6,0,2,411.6,465.0
83,2739,5416943,426.5,491.6,411.7,465.9,419.1,478.75,0,2,411.7,465.9
83,2740,5416944,425.9,491.0,411.8,466.9,418.85,478.95,0,2,411.8,466.9
83,2741,5416945,425.3,491.0,412.0,467.8,418.65,479.4,0,2,412.0,467.8
83,2742,5416946,424.7,491.1,412.3,468.7,418.5,479.9,0,2,412.3,468.7
83,2743,5416947,424.1,491.3,412.6,469.5,418.35,480.4,0,2,412.6,469.5
83,2744,5416948,423.9,491.6,412.7,470.2,418.3,480.9,0,2,412.7,470.2
83,2745,5416949,424.0,492.0,412.8,470.3,418.4,481.15,0,2,412.8,470.3
83,2746,5416950,424.2,492.2,412.9,470.4,418.55,481.3,0,2,412.9,470.4
83,2747,5416951,424.4,492.4,413.2,470.6,418.8,481.5,0,2,413.2,470.6
83,2748,5416952,425.2,492.6,413.5,470.8,419.35,481.7,0,2,413.5,470.8
83,2749,5416953,425.9,492.7,413.7,471.0,419.8,481.85,0,2,413.7,471.0
83,2750,5416954,426.7,492.7,414.0,471.2,420.35,481.95,0,2,414.0,471.2
83,2751,5416955,427.4,492.7,414.2,471.4,420.8,482.05,0,2,414.2,471.4
83,2752,5416956,428.0,492.7,414.4,471.6,421.2,482.15,0,2,414.4,471.6
83,2753,5416957,428.4,492.9,414.6,471.9,421.5,482.4,0,2,414.6,471.9
83,2754,5416958,428.7,493.2,414.6,472.4,421.65,482.8,0,2,414.6,472.4
83,2755,5416959,428.6,493.6,414.6,472.8,421.6,483.2,0,2,414.6,472.8
83,2756,5416960,428.4,493.8,414.6,473.0,421.5,483.4,0,2,414.6,473.0
83,2757,5416961,428.2,494.0,414.6,473.1,421.4,483.55,0,2,414.6,473.1
83,2758,5416962,427.8,494.1,414.6,473.2,421.2,483.65,0,2,414.6,473.2
83,2759,5416963,427.4,493.6,414.6,473.2,421.0,483.4,0,2,414.6,473.2
83,2760,5416964,427.2,493.1,414.6,473.2,420.9,483.15,0,2,414.6,473.2
83,2761,5416965,427.0,492.4,414.6,472.9,420.8,482.65,0,2,414.6,472.9
83,2762,5416966,426.8,491.8,414.7,472.5,420.75,482.15,0,2,414.7,472.5
83,2763,5416967,426.8,491.2,414.7,472.2,420.75,481.7,0,2,414.7,472.2
83,2764,5416968,426.9,490.8,414.8,471.9,420.85,481.35,0,2,414.8,471.9
83,2765,5416969,427.1,490.5,414.8,471.4,420.95,480.95,0,2,414.8,471.4
83,2766,5416970,427.3,490.7,414.9,470.9,421.1,480.8,0,2,414.9,470.9
84,2767,5416971,427.6,490.9,414.9,470.4,421.25,480.65,0,2,414.9,470.4
84,2768,5416972,427.8,491.1,415.0,469.9,421.4,480.5,0,2,415.0,469.9
84,2769,5416973,428.0,491.2,415.2,469.5,421.6,480.35,0,2,415.2,469.5
84,2770,5416974,428.0,491.3,415.3,469.3,421.65,480.3,0,2,415.3,469.3
84,2771,5416975,427.9,491.3,415.5,469.1,421.7,480.2,0,2,415.5,469.1
84,2772,5416976,427.8,491.3,415.6,469.1,421.7,480.2,0,2,415.6,469.1
84,2773,5416977,427.6,491.3,415.8,469.1,421.7,480.2,0,2,415.8,469.1
84,2774,5416978,427.5,491.3,415.9,468.9,421.7,480.1,0,2,415.9,468.9
84,2775,5416979,427.2,491.4,415.9,468.7,421.55,480.05,0,2,415.9,468.7
84,2776,5416980,426.8,491.3,415.7,468.4,421.25,479.85,0,2,415.7,468.4
84,2777,5416981,426.4,491.2,415.4,468.0,420.9,479.6,0,2,415.4,468.0
84,2778,5416982,426.0,491.0,415.0,467.7,420.5,479.35,0,2,415.0,467.7
84,2779,5416983,425.4,490.7,414.6,467.3,420.0,479.0,0,2,414.6,467.3
84,2780,5416984,425.0,490.5,414.2,467.6,419.6,479.05,0,2,414.2,467.6
84,2781,5416985,424.6,490.3,413.8,468.1,419.2,479.2,0,2,413.8,468.1
84,2782,5416986,424.4,490.3,413.6,468.5,419.0,479.4,0,2,413.6,468.5
84,2783,5416987,424.5,490.4,413.5,468.7,419.0,479.55,0,2,413.5,468.7
84,2784,5416988,424.5,490.6,413.5,468.8,419.0,479.7,0,2,413.5,468.8
84,2785,5416989,424.6,490.9,413.5,468.9,419.05,479.9,0,2,413.5,468.9
84,2786,5416990,424.9,491.6,413.6,469.2,419.25,480.4,0,2,413.6,469.2
84,2787,5416991,425.2,492.3,413.7,469.1,419.45,480.7,0,2,413.7,469.1
84,2788,5416992,425.4,492.9,413.7,469.1,419.55,481.0,0,2,413.7,469.1
84,2789,5416993,425.3,493.3,413.8,469.2,419.55,481.25,0,2,413.8,469.2
84,2790,5416994,425.1,493.7,413.8,469.8,419.45,481.75,0,2,413.8,469.8
84,2791,5416995,424.8,493.9,413.8,470.4,419.3,482.15,0,2,413.8,470.4
84,2792,5416996,424.5,494.0,413.8,471.0,419.15,482.5,0,2,413.8,471.0
84,2793,5416997,424.2,493.7,413.8,471.5,419.0,482.6,0,2,413.8,471.5
84,2794,5416998,423.8,493.5,413.8,471.8,418.8,482.65,0,2,413.8,471.8
84,2795,5416999,423.5,493.3,413.6,472.0,418.55,482.65,0,2,413.6,472.0
84,2796,5417000,423.4,493.3,413.4,472.1,418.4,482.7,0,2,413.4,472.1
84,2797,5417001,423.4,493.3,413.2,472.2,418.3,482.75,0,2,413.2,472.2
84,2798,5417002,423.5,493.3,412.9,472.2,418.2,482.75,0,2,412.9,472.2
84,2799,5417003,423.6,493.2,412.7,472.3,418.15,482.75,0,2,412.7,472.3
84,2800,5417004,423.8,493.3,412.5,472.1,418.15,482.7,0,2,412.5,472.1
85,2801,5417005,423.9,493.5,412.4,471.9,418.15,482.7,0,2,412.4,471.9
85,2802,5417006,424.1,494.2,412.4,471.6,418.25,482.9,0,2,412.4,471.6
85,2803,5417007,424.2,494.8,412.5,471.2,418.35,483.0,0,2,412.5,471.2
85,2804,5417008,424.4,495.3,412.9,470.8,418.65,483.05,0,2,412.9,470.8
85,2805,5417009,424.5,495.8,413.4,470.6,418.95,483.2,0,2,413.4,470.6
85,2806,5417010,424.5,496.4,413.8,470.5,419.15,483.45,0,2,413.8,470.5
85,2807,5417011,424.6,496.6,414.3,470.6,419.45,483.6,0,2,414.3,470.6
85,2808,5417012,424.7,496.8,414.8,470.8,419.75,483.8,0,2,414.8,470.8
85,2809,5417013,424.7,495.8,415.2,471.1,419.95,483.45,0,2,415.2,471.1
85,2810,5417014,424.5,494.9,415.7,471.5,420.1,483.2,0,2,415.7,471.5
85,2811,5417015,424.5,494.2,415.9,471.9,420.2,483.05,0,2,415.9,471.9
85,2812,5417016,424.4,493.7,416.2,472.3,420.3,483.0,0,2,416.2,472.3
85,2813,5417017,424.4,493.2,416.6,472.6,420.5,482.9,0,2,416.6,472.6
85,2814,5417018,424.4,492.9,416.8,472.7,420.6,482.8,0,2,416.8,472.7
85,2815,5417019,424.5,492.6,417.0,472.7,420.75,482.65,0,2,417.0,472.7
85,2816,5417020,425.0,493.0,417.2,472.8,421.1,482.9,0,2,417.2,472.8
85,2817,5417021,425.5,493.5,417.3,473.0,421.4,483.25,0,2,417.3,473.0
85,2818,5417022,426.1,493.8,417.3,473.2,421.7,483.5,0,2,417.3,473.2
85,2819,5417023,426.7,494.0,417.2,473.5,421.95,483.75,0,2,417.2,473.5
85,2820,5417024,427.3,493.8,417.1,473.9,422.2,483.85,0,2,417.1,473.9
85,2821,5417025,427.8,493.6,416.9,474.4,422.35,484.0,0,2,416.9,474.4
85,2822,5417026,428.3,493.3,416.8,474.9,422.55,484.1,0,2,416.8,474.9
85,2823,5417027,428.5,493.2,416.6,475.3,422.55,484.25,0,2,416.6,475.3
85,2824,5417028,428.7,492.8,416.5,475.6,422.6,484.2,0,2,416.5,475.6
85,2825,5417029,428.9,492.6,416.5,476.1,422.7,484.35,0,2,416.5,476.1
85,2826,5417030,429.0,492.5,416.5,476.8,422.75,484.65,0,2,416.5,476.8
85,2827,5417031,428.9,492.8,416.5,477.2,422.7,485.0,0,2,416.5,477.2
85,2828,5417032,428.7,492.9,416.5,477.5,422.6,485.2,0,2,416.5,477.5
85,2829,5417033,428.3,492.9,416.5,477.5,422.4,485.2,0,2,416.5,477.5
85,2830,5417034,427.9,492.8,416.4,477.5,422.15,485.15,0,2,416.4,477.5
85,2831,5417035,427.4,492.7,416.3,477.4,421.85,485.05,0,2,416.3,477.4
85,2832,5417036,427.0,492.7,416.2,477.1,421.6,484.9,0,2,416.2,477.1
85,2833,5417037,426.7,492.7,416.1,476.5,421.4,484.6,0,2,416.1,476.5
86,2834,5417038,426.5,492.7,416.0,476.0,421.25,484.35,0,2,416.0,476.0
86,2835,5417039,426.5,492.7,415.8,475.5,421.15,484.1,0,2,415.8,475.5
86,2836,5417040,426.4,492.9,415.6,475.3,421.0,484.1,0,2,415.6,475.3
86,2837,5417041,426.4,493.1,415.4,474.9,420.9,484.0,0,2,415.4,474.9
86,2838,5417042,426.3,493.3,415.2,474.7,420.75,484.0,0,2,415.2,474.7
86,2839,5417043,426.3,493.4,414.9,474.4,420.6,483.9,0,2,414.9,474.4
86,2840,5417044,426.1,493.6,414.5,474.2,420.3,483.9,0,2,414.5,474.2
86,2841,5417045,426.0,493.7,414.1,474.0,420.05,483.85,0,2,414.1,474.0
86,2842,5417046,425.9,493.9,413.6,473.5,419.75,483.7,0,2,413.6,473.5
86,2843,5417047,426.0,494.1,413.1,473.2,419.55,483.65,0,2,413.1,473.2
86,2844,5417048,426.1,494.2,412.6,472.9,419.35,483.55,0,2,412.6,472.9
86,2845,5417049,426.1,494.3,412.1,472.5,419.1,483.4,0,2,412.1,472.5
86,2846,5417050,426.1,494.3,411.6,472.1,418.85,483.2,0,2,411.6,472.1
86,2847,5417051,426.1,494.4,411.3,471.7,418.7,483.05,0,2,411.3,471.7
86,2848,5417052,426.1,494.7,410.9,471.4,418.5,483.05,0,2,410.9,471.4
86,2849,5417053,426.0,494.9,410.1,470.2,418.05,482.55,0,2,410.1,470.2
86,2850,5417054,425.9,495.2,409.2,469.0,417.55,482.1,0,2,409.2,469.0
86,2851,5417055,425.8,495.4,408.5,467.9,417.15,481.65,0,2,408.5,467.9
86,2852,5417056,425.6,495.6,407.7,466.8,416.65,481.2,0,2,407.7,466.8
86,2853,5417057,425.5,495.6,406.9,465.8,416.2,480.7,0,2,406.9,465.8
86,2854,5417058,425.4,495.6,406.0,464.9,415.7,480.25,0,2,406.0,464.9
86,2855,5417059,425.3,495.3,405.1,463.9,415.2,479.6,0,2,405.1,463.9
86,2856,5417060,425.2,495.0,404.9,464.0,415.05,479.5,0,2,404.9,464.0
86,2857,5417061,425.1,494.6,404.6,464.2,414.85,479.4,0,2,404.6,464.2
86,2858,5417062,425.1,494.4,404.3,464.4,414.7,479.4,0,2,404.3,464.4
86,2859,5417063,425.1,494.5,404.5,464.5,414.8,479.5,0,2,404.5,464.5
86,2860,5417064,425.2,494.7,405.4,464.7,415.3,479.7,0,2,405.4,464.7
86,2861,5417065,425.8,495.0,407.7,464.9,416.75,479.95,0,2,407.7,464.9
86,2862,5417066,427.5,495.5,411.7,465.1,419.6,480.3,0,2,411.7,465.1
86,2863,5417067,430.4,496.1,418.1,465.2,424.25,480.65,0,2,418.1,465.2
86,2864,5417068,435.0,496.7,425.8,465.3,430.4,481.0,0,2,425.8,465.3
86,2865,5417069,441.5,497.1,435.9,463.9,438.7,480.5,0,2,435.9,463.9
86,2866,5417070,450.2,496.9,448.7,461.7,449.45,479.3,0,2,448.7,461.7
87,2867,5417071,462.3,495.6,463.4,458.3,462.85,476.95,0,2,463.4,458.3
87,2868,5417072,476.7,492.2,481.4,453.8,479.05,473.0,0,2,481.4,453.8
87,2869,5417073,494.2,488.7,501.9,447.6,498.05,468.15,0,2,501.9,447.6
87,2870,5417074,513.0,483.3,524.7,440.2,518.85,461.75,0,2,524.7,440.2
87,2871,5417075,533.1,477.1,548.6,431.0,540.85,454.05,0,2,548.6,431.0
87,2872,5417076,554.0,469.4,573.7,421.7,563.85,445.55,0,2,573.7,421.7
87,2873,5417077,575.0,461.5,598.7,411.8,586.85,436.65,0,2,598.7,411.8
87,2874,5417078,595.7,454.1,624.6,401.8,610.15,427.95,0,2,624.6,401.8
87,2875,5417079,615.3,448.8,648.1,392.8,631.7,420.8,0,2,648.1,392.8
87,2876,5417080,633.0,442.9,669.3,385.4,651.15,414.15,0,2,669.3,385.4
87,2877,5417081,650.0,438.2,688.2,378.9,669.1,408.55,0,2,688.2,378.9
87,2878,5417082,665.9,434.0,706.2,373.9,686.05,403.95,0,2,706.2,373.9
87,2879,5417083,680.9,431.4,722.4,369.9,701.65,400.65,0,2,722.4,369.9
87,2880,5417084,695.5,429.3,737.9,367.7,716.7,398.5,0,2,737.9,367.7
87,2881,5417085,709.5,427.7,751.0,366.8,730.25,397.25,0,2,751.0,366.8
87,2882,5417086,724.0,426.1,764.5,367.0,744.25,396.55,0,2,764.5,367.0
87,2883,5417087,738.5,425.1,776.4,367.2,757.45,396.15,0,2,776.4,367.2
87,2884,5417088,752.8,424.7,788.4,367.9,770.6,396.3,0,2,788.4,367.9
87,2885,5417089,768.5,424.4,800.6,368.9,784.55,396.65,0,2,800.6,368.9
87,2886,5417090,784.8,424.0,814.2,370.1,799.5,397.05,0,2,814.2,370.1
87,2887,5417091,801.1,423.6,826.6,370.9,813.85,397.25,0,2,826.6,370.9
87,2888,5417092,817.5,423.1,840.2,371.3,828.85,397.2,0,2,840.2,371.3
87,2889,5417093,834.0,422.5,854.8,370.6,844.4,396.55,0,2,854.8,370.6
87,2890,5417094,851.3,421.7,870.0,369.6,860.65,395.65,0,2,870.0,369.6
87,2891,5417095,869.5,419.8,885.7,368.5,877.6,394.15,0,2,885.7,368.5
87,2892,5417096,887.6,417.7,903.2,367.3,895.4,392.5,0,2,903.2,367.3
87,2893,5417097,905.3,415.6,920.1,366.2,912.7,390.9,0,2,920.1,366.2
87,2894,5417098,922.2,413.4,937.0,365.1,929.6,389.25,0,2,937.0,365.1
87,2895,5417099,938.0,411.3,954.2,364.1,946.1,387.7,0,2,954.2,364.1
87,2896,5417100,952.9,409.2,969.4,363.2,961.15,386.2,0,2,969.4,363.2
87,2897,5417101,966.7,407.5,985.4,362.6,976.05,385.05,0,2,985.4,362.6
87,2898,5417102,979.7,407.1,998.3,362.4,989.0,384.75,0,2,998.3,362.4
87,2899,5417103,991.1,406.8,1008.6,362.3,999.85,384.55,0,2,1008.6,362.3
87,2900,5417104,1000.8,406.7,1018.1,362.3,1009.45,384.5,0,2,1018.1,362.3
88,2901,5417105,1009.3,406.7,1027.7,362.3,1018.5,384.5,0,2,1027.7,362.3
88,2902,5417106,1016.3,406.4,1035.6,362.5,1025.95,384.45,0,2,1035.6,362.5
88,2903,5417107,1021.9,406.1,1042.2,362.6,1032.05,384.35,0,2,1042.2,362.6
88,2904,5417108,1026.4,405.7,1047.1,362.8,1036.75,384.25,0,2,1047.1,362.8
88,2905,5417109,1029.0,404.7,1052.0,362.8,1040.5,383.75,0,2,1052.0,362.8
88,2906,5417110,1030.1,403.8,1056.2,362.7,1043.15,383.25,0,2,1056.2,362.7
88,2907,5417111,1031.0,401.6,1058.3,362.6,1044.65,382.1,0,2,1058.3,362.6
88,2908,5417112,1031.7,398.6,1059.3,362.6,1045.5,380.6,0,2,1059.3,362.6
88,2909,5417113,1032.3,395.9,1059.4,362.8,1045.85,379.35,0,2,1059.4,362.8
88,2910,5417114,1032.7,393.3,1059.5,363.0,1046.1,378.15,0,2,1059.5,363.0
88,2911,5417115,1032.5,390.7,1059.2,363.7,1045.85,377.2,0,2,1059.2,363.7
88,2912,5417116,1032.2,388.4,1059.0,364.3,1045.6,376.35,0,2,1059.0,364.3
88,2913,5417117,1031.9,386.2,1057.5,365.0,1044.7,375.6,0,2,1057.5,365.0
88,2914,5417118,1030.9,385.5,1055.8,366.0,1043.35,375.75,0,2,1055.8,366.0
88,2915,5417119,1029.5,386.1,1054.1,367.2,1041.8,376.65,0,2,1054.1,367.2
88,2916,5417120,1028.0,386.7,1052.6,368.4,1040.3,377.55,0,2,1052.6,368.4
88,2917,5417121,1026.1,387.4,1051.1,369.4,1038.6,378.4,0,2,1051.1,369.4
88,2918,5417122,1024.3,388.1,1050.1,370.0,1037.2,379.05,0,2,1050.1,370.0
88,2919,5417123,1022.8,389.1,1048.9,371.2,1035.85,380.15,0,2,1048.9,371.2
88,2920,5417124,1021.4,389.9,1049.3,372.6,1035.35,381.25,0,2,1049.3,372.6
88,2921,5417125,1021.5,390.5,1049.9,373.6,1035.7,382.05,0,2,1049.9,373.6
88,2922,5417126,1022.1,390.6,1050.6,374.4,1036.35,382.5,0,2,1050.6,374.4
88,2923,5417127,1023.5,390.6,1051.2,375.2,1037.35,382.9,0,2,1051.2,375.2
88,2924,5417128,1025.2,390.5,1051.8,376.1,1038.5,383.3,0,2,1051.8,376.1
88,2925,5417129,1027.3,390.3,1052.1,376.8,1039.7,383.55,0,2,1052.1,376.8
88,2926,5417130,1029.5,390.0,1052.4,376.9,1040.95,383.45,0,2,1052.4,376.9
88,2927,5417131,1031.4,389.8,1052.8,376.9,1042.1,383.35,0,2,1052.8,376.9
88,2928,5417132,1032.6,389.7,1053.0,377.0,1042.8,383.35,0,2,1053.0,377.0
88,2929,5417133,1033.8,389.7,1053.1,377.4,1043.45,383.55,0,2,1053.1,377.4
88,2930,5417134,1034.5,389.8,1053.1,377.9,1043.8,383.85,0,2,1053.1,377.9
88,2931,5417135,1035.1,389.9,1052.9,378.4,1044.0,384.15,0,2,1052.9,378.4
88,2932,5417136,1035.4,390.0,1052.6,379.6,1044.0,384.8,0,2,1052.6,379.6
88,2933,5417137,1035.5,390.0,1052.2,381.0,1043.85,385.5,0,2,1052.2,381.0
89,2934,5417138,1034.7,390.0,1051.5,382.2,1043.1,386.1,0,2,1051.5,382.2
89,2935,5417139,1033.9,389.8,1050.8,383.3,1042.35,386.55,0,2,1050.8,383.3
89,2936,5417140,1033.0,389.5,1050.2,384.1,1041.6,386.8,0,2,1050.2,384.1
89,2937,5417141,1032.1,389.1,1049.6,385.2,1040.85,387.15,0,2,1049.6,385.2
89,2938,5417142,1031.2,388.7,1049.2,386.2,1040.2,387.45,0,2,1049.2,386.2
89,2939,5417143,1030.3,388.3,1048.9,386.7,1039.6,387.5,0,2,1048.9,386.7
89,2940,5417144,1029.5,387.9,1048.6,387.1,1039.05,387.5,0,2,1048.6,387.1
89,2941,5417145,1029.4,387.6,1048.5,387.5,1038.95,387.55,0,2,1048.5,387.5
89,2942,5417146,1029.7,387.4,1048.4,387.9,1039.05,387.65,0,2,1048.4,387.9
89,2943,5417147,1030.1,387.1,1048.3,388.3,1039.2,387.7,0,2,1048.3,388.3
89,2944,5417148,1030.4,386.8,1048.1,388.3,1039.25,387.55,0,2,1048.1,388.3
89,2945,5417149,1030.8,386.4,1047.7,388.5,1039.25,387.45,0,2,1047.7,388.5
89,2946,5417150,1031.1,386.0,1047.4,388.6,1039.25,387.3,0,2,1047.4,388.6
89,2947,5417151,1031.5,385.5,1047.0,388.8,1039.25,387.15,0,2,1047.0,388.8
89,2948,5417152,1031.8,385.0,1046.5,389.0,1039.15,387.0,0,2,1046.5,389.0
89,2949,5417153,1031.8,384.5,1045.9,389.3,1038.85,386.9,0,2,1045.9,389.3
89,2950,5417154,1031.8,384.2,1045.3,389.1,1038.55,386.65,0,2,1045.3,389.1
89,2951,5417155,1031.8,384.0,1044.4,388.9,1038.1,386.45,0,2,1044.4,388.9
89,2952,5417156,1031.8,383.8,1043.7,388.7,1037.75,386.25,0,2,1043.7,388.7
89,2953,5417157,1031.8,383.7,1043.0,387.9,1037.4,385.8,0,2,1043.0,387.9
89,2954,5417158,1032.0,383.7,1042.4,387.1,1037.2,385.4,0,2,1042.4,387.1
89,2955,5417159,1032.1,383.8,1041.9,386.3,1037.0,385.05,0,2,1041.9,386.3
89,2956,5417160,1032.3,383.8,1041.5,385.4,1036.9,384.6,0,2,1041.5,385.4
89,2957,5417161,1032.6,384.0,1041.2,384.9,1036.9,384.45,0,2,1041.2,384.9
89,2958,5417162,1032.9,384.1,1041.3,384.4,1037.1,384.25,0,2,1041.3,384.4
89,2959,5417163,1033.1,384.4,1041.4,383.9,1037.25,384.15,0,2,1041.4,383.9
89,2960,5417164,1033.4,384.8,1041.4,384.1,1037.4,384.45,0,2,1041.4,384.1
89,2961,5417165,1033.6,385.4,1041.5,384.2,1037.55,384.8,0,2,1041.5,384.2
89,2962,5417166,1033.7,385.9,1041.5,384.4,1037.6,385.15,0,2,1041.5,384.4
89,2963,5417167,1033.7,386.3,1041.5,384.5,1037.6,385.4,0,2,1041.5,384.5
89,2964,5417168,1033.5,386.5,1041.6,384.3,1037.55,385.4,0,2,1041.6,384.3
89,2965,5417169,1033.3,386.4,1041.7,384.0,1037.5,385.2,0,2,1041.7,384.0
89,2966,5417170,1033.1,385.6,1041.7,383.5,1037.4,384.55,0,2,1041.7,383.5
90,2967,5417171,1032.9,384.8,1041.8,382.8,1037.35,383.8,0,2,1041.8,382.8
90,2968,5417172,1032.7,383.9,1042.0,381.7,1037.35,382.8,0,2,1042.0,381.7
90,2969,5417173,1032.6,383.5,1042.2,380.4,1037.4,381.95,0,2,1042.2,380.4
90,2970,5417174,1032.6,383.2,1042.4,379.2,1037.5,381.2,0,2,1042.4,379.2
90,2971,5417175,1032.8,383.2,1042.5,378.1,1037.65,380.65,0,2,1042.5,378.1
90,2972,5417176,1033.0,383.6,1042.6,377.1,1037.8,380.35,0,2,1042.6,377.1
90,2973,5417177,1033.3,384.6,1042.4,376.5,1037.85,380.55,0,2,1042.4,376.5
90,2974,5417178,1033.8,385.5,1042.2,375.9,1038.0,380.7,0,2,1042.2,375.9
90,2975,5417179,1034.3,386.3,1041.9,376.1,1038.1,381.2,0,2,1041.9,376.1
90,2976,5417180,1034.7,386.8,1041.7,376.4,1038.2,381.6,0,2,1041.7,376.4
90,2977,5417181,1035.1,387.2,1041.5,376.7,1038.3,381.95,0,2,1041.5,376.7
90,2978,5417182,1035.5,387.5,1041.4,377.2,1038.45,382.35,0,2,1041.4,377.2
90,2979,5417183,1035.8,387.7,1041.4,377.6,1038.6,382.65,0,2,1041.4,377.6
90,2980,5417184,1036.1,387.8,1041.6,378.0,1038.85,382.9,0,2,1041.6,378.0
90,2981,5417185,1036.1,387.7,1042.0,378.3,1039.05,383.0,0,2,1042.0,378.3
90,2982,5417186,1036.0,387.6,1042.4,378.3,1039.2,382.95,0,2,1042.4,378.3
90,2983,5417187,1035.8,387.3,1042.7,378.3,1039.25,382.8,0,2,1042.7,378.3
90,2984,5417188,1035.7,387.0,1042.9,378.0,1039.3,382.5,0,2,1042.9,378.0
90,2985,5417189,1035.6,386.6,1043.0,377.7,1039.3,382.15,0,2,1043.0,377.7
90,2986,5417190,1035.5,386.2,1043.1,377.4,1039.3,381.8,0,2,1043.1,377.4
90,2987,5417191,1035.4,385.9,1043.0,377.1,1039.2,381.5,0,2,1043.0,377.1
90,2988,5417192,1035.4,385.7,1042.9,376.8,1039.15,381.25,0,2,1042.9,376.8
90,2989,5417193,1035.4,385.5,1042.8,376.6,1039.1,381.05,0,2,1042.8,376.6
90,2990,5417194,1035.4,385.3,1042.7,376.2,1039.05,380.75,0,2,1042.7,376.2
90,2991,5417195,1035.5,385.1,1042.8,376.1,1039.15,380.6,0,2,1042.8,376.1
90,2992,5417196,1035.5,385.0,1042.9,375.8,1039.2,380.4,0,2,1042.9,375.8
90,2993,5417197,1035.5,384.9,1043.1,375.4,1039.3,380.15,0,2,1043.1,375.4
90,2994,5417198,1035.5,384.6,1043.2,375.1,1039.35,379.85,0,2,1043.2,375.1
90,2995,5417199,1035.5,384.4,1043.5,374.8,1039.5,379.6,0,2,1043.5,374.8
90,2996,5417200,1035.5,384.1,1044.0,374.4,1039.75,379.25,0,2,1044.0,374.4
90,2997,5417201,1035.8,383.9,1044.4,374.1,1040.1,379.0,0,2,1044.4,374.1
90,2998,5417202,1036.0,383.6,1044.8,373.7,1040.4,378.65,0,2,1044.8,373.7
90,2999,5417203,1036.3,383.5,1045.1,373.5,1040.7,378.5,0,2,1045.1,373.5
90,3000,5417204,1036.6,383.3,1045.4,373.4,1041.0,378.35,0,2,1045.4,373.4
91,3001,5417205,1036.9,383.9,1045.6,373.2,1041.25,378.55,0,2,1045.6,373.2
91,3002,5417206,1037.1,384.4,1045.8,373.0,1041.45,378.7,0,2,1045.8,373.0
91,3003,5417207,1037.2,385.1,1045.6,372.7,1041.4,378.9,0,2,1045.6,372.7
91,3004,5417208,1037.1,385.7,1045.3,372.2,1041.2,378.95,0,2,1045.3,372.2
91,3005,5417209,1036.9,386.4,1045.1,371.8,1041.0,379.1,0,2,1045.1,371.8
91,3006,5417210,1036.8,386.9,1045.0,371.3,1040.9,379.1,0,2,1045.0,371.3
91,3007,5417211,1036.6,387.4,1045.1,370.9,1040.85,379.15,0,2,1045.1,370.9
91,3008,5417212,1036.4,387.0,1045.1,370.3,1040.75,378.65,0,2,1045.1,370.3
91,3009,5417213,1036.2,386.7,1045.2,369.8,1040.7,378.25,0,2,1045.2,369.8
91,3010,5417214,1036.1,386.2,1045.3,369.4,1040.7,377.8,0,2,1045.3,369.4
91,3011,5417215,1036.1,385.7,1045.4,369.7,1040.75,377.7,0,2,1045.4,369.7
91,3012,5417216,1036.0,385.3,1045.5,370.0,1040.75,377.65,0,2,1045.5,370.0
91,3013,5417217,1035.8,384.8,1045.4,370.4,1040.6,377.6,0,2,1045.4,370.4
91,3014,5417218,1035.7,384.5,1045.4,370.8,1040.55,377.65,0,2,1045.4,370.8
91,3015,5417219,1035.6,384.4,1045.4,371.3,1040.5,377.85,0,2,1045.4,371.3
91,3016,5417220,1035.5,384.5,1045.3,371.9,1040.4,378.2,0,2,1045.3,371.9
91,3017,5417221,1035.4,384.8,1045.4,372.5,1040.4,378.65,0,2,1045.4,372.5
91,3018,5417222,1035.3,385.2,1045.6,372.6,1040.45,378.9,0,2,1045.6,372.6
91,3019,5417223,1035.2,385.7,1045.8,372.7,1040.5,379.2,0,2,1045.8,372.7
91,3020,5417224,1035.2,386.1,1046.0,372.7,1040.6,379.4,0,2,1046.0,372.7
91,3021,5417225,1035.2,386.6,1046.0,372.8,1040.6,379.7,0,2,1046.0,372.8
91,3022,5417226,1035.2,387.0,1046.0,372.9,1040.6,379.95,0,2,1046.0,372.9
91,3023,5417227,1035.2,387.4,1046.0,372.9,1040.6,380.15,0,2,1046.0,372.9
91,3024,5417228,1035.1,387.7,1045.9,372.9,1040.5,380.3,0,2,1045.9,372.9
91,3025,5417229,1035.1,387.9,1045.9,373.0,1040.5,380.45,0,2,1045.9,373.0
91,3026,5417230,1035.1,387.9,1045.8,372.9,1040.45,380.4,0,2,1045.8,372.9
91,3027,5417231,1035.1,388.0,1045.8,372.7,1040.45,380.35,0,2,1045.8,372.7
91,3028,5417232,1035.1,387.9,1045.7,372.5,1040.4,380.2,0,2,1045.7,372.5
91,3029,5417233,1035.3,387.8,1045.7,372.2,1040.5,380.0,0,2,1045.7,372.2
91,3030,5417234,1035.6,387.6,1045.7,372.1,1040.65,379.85,0,2,1045.7,372.1
91,3031,5417235,1035.9,387.3,1045.6,371.9,1040.75,379.6,0,2,1045.6,371.9
91,3032,5417236,1036.3,387.1,1045.5,371.7,1040.9,379.4,0,2,1045.5,371.7
91,3033,5417237,1036.8,386.9,1045.4,371.6,1041.1,379.25,0,2,1045.4,371.6
92,3034,5417238,1037.2,386.8,1045.3,371.5,1041.25,379.15,0,2,1045.3,371.5
92,3035,5417239,1037.6,386.7,1045.2,371.4,1041.4,379.05,0,2,1045.2,371.4
92,3036,5417240,1037.8,386.7,1045.1,371.2,1041.45,378.95,0,2,1045.1,371.2
92,3037,5417241,1037.5,386.8,1045.1,370.8,1041.3,378.8,0,2,1045.1,370.8
92,3038,5417242,1037.3,386.9,1045.2,370.6,1041.25,378.75,0,2,1045.2,370.6
92,3039,5417243,1036.8,387.1,1045.2,370.3,1041.0,378.7,0,2,1045.2,370.3
92,3040,5417244,1036.4,386.5,1045.2,370.3,1040.8,378.4,0,2,1045.2,370.3
92,3041,5417245,1035.9,386.1,1045.3,370.6,1040.6,378.35,0,2,1045.3,370.6
92,3042,5417246,1035.5,385.6,1045.3,371.1,1040.4,378.35,0,2,1045.3,371.1
92,3043,5417247,1035.2,385.3,1045.2,371.6,1040.2,378.45,0,2,1045.2,371.6
92,3044,5417248,1035.0,384.9,1044.7,372.2,1039.85,378.55,0,2,1044.7,372.2
92,3045,5417249,1035.0,384.5,1044.3,372.8,1039.65,378.65,0,2,1044.3,372.8
92,3046,5417250,1035.0,384.2,1044.0,373.3,1039.5,378.75,0,2,1044.0,373.3
92,3047,5417251,1035.0,384.4,1043.6,373.6,1039.3,379.0,0,2,1043.6,373.6
92,3048,5417252,1035.1,384.7,1043.1,373.7,1039.1,379.2,0,2,1043.1,373.7
92,3049,5417253,1035.0,384.8,1042.7,373.8,1038.85,379.3,0,2,1042.7,373.8
92,3050,5417254,1035.0,384.9,1042.4,373.9,1038.7,379.4,0,2,1042.4,373.9
92,3051,5417255,1035.0,385.0,1042.4,374.4,1038.7,379.7,0,2,1042.4,374.4
92,3052,5417256,1034.9,384.3,1042.3,374.8,1038.6,379.55,0,2,1042.3,374.8
92,3053,5417257,1034.9,383.5,1042.2,375.2,1038.55,379.35,0,2,1042.2,375.2
92,3054,5417258,1034.9,382.9,1041.9,375.7,1038.4,379.3,0,2,1041.9,375.7
92,3055,5417259,1034.9,382.4,1041.7,376.2,1038.3,379.3,0,2,1041.7,376.2
92,3056,5417260,1034.9,381.8,1041.5,376.7,1038.2,379.25,0,2,1041.5,376.7
92,3057,5417261,1035.0,381.1,1041.2,377.2,1038.1,379.15,0,2,1041.2,377.2
92,3058,5417262,1035.2,380.1,1041.0,377.6,1038.1,378.85,0,2,1041.0,377.6
92,3059,5417263,1035.4,379.8,1040.8,378.2,1038.1,379.0,0,2,1040.8,378.2
92,3060,5417264,1035.5,379.5,1040.7,378.7,1038.1,379.1,0,2,1040.7,378.7
92,3061,5417265,1035.7,379.3,1040.7,379.3,1038.2,379.3,0,2,1040.7,379.3
92,3062,5417266,1035.8,379.1,1040.6,379.9,1038.2,379.5,0,2,1040.6,379.9
92,3063,5417267,1035.9,379.1,1040.6,380.5,1038.25,379.8,0,2,1040.6,380.5
92,3064,5417268,1036.0,379.0,1040.7,381.1,1038.35,380.05,0,2,1040.7,381.1
92,3065,5417269,1035.9,379.4,1040.8,382.0,1038.35,380.7,0,2,1040.8,382.0
92,3066,5417270,1035.8,379.7,1040.9,382.7,1038.35,381.2,0,2,1040.9,382.7
93,3067,5417271,1035.7,380.0,1040.9,383.3,1038.3,381.65,0,2,1040.9,383.3
93,3068,5417272,1035.7,380.0,1040.7,384.0,1038.2,382.0,0,2,1040.7,384.0
93,3069,5417273,1035.6,379.9,1040.5,384.8,1038.05,382.35,0,2,1040.5,384.8
93,3070,5417274,1035.6,379.9,1040.2,385.5,1037.9,382.7,0,2,1040.2,385.5
93,3071,5417275,1035.6,379.9,1040.0,386.2,1037.8,383.05,0,2,1040.0,386.2
93,3072,5417276,1035.6,379.9,1039.7,386.6,1037.65,383.25,0,2,1039.7,386.6
93,3073,5417277,1035.7,380.1,1039.7,387.4,1037.7,383.75,0,2,1039.7,387.4
93,3074,5417278,1035.8,380.5,1039.7,388.2,1037.75,384.35,0,2,1039.7,388.2
93,3075,5417279,1035.8,380.9,1039.9,388.8,1037.85,384.85,0,2,1039.9,388.8
93,3076,5417280,1035.9,381.4,1039.9,389.3,1037.9,385.35,0,2,1039.9,389.3
93,3077,5417281,1035.9,381.9,1039.8,389.7,1037.85,385.8,0,2,1039.8,389.7
93,3078,5417282,1035.9,382.3,1039.7,390.0,1037.8,386.15,0,2,1039.7,390.0
93,3079,5417283,1036.1,382.8,1039.5,390.2,1037.8,386.5,0,2,1039.5,390.2
93,3080,5417284,1036.2,383.2,1039.3,390.0,1037.75,386.6,0,2,1039.3,390.0
93,3081,5417285,1036.3,383.6,1039.2,390.2,1037.75,386.9,0,2,1039.2,390.2
93,3082,5417286,1036.4,383.9,1039.1,390.7,1037.75,387.3,0,2,1039.1,390.7
93,3083,5417287,1036.6,384.2,1039.5,391.4,1038.05,387.8,0,2,1039.5,391.4
93,3084,5417288,1036.7,384.5,1039.8,392.0,1038.25,388.25,0,2,1039.8,392.0
93,3085,5417289,1036.9,384.6,1040.2,392.7,1038.55,388.65,0,2,1040.2,392.7
93,3086,5417290,1037.0,384.7,1040.5,393.4,1038.75,389.05,0,2,1040.5,393.4
93,3087,5417291,1037.3,384.8,1040.8,394.3,1039.05,389.55,0,2,1040.8,394.3
93,3088,5417292,1037.6,384.8,1040.9,394.9,1039.25,389.85,0,2,1040.9,394.9
93,3089,5417293,1037.8,384.8,1041.3,395.2,1039.55,390.0,0,2,1041.3,395.2
93,3090,5417294,1038.0,384.7,1041.5,395.3,1039.75,390.0,0,2,1041.5,395.3
93,3091,5417295,1038.1,384.6,1041.9,395.4,1040.0,390.0,0,2,1041.9,395.4
93,3092,5417296,1038.1,384.5,1042.3,395.3,1040.2,389.9,0,2,1042.3,395.3
93,3093,5417297,1038.2,384.4,1042.7,395.2,1040.45,389.8,0,2,1042.7,395.2
93,3094,5417298,1038.1,384.2,1043.0,395.0,1040.55,389.6,0,2,1043.0,395.0
93,3095,5417299,1038.0,384.2,1042.9,394.9,1040.45,389.55,0,2,1042.9,394.9
93,3096,5417300,1038.0,384.2,1042.5,394.8,1040.25,389.5,0,2,1042.5,394.8
93,3097,5417301,1038.1,384.8,1042.1,395.0,1040.1,389.9,0,2,1042.1,395.0
93,3098,5417302,1038.3,385.3,1041.6,395.2,1039.95,390.25,0,2,1041.6,395.2
93,3099,5417303,1038.6,386.0,1041.0,395.6,1039.8,390.8,0,2,1041.0,395.6
93,3100,5417304,1038.7,386.8,1040.5,396.0,1039.6,391.4,0,2,1040.5,396.0
94,3101,5417305,1038.7,387.8,1040.0,396.3,1039.35,392.05,0,2,1040.0,396.3
94,3102,5417306,1038.6,388.6,1039.9,396.5,1039.25,392.55,0,2,1039.9,396.5
94,3103,5417307,1038.6,389.3,1039.8,396.7,1039.2,393.0,0,2,1039.8,396.7
94,3104,5417308,1038.5,389.5,1039.8,396.6,1039.15,393.05,0,2,1039.8,396.6
94,3105,5417309,1038.4,389.9,1039.8,396.4,1039.1,393.15,0,2,1039.8,396.4
94,3106,5417310,1038.8,390.2,1040.1,396.2,1039.45,393.2,0,2,1040.1,396.2
94,3107,5417311,1039.4,390.5,1040.3,395.9,1039.85,393.2,0,2,1040.3,395.9
94,3108,5417312,1039.9,390.8,1040.6,395.6,1040.25,393.2,0,2,1040.6,395.6
94,3109,5417313,1040.5,391.2,1040.8,395.3,1040.65,393.25,0,2,1040.8,395.3
94,3110,5417314,1041.0,391.5,1041.2,394.9,1041.1,393.2,0,2,1041.2,394.9
94,3111,5417315,1041.5,391.8,1041.4,394.4,1041.45,393.1,0,2,1041.4,394.4
94,3112,5417316,1042.0,391.9,1041.6,394.0,1041.8,392.95,0,2,1041.6,394.0
94,3113,5417317,1041.8,392.1,1041.5,393.7,1041.65,392.9,0,2,1041.5,393.7
94,3114,5417318,1041.6,392.3,1041.4,393.4,1041.5,392.85,0,2,1041.4,393.4
94,3115,5417319,1041.4,392.5,1041.2,393.3,1041.3,392.9,0,2,1041.2,393.3
94,3116,5417320,1041.2,392.6,1041.0,393.3,1041.1,392.95,0,2,1041.0,393.3
94,3117,5417321,1041.0,392.6,1040.7,393.5,1040.85,393.05,0,2,1040.7,393.5
94,3118,5417322,1040.8,392.5,1040.4,393.7,1040.6,393.1,0,2,1040.4,393.7
94,3119,5417323,1040.6,392.5,1040.1,393.8,1040.35,393.15,0,2,1040.1,393.8
94,3120,5417324,1040.5,392.4,1039.5,393.9,1040.0,393.15,0,2,1039.5,393.9
94,3121,5417325,1040.4,392.3,1039.0,393.8,1039.7,393.05,0,2,1039.0,393.8
94,3122,5417326,1040.4,392.2,1038.5,393.5,1039.45,392.85,0,2,1038.5,393.5
94,3123,5417327,1040.4,392.1,1038.2,392.7,1039.3,392.4,0,2,1038.2,392.7
94,3124,5417328,1040.4,392.1,1038.0,391.9,1039.2,392.0,0,2,1038.0,391.9
94,3125,5417329,1040.4,392.1,1038.1,391.1,1039.25,391.6,0,2,1038.1,391.1
94,3126,5417330,1040.5,392.2,1038.1,390.5,1039.3,391.35,0,2,1038.1,390.5
94,3127,5417331,1040.5,392.4,1038.5,389.7,1039.5,391.05,0,2,1038.5,389.7
94,3128,5417332,1040.7,392.7,1038.9,389.2,1039.8,390.95,0,2,1038.9,389.2
94,3129,5417333,1040.8,393.0,1039.3,388.7,1040.05,390.85,0,2,1039.3,388.7
94,3130,5417334,1040.9,393.4,1039.7,388.6,1040.3,391.0,0,2,1039.7,388.6
94,3131,5417335,1041.0,393.9,1040.0,388.5,1040.5,391.2,0,2,1040.0,388.5
94,3132,5417336,1041.2,394.3,1040.0,388.4,1040.6,391.35,0,2,1040.0,388.4
94,3133,5417337,1041.4,394.7,1040.1,388.3,1040.75,391.5,0,2,1040.1,388.3
95,3134,5417338,1041.6,394.9,1039.6,388.4,1040.6,391.65,0,2,1039.6,388.4
95,3135,5417339,1041.6,394.7,1039.0,388.5,1040.3,391.6,0,2,1039.0,388.5
95,3136,5417340,1041.5,394.5,1038.4,388.6,1039.95,391.55,0,2,1038.4,388.6
95,3137,5417341,1041.0,394.4,1037.8,389.0,1039.4,391.7,0,2,1037.8,389.0
95,3138,5417342,1040.3,394.0,1037.2,389.2,1038.75,391.6,0,2,1037.2,389.2
95,3139,5417343,1038.4,393.7,1035.6,389.4,1037.0,391.55,0,2,1035.6,389.4
95,3140,5417344,1034.5,393.7,1032.9,389.3,1033.7,391.5,0,2,1032.9,389.3
95,3141,5417345,1029.7,393.7,1029.9,389.1,1029.8,391.4,0,2,1029.9,389.1
95,3142,5417346,1023.0,394.1,1025.9,388.8,1024.45,391.45,0,2,1025.9,388.8
95,3143,5417347,1015.1,394.6,1020.0,388.2,1017.55,391.4,0,2,1020.0,388.2
95,3144,5417348,1006.2,395.2,1013.5,387.1,1009.85,391.15,0,2,1013.5,387.1
95,3145,5417349,995.7,396.0,1005.6,386.3,1000.65,391.15,0,2,1005.6,386.3
95,3146,5417350,985.7,396.7,997.5,385.5,991.6,391.1,0,2,997.5,385.5
95,3147,5417351,977.0,397.4,989.5,385.2,983.25,391.3,0,2,989.5,385.2
95,3148,5417352,969.0,398.0,981.7,384.9,975.35,391.45,0,2,981.7,384.9
95,3149,5417353,962.8,398.7,975.0,385.2,968.9,391.95,0,2,975.0,385.2
95,3150,5417354,957.9,399.4,970.2,385.7,964.05,392.55,0,2,970.2,385.7
95,3151,5417355,954.3,400.7,966.1,386.5,960.2,393.6,0,2,966.1,386.5
95,3152,5417356,952.5,402.0,963.5,387.4,958.0,394.7,0,2,963.5,387.4
95,3153,5417357,952.2,403.3,962.7,388.2,957.45,395.75,0,2,962.7,388.2
95,3154,5417358,953.1,404.5,962.9,389.8,958.0,397.15,0,2,962.9,389.8
95,3155,5417359,955.1,406.0,964.7,391.2,959.9,398.6,0,2,964.7,391.2
95,3156,5417360,957.7,407.9,966.8,392.3,962.25,400.1,0,2,966.8,392.3
95,3157,5417361,960.5,409.6,969.7,393.4,965.1,401.5,0,2,969.7,393.4
95,3158,5417362,964.3,410.6,972.4,394.9,968.35,402.75,0,2,972.4,394.9
95,3159,5417363,968.2,411.5,975.1,396.1,971.65,403.8,0,2,975.1,396.1
95,3160,5417364,972.0,412.5,977.2,397.3,974.6,404.9,0,2,977.2,397.3
95,3161,5417365,975.0,413.6,979.4,397.3,977.2,405.45,0,2,979.4,397.3
95,3162,5417366,977.1,414.4,980.5,397.4,978.8,405.9,0,2,980.5,397.4
95,3163,5417367,978.4,414.7,981.3,397.5,979.85,406.1,0,2,981.3,397.5
95,3164,5417368,979.1,415.0,980.9,397.3,980.0,406.15,0,2,980.9,397.3
95,3165,5417369,978.8,415.4,980.3,396.6,979.55,406.0,0,2,980.3,396.6
95,3166,5417370,978.0,415.7,979.4,395.4,978.7,405.55,0,2,979.4,395.4
96,3167,5417371,976.8,415.8,978.5,394.3,977.65,405.05,0,2,978.5,394.3
96,3168,5417372,975.5,415.5,977.6,393.5,976.55,404.5,0,2,977.6,393.5
96,3169,5417373,973.8,415.2,976.7,392.2,975.25,403.7,0,2,976.7,392.2
96,3170,5417374,972.5,414.8,976.1,390.9,974.3,402.85,0,2,976.1,390.9
96,3171,5417375,971.8,414.3,975.6,389.6,973.7,401.95,0,2,975.6,389.6
96,3172,5417376,971.0,413.8,975.6,388.4,973.3,401.1,0,2,975.6,388.4
96,3173,5417377,970.7,413.1,975.6,387.3,973.15,400.2,0,2,975.6,387.3
96,3174,5417378,970.4,412.6,975.6,386.3,973.0,399.45,0,2,975.6,386.3
96,3175,5417379,970.1,412.3,975.5,385.3,972.8,398.8,0,2,975.5,385.3
96,3176,5417380,970.3,412.1,975.3,384.5,972.8,398.3,0,2,975.3,384.5
96,3177,5417381,970.6,412.0,975.1,384.0,972.85,398.0,0,2,975.1,384.0
96,3178,5417382,970.9,412.1,974.8,383.6,972.85,397.85,0,2,974.8,383.6
96,3179,5417383,971.2,412.4,974.5,383.3,972.85,397.85,0,2,974.5,383.3
96,3180,5417384,971.4,412.8,974.2,383.3,972.8,398.05,0,2,974.2,383.3
96,3181,5417385,971.8,413.1,973.9,383.9,972.85,398.5,0,2,973.9,383.9
96,3182,5417386,972.2,413.3,973.6,384.6,972.9,398.95,0,2,973.6,384.6
96,3183,5417387,972.7,413.4,973.4,385.4,973.05,399.4,0,2,973.4,385.4
96,3184,5417388,973.1,413.5,973.1,386.1,973.1,399.8,0,2,973.1,386.1
96,3185,5417389,973.5,413.4,972.8,386.7,973.15,400.05,0,2,972.8,386.7
96,3186,5417390,973.9,413.3,972.6,387.4,973.25,400.35,0,2,972.6,387.4
96,3187,5417391,974.2,413.3,972.4,388.0,973.3,400.65,0,2,972.4,388.0
96,3188,5417392,974.2,413.4,972.4,388.0,973.3,400.7,0,2,972.4,388.0
96,3189,5417393,974.2,413.6,972.4,388.0,973.3,400.8,0,2,972.4,388.0
96,3190,5417394,974.1,413.8,972.5,387.8,973.3,400.8,0,2,972.5,387.8
96,3191,5417395,974.0,413.7,972.6,387.7,973.3,400.7,0,2,972.6,387.7
96,3192,5417396,974.0,413.7,972.7,387.8,973.35,400.75,0,2,972.7,387.8
96,3193,5417397,973.9,413.6,972.9,387.8,973.4,400.7,0,2,972.9,387.8
96,3194,5417398,973.8,413.3,972.9,387.8,973.35,400.55,0,2,972.9,387.8
96,3195,5417399,973.8,412.9,973.1,387.8,973.45,400.35,0,2,973.1,387.8
96,3196,5417400,973.9,412.6,973.1,388.2,973.5,400.4,0,2,973.1,388.2
96,3197,5417401,973.8,412.4,973.2,388.5,973.5,400.45,0,2,973.2,388.5
96,3198,5417402,973.8,412.7,973.2,388.8,973.5,400.75,0,2,973.2,388.8
96,3199,5417403,973.8,413.0,973.3,389.1,973.55,401.05,0,2,973.3,389.1
96,3200,5417404,973.7,413.2,973.3,389.1,973.5,401.15,0,2,973.3,389.1
97,3201,5417405,973.6,413.6,973.4,389.1,973.5,401.35,0,2,973.4,389.1
97,3202,5417406,973.4,414.0,973.6,389.1,973.5,401.55,0,2,973.6,389.1
97,3203,5417407,973.2,414.3,973.7,389.0,973.45,401.65,0,2,973.7,389.0
97,3204,5417408,973.0,414.6,973.8,388.9,973.4,401.75,0,2,973.8,388.9
97,3205,5417409,972.8,414.7,973.6,388.9,973.2,401.8,0,2,973.6,388.9
97,3206,5417410,972.7,414.8,973.4,389.2,973.05,402.0,0,2,973.4,389.2
97,3207,5417411,972.6,414.9,973.2,389.7,972.9,402.3,0,2,973.2,389.7
97,3208,5417412,972.6,415.1,972.8,390.1,972.7,402.6,0,2,972.8,390.1
97,3209,5417413,972.6,415.3,972.3,390.6,972.45,402.95,0,2,972.3,390.6
97,3210,5417414,972.3,415.6,971.8,390.9,972.05,403.25,0,2,971.8,390.9
97,3211,5417415,972.0,415.9,971.4,391.1,971.7,403.5,0,2,971.4,391.1
97,3212,5417416,971.8,416.1,971.3,391.1,971.55,403.6,0,2,971.3,391.1
97,3213,5417417,971.6,416.4,971.3,390.8,971.45,403.6,0,2,971.3,390.8
97,3214,5417418,971.4,416.7,971.8,390.6,971.6,403.65,0,2,971.8,390.6
97,3215,5417419,971.2,416.9,972.5,390.2,971.85,403.55,0,2,972.5,390.2
97,3216,5417420,970.9,417.0,973.2,389.8,972.05,403.4,0,2,973.2,389.8
97,3217,5417421,971.0,417.1,973.9,390.0,972.45,403.55,0,2,973.9,390.0
97,3218,5417422,971.1,417.2,974.7,390.2,972.9,403.7,0,2,974.7,390.2
97,3219,5417423,971.6,417.2,975.4,390.7,973.5,403.95,0,2,975.4,390.7
97,3220,5417424,971.9,417.2,976.0,391.1,973.95,404.15,0,2,976.0,391.1
97,3221,5417425,972.2,417.1,976.0,391.4,974.1,404.25,0,2,976.0,391.4
97,3222,5417426,972.5,417.0,976.1,391.8,974.3,404.4,0,2,976.1,391.8
97,3223,5417427,972.7,416.8,976.3,392.1,974.5,404.45,0,2,976.3,392.1
97,3224,5417428,972.9,416.5,976.6,391.8,974.75,404.15,0,2,976.6,391.8
97,3225,5417429,973.2,416.1,976.8,391.5,975.0,403.8,0,2,976.8,391.5
97,3226,5417430,972.9,415.8,976.9,391.3,974.9,403.55,0,2,976.9,391.3
97,3227,5417431,972.5,415.7,977.1,391.1,974.8,403.4,0,2,977.1,391.1
97,3228,5417432,972.1,415.5,977.3,391.1,974.7,403.3,0,2,977.3,391.1
97,3229,5417433,971.8,415.3,977.3,391.1,974.55,403.2,0,2,977.3,391.1
97,3230,5417434,971.6,415.2,977.0,391.1,974.3,403.15,0,2,977.0,391.1
97,3231,5417435,971.3,415.2,976.7,391.1,974.0,403.15,0,2,976.7,391.1
97,3232,5417436,971.1,415.2,976.4,391.2,973.75,403.2,0,2,976.4,391.2
97,3233,5417437,971.0,415.2,976.3,391.2,973.65,403.2,0,2,976.3,391.2
98,3234,5417438,970.9,415.1,976.6,390.7,973.75,402.9,0,2,976.6,390.7
98,3235,5417439,970.7,415.1,977.1,390.3,973.9,402.7,0,2,977.1,390.3
98,3236,5417440,970.5,415.1,977.7,389.9,974.1,402.5,0,2,977.7,389.9
98,3237,5417441,970.3,415.1,978.4,389.6,974.35,402.35,0,2,978.4,389.6
98,3238,5417442,970.0,415.1,979.0,389.6,974.5,402.35,0,2,979.0,389.6
98,3239,5417443,969.6,415.1,979.7,389.5,974.65,402.3,0,2,979.7,389.5
98,3240,5417444,969.2,415.2,980.5,389.4,974.85,402.3,0,2,980.5,389.4
98,3241,5417445,968.8,415.5,980.9,389.7,974.85,402.6,0,2,980.9,389.7
98,3242,5417446,968.5,416.0,981.3,389.6,974.9,402.8,0,2,981.3,389.6
98,3243,5417447,968.5,416.5,981.4,389.5,974.95,403.0,0,2,981.4,389.5
98,3244,5417448,968.9,417.0,981.5,389.3,975.2,403.15,0,2,981.5,389.3
98,3245,5417449,969.4,417.4,981.5,388.9,975.45,403.15,0,2,981.5,388.9
98,3246,5417450,970.0,417.8,981.5,388.5,975.75,403.15,0,2,981.5,388.5
98,3247,5417451,970.7,418.1,981.3,388.2,976.0,403.15,0,2,981.3,388.2
98,3248,5417452,971.3,418.0,980.9,387.9,976.1,402.95,0,2,980.9,387.9
98,3249,5417453,971.5,417.9,980.4,387.9,975.95,402.9,0,2,980.4,387.9
98,3250,5417454,971.5,417.7,980.0,387.9,975.75,402.8,0,2,980.0,387.9
98,3251,5417455,971.1,417.5,979.9,387.7,975.5,402.6,0,2,979.9,387.7
98,3252,5417456,970.6,417.0,979.7,387.6,975.15,402.3,0,2,979.7,387.6
98,3253,5417457,970.2,416.5,979.5,387.6,974.85,402.05,0,2,979.5,387.6
98,3254,5417458,969.7,416.2,979.4,387.9,974.55,402.05,0,2,979.4,387.9
98,3255,5417459,969.2,415.8,979.4,388.3,974.3,402.05,0,2,979.4,388.3
98,3256,5417460,968.9,415.4,979.4,388.9,974.15,402.15,0,2,979.4,388.9
98,3257,5417461,968.8,415.2,979.5,389.4,974.15,402.3,0,2,979.5,389.4
98,3258,5417462,968.6,415.0,979.5,390.1,974.05,402.55,0,2,979.5,390.1
98,3259,5417463,968.4,415.0,979.5,390.8,973.95,402.9,0,2,979.5,390.8
98,3260,5417464,968.2,415.0,979.5,391.2,973.85,403.1,0,2,979.5,391.2
98,3261,5417465,968.1,415.0,979.5,391.4,973.8,403.2,0,2,979.5,391.4
98,3262,5417466,968.1,415.2,979.5,391.5,973.8,403.35,0,2,979.5,391.5
98,3263,5417467,968.1,415.8,979.4,391.4,973.75,403.6,0,2,979.4,391.4
98,3264,5417468,968.2,416.2,979.4,391.3,973.8,403.75,0,2,979.4,391.3
98,3265,5417469,968.4,416.6,979.5,391.1,973.95,403.85,0,2,979.5,391.1
98,3266,5417470,968.6,416.8,979.7,390.9,974.15,403.85,0,2,979.7,390.9
99,3267,5417471,968.7,417.0,979.9,390.6,974.3,403.8,0,2,979.9,390.6
99,3268,5417472,968.9,416.8,980.2,390.3,974.55,403.55,0,2,980.2,390.3
99,3269,5417473,969.0,416.5,980.4,390.5,974.7,403.5,0,2,980.4,390.5
99,3270,5417474,969.2,415.9,980.6,390.6,974.9,403.25,0,2,980.6,390.6
99,3271,5417475,969.3,415.5,980.7,390.9,975.0,403.2,0,2,980.7,390.9
99,3272,5417476,969.4,415.2,980.7,391.4,975.05,403.3,0,2,980.7,391.4
99,3273,5417477,969.5,415.1,980.6,392.2,975.05,403.65,0,2,980.6,392.2
99,3274,5417478,969.6,415.2,980.5,393.0,975.05,404.1,0,2,980.5,393.0
99,3275,5417479,969.6,415.5,980.3,393.8,974.95,404.65,0,2,980.3,393.8
99,3276,5417480,969.6,415.8,980.1,394.0,974.85,404.9,0,2,980.1,394.0
99,3277,5417481,969.6,416.0,979.9,394.4,974.75,405.2,0,2,979.9,394.4
99,3278,5417482,969.6,415.9,979.8,394.9,974.7,405.4,0,2,979.8,394.9
99,3279,5417483,969.6,415.9,979.7,395.3,974.65,405.6,0,2,979.7,395.3
99,3280,5417484,969.6,416.0,979.7,395.6,974.65,405.8,0,2,979.7,395.6
99,3281,5417485,969.7,415.9,979.7,395.8,974.7,405.85,0,2,979.7,395.8
99,3282,5417486,969.9,415.8,979.7,396.1,974.8,405.95,0,2,979.7,396.1
99,3283,5417487,970.0,415.6,979.9,396.2,974.95,405.9,0,2,979.9,396.2
99,3284,5417488,970.2,415.1,980.1,396.0,975.15,405.55,0,2,980.1,396.0
99,3285,5417489,970.5,414.6,980.4,395.7,975.45,405.15,0,2,980.4,395.7
99,3286,5417490,970.9,414.1,980.5,395.4,975.7,404.75,0,2,980.5,395.4
99,3287,5417491,971.4,414.1,980.6,395.1,976.0,404.6,0,2,980.6,395.1
99,3288,5417492,971.8,414.0,980.3,394.8,976.05,404.4,0,2,980.3,394.8
99,3289,5417493,972.1,414.0,980.1,394.4,976.1,404.2,0,2,980.1,394.4
99,3290,5417494,972.5,414.1,979.7,394.1,976.1,404.1,0,2,979.7,394.1
99,3291,5417495,972.8,414.4,979.3,394.1,976.05,404.25,0,2,979.3,394.1
99,3292,5417496,973.1,414.7,978.8,394.0,975.95,404.35,0,2,978.8,394.0
99,3293,5417497,973.2,415.0,978.2,394.0,975.7,404.5,0,2,978.2,394.0
99,3294,5417498,973.4,414.9,977.7,394.0,975.55,404.45,0,2,977.7,394.0
99,3295,5417499,973.6,414.8,977.5,394.0,975.55,404.4,0,2,977.5,394.0
99,3296,5417500,973.9,414.8,977.3,394.2,975.6,404.5,0,2,977.3,394.2
99,3297,5417501,974.1,414.7,977.1,394.4,975.6,404.55,0,2,977.1,394.4
99,3298,5417502,974.4,414.8,976.8,394.6,975.6,404.7,0,2,976.8,394.6
99,3299,5417503,974.5,414.7,976.4,394.6,975.45,404.65,0,2,976.4,394.6
99,3300,5417504,974.7,414.4,976.2,394.5,975.45,404.45,0,2,976.2,394.5
100,3301,5417505,974.8,414.1,976.0,394.4,975.4,404.25,0,2,976.0,394.4
100,3302,5417506,974.8,413.9,975.7,394.2,975.25,404.05,0,2,975.7,394.2
100,3303,5417507,974.8,413.6,975.4,394.0,975.1,403.8,0,2,975.4,394.0
100,3304,5417508,974.7,413.5,975.0,393.8,974.85,403.65,0,2,975.0,393.8
100,3305,5417509,974.6,413.5,974.7,393.7,974.65,403.6,0,2,974.7,393.7
100,3306,5417510,974.5,413.7,974.5,393.7,974.5,403.7,0,2,974.5,393.7
100,3307,5417511,974.3,414.1,974.3,393.8,974.3,403.95,0,2,974.3,393.8
100,3308,5417512,974.2,414.5,974.0,393.9,974.1,404.2,0,2,974.0,393.9
100,3309,5417513,974.0,414.9,973.8,394.0,973.9,404.45,0,2,973.8,394.0
100,3310,5417514,973.9,415.3,973.5,394.0,973.7,404.65,0,2,973.5,394.0
100,3311,5417515,973.9,415.5,973.3,393.9,973.6,404.7,0,2,973.3,393.9
100,3312,5417516,973.8,415.6,973.2,393.8,973.5,404.7,0,2,973.2,393.8
100,3313,5417517,973.9,415.6,973.2,393.6,973.55,404.6,0,2,973.2,393.6
100,3314,5417518,973.9,415.9,973.5,393.6,973.7,404.75,0,2,973.5,393.6
100,3315,5417519,974.0,416.2,974.0,393.5,974.0,404.85,0,2,974.0,393.5
100,3316,5417520,974.1,417.3,974.5,393.4,974.3,405.35,0,2,974.5,393.4
100,3317,5417521,974.1,418.3,975.1,393.2,974.6,405.75,0,2,975.1,393.2
100,3318,5417522,974.0,419.4,975.6,392.9,974.8,406.15,0,2,975.6,392.9
100,3319,5417523,973.9,419.9,976.1,392.5,975.0,406.2,0,2,976.1,392.5
100,3320,5417524,973.6,420.5,976.5,392.1,975.05,406.3,0,2,976.5,392.1
100,3321,5417525,973.4,420.9,976.6,391.5,975.0,406.2,0,2,976.6,391.5
100,3322,5417526,973.1,421.1,976.5,391.4,974.8,406.25,0,2,976.5,391.4
100,3323,5417527,972.8,420.5,976.4,391.2,974.6,405.85,0,2,976.4,391.2
100,3324,5417528,972.5,419.9,976.3,391.2,974.4,405.55,0,2,976.3,391.2
100,3325,5417529,972.3,419.3,976.2,391.5,974.25,405.4,0,2,976.2,391.5
100,3326,5417530,972.1,419.3,976.1,391.8,974.1,405.55,0,2,976.1,391.8
100,3327,5417531,972.1,419.2,975.9,392.3,974.0,405.75,0,2,975.9,392.3
100,3328,5417532,972.1,419.2,975.8,392.6,973.95,405.9,0,2,975.8,392.6
100,3329,5417533,972.2,419.3,975.6,392.5,973.9,405.9,0,2,975.6,392.5
100,3330,5417534,972.1,419.5,975.4,392.1,973.75,405.8,0,2,975.4,392.1
100,3331,5417535,971.9,419.7,975.3,391.6,973.6,405.65,0,2,975.3,391.6
100,3332,5417536,971.8,419.8,975.1,391.1,973.45,405.45,0,2,975.1,391.1
100,3333,5417537,971.7,419.9,975.0,390.5,973.35,405.2,0,2,975.0,390.5
101,3334,5417538,971.7,420.0,974.4,389.7,973.05,404.85,0,2,974.4,389.7
101,3335,5417539,971.6,420.0,973.9,389.1,972.75,404.55,0,2,973.9,389.1
101,3336,5417540,971.5,420.0,973.4,388.9,972.45,404.45,0,2,973.4,388.9
101,3337,5417541,971.5,420.0,973.0,389.1,972.25,404.55,0,2,973.0,389.1
101,3338,5417542,971.5,419.9,972.7,389.4,972.1,404.65,0,2,972.7,389.4
101,3339,5417543,971.4,419.9,972.3,389.6,971.85,404.75,0,2,972.3,389.6
101,3340,5417544,971.3,419.9,972.2,389.9,971.75,404.9,0,2,972.2,389.9
101,3341,5417545,971.2,419.9,972.6,390.3,971.9,405.1,0,2,972.6,390.3
101,3342,5417546,971.1,419.9,973.7,390.9,972.4,405.4,0,2,973.7,390.9
101,3343,5417547,970.9,419.7,974.8,391.5,972.85,405.6,0,2,974.8,391.5
101,3344,5417548,970.8,419.4,975.7,392.0,973.25,405.7,0,2,975.7,392.0
101,3345,5417549,970.7,419.0,976.6,392.4,973.65,405.7,0,2,976.6,392.4
101,3346,5417550,970.6,418.7,977.6,392.4,974.1,405.55,0,2,977.6,392.4
101,3347,5417551,970.6,418.6,978.2,392.5,974.4,405.55,0,2,978.2,392.5
101,3348,5417552,970.7,418.6,978.3,392.7,974.5,405.65,0,2,978.3,392.7
101,3349,5417553,970.7,418.5,977.6,392.8,974.15,405.65,0,2,977.6,392.8
101,3350,5417554,970.9,418.5,976.9,392.5,973.9,405.5,0,2,976.9,392.5
101,3351,5417555,971.4,418.7,976.1,392.2,973.75,405.45,0,2,976.1,392.2
101,3352,5417556,971.8,418.9,975.3,392.2,973.55,405.55,0,2,975.3,392.2
101,3353,5417557,972.3,419.0,974.4,392.7,973.35,405.85,0,2,974.4,392.7
101,3354,5417558,972.7,419.0,973.6,393.2,973.15,406.1,0,2,973.6,393.2
101,3355,5417559,973.2,419.1,973.3,393.5,973.25,406.3,0,2,973.3,393.5
101,3356,5417560,973.6,419.1,972.9,393.8,973.25,406.45,0,2,972.9,393.8
101,3357,5417561,974.0,419.2,972.8,394.1,973.4,406.65,0,2,972.8,394.1
101,3358,5417562,974.1,419.6,972.6,394.3,973.35,406.95,0,2,972.6,394.3
101,3359,5417563,974.2,420.0,972.5,394.5,973.35,407.25,0,2,972.5,394.5
101,3360,5417564,974.2,420.4,972.4,394.5,973.3,407.45,0,2,972.4,394.5
101,3361,5417565,974.2,420.8,972.4,394.4,973.3,407.6,0,2,972.4,394.4
101,3362,5417566,974.0,421.3,972.3,394.3,973.15,407.8,0,2,972.3,394.3
101,3363,5417567,973.8,421.7,972.0,394.1,972.9,407.9,0,2,972.0,394.1
101,3364,5417568,973.4,422.4,971.7,394.0,972.55,408.2,0,2,971.7,394.0
101,3365,5417569,973.0,422.8,971.5,393.8,972.25,408.3,0,2,971.5,393.8
101,3366,5417570,972.6,423.1,971.2,393.6,971.9,408.35,0,2,971.2,393.6
102,3367,5417571,972.3,423.5,970.9,393.5,971.6,408.5,0,2,970.9,393.5
102,3368,5417572,972.1,423.8,970.7,393.3,971.4,408.55,0,2,970.7,393.3
102,3369,5417573,972.0,423.8,970.5,393.0,971.25,408.4,0,2,970.5,393.0
102,3370,5417574,972.2,423.8,970.7,392.4,971.45,408.1,0,2,970.7,392.4
102,3371,5417575,972.5,423.5,970.8,391.8,971.65,407.65,0,2,970.8,391.8
102,3372,5417576,972.8,423.1,970.9,391.2,971.85,407.15,0,2,970.9,391.2
102,3373,5417577,973.2,422.7,971.0,390.6,972.1,406.65,0,2,971.0,390.6
102,3374,5417578,973.6,422.4,971.1,390.1,972.35,406.25,0,2,971.1,390.1
102,3375,5417579,974.0,422.0,970.9,389.8,972.45,405.9,0,2,970.9,389.8
102,3376,5417580,974.4,422.0,970.5,389.5,972.45,405.75,0,2,970.5,389.5
102,3377,5417581,974.7,421.9,970.3,389.6,972.5,405.75,0,2,970.3,389.6
102,3378,5417582,975.0,421.8,970.1,389.7,972.55,405.75,0,2,970.1,389.7
102,3379,5417583,975.4,421.7,970.4,389.8,972.9,405.75,0,2,970.4,389.8
102,3380,5417584,975.7,421.7,970.8,389.9,973.25,405.8,0,2,970.8,389.9
102,3381,5417585,976.0,421.7,971.2,390.0,973.6,405.85,0,2,971.2,390.0
102,3382,5417586,976.2,421.1,972.0,390.0,974.1,405.55,0,2,972.0,390.0
102,3383,5417587,976.3,420.4,972.9,389.9,974.6,405.15,0,2,972.9,389.9
102,3384,5417588,976.1,419.8,973.7,389.9,974.9,404.85,0,2,973.7,389.9
102,3385,5417589,975.8,419.2,974.6,390.1,975.2,404.65,0,2,974.6,390.1
102,3386,5417590,975.3,418.6,975.0,390.4,975.15,404.5,0,2,975.0,390.4
102,3387,5417591,974.8,418.1,975.3,391.3,975.05,404.7,0,2,975.3,391.3
102,3388,5417592,974.3,417.5,975.5,392.2,974.9,404.85,0,2,975.5,392.2
102,3389,5417593,973.9,417.5,975.7,393.2,974.8,405.35,0,2,975.7,393.2
102,3390,5417594,973.6,417.7,975.0,394.2,974.3,405.95,0,2,975.0,394.2
102,3391,5417595,973.5,417.8,974.2,394.8,973.85,406.3,0,2,974.2,394.8
102,3392,5417596,973.7,418.1,973.2,395.1,973.45,406.6,0,2,973.2,395.1
102,3393,5417597,973.9,418.4,972.3,395.3,973.1,406.85,0,2,972.3,395.3
102,3394,5417598,974.1,418.8,971.5,394.9,972.8,406.85,0,2,971.5,394.9
102,3395,5417599,974.3,419.1,970.8,394.5,972.55,406.8,0,2,970.8,394.5
102,3396,5417600,974.6,419.3,970.1,394.1,972.35,406.7,0,2,970.1,394.1
102,3397,5417601,975.0,419.5,970.5,393.6,972.75,406.55,0,2,970.5,393.6
102,3398,5417602,975.4,419.7,971.3,393.1,973.35,406.4,0,2,971.3,393.1
102,3399,5417603,975.8,419.8,972.1,392.7,973.95,406.25,0,2,972.1,392.7
102,3400,5417604,976.0,419.8,972.9,392.2,974.45,406.0,0,2,972.9,392.2
103,3401,5417605,976.3,419.8,973.7,391.8,975.0,405.8,0,2,973.7,391.8
103,3402,5417606,976.5,419.9,974.4,391.4,975.45,405.65,0,2,974.4,391.4
103,3403,5417607,976.5,420.1,975.1,390.9,975.8,405.5,0,2,975.1,390.9
103,3404,5417608,976.4,420.2,975.6,390.5,976.0,405.35,0,2,975.6,390.5
103,3405,5417609,976.4,420.5,975.6,390.3,976.0,405.4,0,2,975.6,390.3
103,3406,5417610,976.4,420.6,975.3,390.4,975.85,405.5,0,2,975.3,390.4
103,3407,5417611,976.6,420.9,975.0,390.6,975.8,405.75,0,2,975.0,390.6
103,3408,5417612,976.8,421.2,974.5,390.9,975.65,406.05,0,2,974.5,390.9
103,3409,5417613,977.0,421.4,974.0,391.1,975.5,406.25,0,2,974.0,391.1
103,3410,5417614,977.3,421.6,973.3,391.5,975.3,406.55,0,2,973.3,391.5
103,3411,5417615,977.6,421.7,972.6,392.1,975.1,406.9,0,2,972.6,392.1
103,3412,5417616,977.8,421.7,971.9,393.0,974.85,407.35,0,2,971.9,393.0
103,3413,5417617,977.9,421.7,971.4,394.0,974.65,407.85,0,2,971.4,394.0
103,3414,5417618,978.0,421.3,971.0,394.9,974.5,408.1,0,2,971.0,394.9
103,3415,5417619,978.1,420.8,970.7,395.7,974.4,408.25,0,2,970.7,395.7
103,3416,5417620,978.1,420.4,970.4,396.4,974.25,408.4,0,2,970.4,396.4
103,3417,5417621,978.2,420.0,970.5,397.1,974.35,408.55,0,2,970.5,397.1
103,3418,5417622,978.2,419.6,971.3,397.6,974.75,408.6,0,2,971.3,397.6
103,3419,5417623,978.3,419.3,972.2,397.6,975.25,408.45,0,2,972.2,397.6
103,3420,5417624,978.3,419.0,973.4,397.6,975.85,408.3,0,2,973.4,397.6
103,3421,5417625,978.3,418.9,974.6,397.4,976.45,408.15,0,2,974.6,397.4
103,3422,5417626,978.2,418.7,975.7,397.1,976.95,407.9,0,2,975.7,397.1
103,3423,5417627,978.2,418.5,976.8,396.8,977.5,407.65,0,2,976.8,396.8
103,3424,5417628,978.2,418.3,977.8,396.4,978.0,407.35,0,2,977.8,396.4
103,3425,5417629,977.9,418.0,978.2,395.8,978.05,406.9,0,2,978.2,395.8
103,3426,5417630,977.5,417.7,978.6,395.2,978.05,406.45,0,2,978.6,395.2
103,3427,5417631,977.2,417.4,978.7,394.8,977.95,406.1,0,2,978.7,394.8
103,3428,5417632,976.9,417.1,978.7,394.6,977.8,405.85,0,2,978.7,394.6
103,3429,5417633,976.7,416.9,978.8,394.5,977.75,405.7,0,2,978.8,394.5
103,3430,5417634,976.5,416.7,978.7,394.6,977.6,405.65,0,2,978.7,394.6
103,3431,5417635,976.3,416.4,977.9,394.6,977.1,405.5,0,2,977.9,394.6
103,3432,5417636,976.3,416.3,977.0,394.9,976.65,405.6,0,2,977.0,394.9
103,3433,5417637,976.4,416.1,976.2,394.9,976.3,405.5,0,2,976.2,394.9
104,3434,5417638,976.1,415.9,975.4,394.5,975.75,405.2,0,2,975.4,394.5
104,3435,5417639,975.9,415.8,974.6,394.1,975.25,404.95,0,2,974.6,394.1
104,3436,5417640,975.7,415.6,974.0,393.6,974.85,404.6,0,2,974.0,393.6
104,3437,5417641,975.8,415.4,973.4,393.3,974.6,404.35,0,2,973.4,393.3
104,3438,5417642,975.9,415.0,973.7,392.9,974.8,403.95,0,2,973.7,392.9
104,3439,5417643,976.1,414.6,973.9,392.7,975.0,403.65,0,2,973.9,392.7
104,3440,5417644,976.4,414.2,974.1,392.7,975.25,403.45,0,2,974.1,392.7
104,3441,5417645,977.0,413.7,974.7,392.9,975.85,403.3,0,2,974.7,392.9
104,3442,5417646,977.5,413.1,975.4,393.3,976.45,403.2,0,2,975.4,393.3
104,3443,5417647,977.9,412.6,976.1,393.6,977.0,403.1,0,2,976.1,393.6
104,3444,5417648,978.1,411.9,976.7,394.1,977.4,403.0,0,2,976.7,394.1
104,3445,5417649,978.2,411.2,977.4,394.6,977.8,402.9,0,2,977.4,394.6
104,3446,5417650,978.2,410.6,977.9,395.0,978.05,402.8,0,2,977.9,395.0
104,3447,5417651,978.2,410.0,978.6,395.2,978.4,402.6,0,2,978.6,395.2
104,3448,5417652,978.3,409.5,978.7,395.1,978.5,402.3,0,2,978.7,395.1
104,3449,5417653,978.3,409.2,978.9,394.9,978.6,402.05,0,2,978.9,394.9
104,3450,5417654,978.4,408.8,978.9,394.7,978.65,401.75,0,2,978.9,394.7
104,3451,5417655,978.4,408.9,978.4,394.2,978.4,401.55,0,2,978.4,394.2
104,3452,5417656,978.5,408.7,977.9,393.9,978.2,401.3,0,2,977.9,393.9
104,3453,5417657,978.5,408.8,977.4,393.7,977.95,401.25,0,2,977.4,393.7
104,3454,5417658,978.6,408.8,976.9,393.7,977.75,401.25,0,2,976.9,393.7
104,3455,5417659,978.5,408.8,976.4,393.9,977.45,401.35,0,2,976.4,393.9
104,3456,5417660,978.4,408.7,975.9,394.3,977.15,401.5,0,2,975.9,394.3
104,3457,5417661,978.2,408.6,975.4,394.7,976.8,401.65,0,2,975.4,394.7
104,3458,5417662,978.0,408.5,975.5,395.0,976.75,401.75,0,2,975.5,395.0
104,3459,5417663,977.7,408.3,975.6,395.2,976.65,401.75,0,2,975.6,395.2
104,3460,5417664,977.3,408.2,975.6,395.3,976.45,401.75,0,2,975.6,395.3
104,3461,5417665,976.7,408.0,975.7,395.2,976.2,401.6,0,2,975.7,395.2
104,3462,5417666,975.8,407.8,975.7,395.1,975.75,401.45,0,2,975.7,395.1
104,3463,5417667,974.2,407.7,975.8,394.7,975.0,401.2,0,2,975.8,394.7
104,3464,5417668,972.6,407.5,975.8,394.2,974.2,400.85,0,2,975.8,394.2
104,3465,5417669,970.0,407.6,974.7,393.8,972.35,400.7,0,2,974.7,393.8
104,3466,5417670,966.2,407.8,972.7,393.2,969.45,400.5,0,2,972.7,393.2
105,3467,5417671,961.4,408.1,969.3,392.7,965.35,400.4,0,2,969.3,392.7
105,3468,5417672,956.4,408.2,964.5,391.6,960.45,399.9,0,2,964.5,391.6
105,3469,5417673,951.0,407.7,959.1,389.7,955.05,398.7,0,2,959.1,389.7
105,3470,5417674,944.6,407.0,952.8,386.7,948.7,396.85,0,2,952.8,386.7
105,3471,5417675,938.2,406.1,946.2,383.7,942.2,394.9,0,2,946.2,383.7
105,3472,5417676,932.8,405.2,940.8,380.5,936.8,392.85,0,2,940.8,380.5
105,3473,5417677,928.6,404.1,936.2,377.5,932.4,390.8,0,2,936.2,377.5
105,3474,5417678,925.6,403.2,933.2,374.3,929.4,388.75,0,2,933.2,374.3
105,3475,5417679,923.2,402.3,931.6,371.9,927.4,387.1,0,2,931.6,371.9
105,3476,5417680,922.3,401.6,930.7,370.3,926.5,385.95,0,2,930.7,370.3
105,3477,5417681,923.2,401.0,931.6,370.0,927.4,385.5,0,2,931.6,370.0
105,3478,5417682,925.0,400.1,933.1,370.0,929.05,385.05,0,2,933.1,370.0
105,3479,5417683,927.2,399.2,935.1,370.4,931.15,384.8,0,2,935.1,370.4
105,3480,5417684,929.5,398.2,937.1,371.1,933.3,384.65,0,2,937.1,371.1
105,3481,5417685,932.6,397.3,939.0,371.9,935.8,384.6,0,2,939.0,371.9
105,3482,5417686,935.5,396.4,940.9,372.6,938.2,384.5,0,2,940.9,372.6
105,3483,5417687,937.7,395.8,942.9,373.1,940.3,384.45,0,2,942.9,373.1
105,3484,5417688,939.7,395.7,944.1,373.1,941.9,384.4,0,2,944.1,373.1
105,3485,5417689,940.9,395.8,944.9,372.9,942.9,384.35,0,2,944.9,372.9
105,3486,5417690,941.7,395.9,945.2,372.2,943.45,384.05,0,2,945.2,372.2
105,3487,5417691,942.4,395.9,945.4,371.3,943.9,383.6,0,2,945.4,371.3
105,3488,5417692,942.2,395.9,945.4,370.4,943.8,383.15,0,2,945.4,370.4
105,3489,5417693,941.9,395.9,945.4,369.6,943.65,382.75,0,2,945.4,369.6
105,3490,5417694,941.6,395.9,945.0,368.9,943.3,382.4,0,2,945.0,368.9
105,3491,5417695,941.5,395.5,944.7,368.8,943.1,382.15,0,2,944.7,368.8
105,3492,5417696,941.3,395.2,944.3,368.7,942.8,381.95,0,2,944.3,368.7
105,3493,5417697,941.3,394.9,943.8,368.7,942.55,381.8,0,2,943.8,368.7
105,3494,5417698,941.3,394.9,943.4,368.8,942.35,381.85,0,2,943.4,368.8
105,3495,5417699,941.5,394.9,943.1,369.0,942.3,381.95,0,2,943.1,369.0
105,3496,5417700,941.6,394.9,942.9,369.1,942.25,382.0,0,2,942.9,369.1
105,3497,5417701,941.8,394.8,942.6,369.1,942.2,381.95,0,2,942.6,369.1
105,3498,5417702,941.9,394.9,942.2,369.0,942.05,381.95,0,2,942.2,369.0
105,3499,5417703,942.1,395.0,941.8,368.9,941.95,381.95,0,2,941.8,368.9
105,3500,5417704,942.1,394.9,941.6,368.7,941.85,381.8,0,2,941.6,368.7
106,3501,5417705,942.0,394.6,941.4,368.2,941.7,381.4,0,2,941.4,368.2
106,3502,5417706,942.0,394.2,941.4,367.7,941.7,380.95,0,2,941.4,367.7
106,3503,5417707,941.9,393.8,941.4,367.3,941.65,380.55,0,2,941.4,367.3
106,3504,5417708,941.9,393.4,941.4,367.3,941.65,380.35,0,2,941.4,367.3
106,3505,5417709,941.9,393.2,941.5,367.6,941.7,380.4,0,2,941.5,367.6
106,3506,5417710,941.9,393.0,941.4,368.1,941.65,380.55,0,2,941.4,368.1
106,3507,5417711,942.0,392.9,941.2,368.6,941.6,380.75,0,2,941.2,368.6
106,3508,5417712,942.1,392.9,941.0,369.5,941.55,381.2,0,2,941.0,369.5
106,3509,5417713,942.1,393.0,940.9,370.2,941.5,381.6,0,2,940.9,370.2
106,3510,5417714,942.2,393.1,940.8,371.0,941.5,382.05,0,2,940.8,371.0
106,3511,5417715,942.3,393.1,940.8,371.3,941.55,382.2,0,2,940.8,371.3
106,3512,5417716,942.4,393.1,940.9,371.5,941.65,382.3,0,2,940.9,371.5
106,3513,5417717,942.3,393.0,941.5,371.7,941.9,382.35,0,2,941.5,371.7
106,3514,5417718,942.3,393.0,942.0,371.9,942.15,382.45,0,2,942.0,371.9
106,3515,5417719,942.3,393.1,942.7,372.0,942.5,382.55,0,2,942.7,372.0
106,3516,5417720,942.5,393.2,943.0,372.2,942.75,382.7,0,2,943.0,372.2
106,3517,5417721,942.6,393.4,943.4,372.3,943.0,382.85,0,2,943.4,372.3
106,3518,5417722,942.7,393.7,943.7,372.4,943.2,383.05,0,2,943.7,372.4
106,3519,5417723,942.9,394.0,943.9,372.6,943.4,383.3,0,2,943.9,372.6
106,3520,5417724,943.2,394.3,943.8,373.1,943.5,383.7,0,2,943.8,373.1
106,3521,5417725,943.5,394.5,943.6,373.5,943.55,384.0,0,2,943.6,373.5
106,3522,5417726,943.9,394.7,943.4,374.1,943.65,384.4,0,2,943.4,374.1
106,3523,5417727,944.1,394.8,943.2,374.9,943.65,384.85,0,2,943.2,374.9
106,3524,5417728,944.3,394.8,943.1,375.8,943.7,385.3,0,2,943.1,375.8
106,3525,5417729,944.5,394.7,943.0,376.6,943.75,385.65,0,2,943.0,376.6
106,3526,5417730,944.7,394.7,943.1,378.5,943.9,386.6,0,2,943.1,378.5
106,3527,5417731,945.0,394.7,943.3,380.3,944.15,387.5,0,2,943.3,380.3
106,3528,5417732,945.3,394.9,943.4,382.0,944.35,388.45,0,2,943.4,382.0
106,3529,5417733,945.5,395.1,943.6,383.6,944.55,389.35,0,2,943.6,383.6
106,3530,5417734,945.8,395.3,943.6,384.9,944.7,390.1,0,2,943.6,384.9
106,3531,5417735,946.1,395.5,943.5,386.2,944.8,390.85,0,2,943.5,386.2
106,3532,5417736,946.3,396.0,943.4,387.5,944.85,391.75,0,2,943.4,387.5
106,3533,5417737,946.5,396.3,943.0,387.6,944.75,391.95,0,2,943.0,387.6
107,3534,5417738,946.7,396.6,942.7,387.9,944.7,392.25,0,2,942.7,387.9
107,3535,5417739,946.8,396.6,942.3,388.1,944.55,392.35,0,2,942.3,388.1
107,3536,5417740,946.8,396.2,941.9,388.4,944.35,392.3,0,2,941.9,388.4
107,3537,5417741,946.6,395.7,941.6,388.6,944.1,392.15,0,2,941.6,388.6
107,3538,5417742,946.3,395.2,941.3,389.0,943.8,392.1,0,2,941.3,389.0
107,3539,5417743,946.1,394.7,941.0,389.2,943.55,391.95,0,2,941.0,389.2
107,3540,5417744,945.7,394.4,940.9,389.4,943.3,391.9,0,2,940.9,389.4
107,3541,5417745,945.3,394.6,940.7,389.2,943.0,391.9,0,2,940.7,389.2
107,3542,5417746,944.9,395.0,940.6,389.1,942.75,392.05,0,2,940.6,389.1
107,3543,5417747,944.7,395.8,940.5,388.8,942.6,392.3,0,2,940.5,388.8
107,3544,5417748,944.6,396.6,940.5,388.5,942.55,392.55,0,2,940.5,388.5
107,3545,5417749,944.6,397.3,940.4,388.1,942.5,392.7,0,2,940.4,388.1
107,3546,5417750,944.6,397.9,940.4,386.8,942.5,392.35,0,2,940.4,386.8
107,3547,5417751,944.7,398.3,940.3,385.7,942.5,392.0,0,2,940.3,385.7
107,3548,5417752,944.8,398.3,940.2,384.6,942.5,391.45,0,2,940.2,384.6
107,3549,5417753,944.8,398.2,940.1,383.6,942.45,390.9,0,2,940.1,383.6
107,3550,5417754,944.8,398.1,940.0,382.7,942.4,390.4,0,2,940.0,382.7
107,3551,5417755,944.8,397.9,940.0,381.8,942.4,389.85,0,2,940.0,381.8
107,3552,5417756,944.6,397.8,939.9,381.0,942.25,389.4,0,2,939.9,381.0
107,3553,5417757,944.4,397.7,940.0,381.2,942.2,389.45,0,2,940.0,381.2
107,3554,5417758,944.1,397.7,940.2,381.7,942.15,389.7,0,2,940.2,381.7
107,3555,5417759,944.0,397.6,940.2,382.9,942.1,390.25,0,2,940.2,382.9
107,3556,5417760,943.8,397.7,940.3,384.1,942.05,390.9,0,2,940.3,384.1
107,3557,5417761,943.7,397.8,940.2,385.4,941.95,391.6,0,2,940.2,385.4
107,3558,5417762,943.6,398.1,940.2,386.7,941.9,392.4,0,2,940.2,386.7
107,3559,5417763,943.7,398.3,940.2,387.9,941.95,393.1,0,2,940.2,387.9
107,3560,5417764,943.7,399.3,940.0,389.0,941.85,394.15,0,2,940.0,389.0
107,3561,5417765,943.7,400.3,940.1,389.8,941.9,395.05,0,2,940.1,389.8
107,3562,5417766,943.7,401.2,940.2,389.8,941.95,395.5,0,2,940.2,389.8
107,3563,5417767,943.8,402.2,940.4,389.8,942.1,396.0,0,2,940.4,389.8
107,3564,5417768,944.2,403.1,940.7,389.8,942.45,396.45,0,2,940.7,389.8
107,3565,5417769,944.5,403.9,940.9,389.6,942.7,396.75,0,2,940.9,389.6
107,3566,5417770,944.8,404.8,941.1,389.6,942.95,397.2,0,2,941.1,389.6
108,3567,5417771,945.0,404.8,941.4,389.9,943.2,397.35,0,2,941.4,389.9
108,3568,5417772,945.2,404.7,941.7,390.2,943.45,397.45,0,2,941.7,390.2
108,3569,5417773,945.3,404.7,942.1,390.6,943.7,397.65,0,2,942.1,390.6
108,3570,5417774,945.3,404.8,942.7,391.2,944.0,398.0,0,2,942.7,391.2
108,3571,5417775,945.0,405.0,943.3,392.1,944.15,398.55,0,2,943.3,392.1
108,3572,5417776,944.7,405.3,944.0,393.1,944.35,399.2,0,2,944.0,393.1
108,3573,5417777,944.5,405.8,944.6,393.9,944.55,399.85,0,2,944.6,393.9
108,3574,5417778,944.4,406.4,945.0,394.5,944.7,400.45,0,2,945.0,394.5
108,3575,5417779,944.3,407.0,945.2,395.2,944.75,401.1,0,2,945.2,395.2
108,3576,5417780,944.3,407.6,945.4,395.8,944.85,401.7,0,2,945.4,395.8
108,3577,5417781,944.4,408.0,945.3,396.4,944.85,402.2,0,2,945.3,396.4
108,3578,5417782,944.8,408.4,945.1,396.9,944.95,402.65,0,2,945.1,396.9
108,3579,5417783,945.1,408.6,945.0,397.3,945.05,402.95,0,2,945.0,397.3
108,3580,5417784,945.5,409.0,944.7,397.7,945.1,403.35,0,2,944.7,397.7
108,3581,5417785,945.8,409.7,944.5,398.0,945.15,403.85,0,2,944.5,398.0
108,3582,5417786,946.1,410.5,944.2,398.3,945.15,404.4,0,2,944.2,398.3
108,3583,5417787,946.4,411.2,943.9,398.6,945.15,404.9,0,2,943.9,398.6
108,3584,5417788,946.6,411.9,943.7,398.6,945.15,405.25,0,2,943.7,398.6
108,3585,5417789,946.5,412.5,943.7,398.4,945.1,405.45,0,2,943.7,398.4
108,3586,5417790,946.5,413.0,943.6,398.2,945.05,405.6,0,2,943.6,398.2
108,3587,5417791,946.4,413.0,943.5,397.9,944.95,405.45,0,2,943.5,397.9
108,3588,5417792,946.2,412.5,943.5,397.7,944.85,405.1,0,2,943.5,397.7
108,3589,5417793,946.0,412.0,943.5,397.4,944.75,404.7,0,2,943.5,397.4
108,3590,5417794,945.9,411.4,943.4,397.1,944.65,404.25,0,2,943.4,397.1
108,3591,5417795,945.7,410.9,943.3,396.9,944.5,403.9,0,2,943.3,396.9
108,3592,5417796,945.5,410.4,943.2,397.6,944.35,404.0,0,2,943.2,397.6
108,3593,5417797,945.4,410.1,943.0,398.3,944.2,404.2,0,2,943.0,398.3
108,3594,5417798,945.2,410.0,943.0,399.0,944.1,404.5,0,2,943.0,399.0
108,3595,5417799,945.2,410.1,943.1,399.7,944.15,404.9,0,2,943.1,399.7
108,3596,5417800,945.2,410.3,943.2,400.3,944.2,405.3,0,2,943.2,400.3
108,3597,5417801,945.1,410.5,943.3,401.0,944.2,405.75,0,2,943.3,401.0
108,3598,5417802,945.1,410.7,943.5,401.5,944.3,406.1,0,2,943.5,401.5
108,3599,5417803,945.1,411.0,943.6,401.5,944.35,406.25,0,2,943.6,401.5
108,3600,5417804,945.1,411.2,943.6,401.5,944.35,406.35,0,2,943.6,401.5
109,3601,5417805,945.1,411.4,943.7,401.6,944.4,406.5,0,2,943.7,401.6
109,3602,5417806,945.1,411.3,943.7,401.7,944.4,406.5,0,2,943.7,401.7
109,3603,5417807,945.1,411.2,943.7,401.8,944.4,406.5,0,2,943.7,401.8
109,3604,5417808,945.0,411.0,943.7,402.0,944.35,406.5,0,2,943.7,402.0
109,3605,5417809,945.0,410.8,943.6,402.3,944.3,406.55,0,2,943.6,402.3
109,3606,5417810,944.9,410.5,943.7,402.5,944.3,406.5,0,2,943.7,402.5
109,3607,5417811,944.8,410.0,943.7,402.7,944.25,406.35,0,2,943.7,402.7
109,3608,5417812,944.6,409.6,943.8,402.8,944.2,406.2,0,2,943.8,402.8
109,3609,5417813,944.4,409.3,943.9,402.8,944.15,406.05,0,2,943.9,402.8
109,3610,5417814,944.2,409.1,944.2,402.3,944.2,405.7,0,2,944.2,402.3
109,3611,5417815,944.2,409.0,944.5,401.9,944.35,405.45,0,2,944.5,401.9
109,3612,5417816,944.1,408.9,944.8,401.5,944.45,405.2,0,2,944.8,401.5
109,3613,5417817,944.1,408.8,945.1,401.2,944.6,405.0,0,2,945.1,401.2
109,3614,5417818,944.3,409.0,945.2,400.9,944.75,404.95,0,2,945.2,400.9
109,3615,5417819,944.5,409.1,945.3,400.5,944.9,404.8,0,2,945.3,400.5
109,3616,5417820,944.9,409.1,945.4,400.3,945.15,404.7,0,2,945.4,400.3
109,3617,5417821,945.2,409.0,945.1,400.6,945.15,404.8,0,2,945.1,400.6
109,3618,5417822,945.4,408.8,944.8,401.0,945.1,404.9,0,2,944.8,401.0
109,3619,5417823,945.7,408.8,944.5,401.4,945.1,405.1,0,2,944.5,401.4
109,3620,5417824,945.8,408.6,944.1,401.7,944.95,405.15,0,2,944.1,401.7
109,3621,5417825,945.8,408.5,943.7,402.0,944.75,405.25,0,2,943.7,402.0
109,3622,5417826,945.9,408.4,943.4,402.2,944.65,405.3,0,2,943.4,402.2
109,3623,5417827,945.8,408.2,942.9,402.6,944.35,405.4,0,2,942.9,402.6
109,3624,5417828,945.8,408.0,942.6,402.9,944.2,405.45,0,2,942.6,402.9
109,3625,5417829,945.8,407.7,942.3,402.9,944.05,405.3,0,2,942.3,402.9
109,3626,5417830,945.9,407.5,942.0,403.0,943.95,405.25,0,2,942.0,403.0
109,3627,5417831,946.0,407.3,941.8,403.2,943.9,405.25,0,2,941.8,403.2
109,3628,5417832,946.2,407.2,941.7,404.1,943.95,405.65,0,2,941.7,404.1
109,3629,5417833,946.4,407.0,941.5,404.9,943.95,405.95,0,2,941.5,404.9
109,3630,5417834,946.5,407.0,941.2,405.6,943.85,406.3,0,2,941.2,405.6
109,3631,5417835,946.6,407.0,941.0,406.3,943.8,406.65,0,2,941.0,406.3
109,3632,5417836,946.7,406.8,940.7,406.9,943.7,406.85,0,2,940.7,406.9
109,3633,5417837,946.8,406.8,940.5,407.4,943.65,407.1,0,2,940.5,407.4
110,3634,5417838,946.7,406.8,940.4,407.7,943.55,407.25,0,2,940.4,407.7
110,3635,5417839,946.7,406.9,940.5,407.5,943.6,407.2,0,2,940.5,407.5
110,3636,5417840,946.7,406.8,940.6,407.5,943.65,407.15,0,2,940.6,407.5
110,3637,5417841,946.7,406.9,940.9,407.5,943.8,407.2,0,2,940.9,407.5
110,3638,5417842,946.8,406.9,941.4,407.5,944.1,407.2,0,2,941.4,407.5
110,3639,5417843,946.9,407.1,941.9,407.6,944.4,407.35,0,2,941.9,407.6
110,3640,5417844,947.1,407.5,942.3,407.7,944.7,407.6,0,2,942.3,407.7
110,3641,5417845,947.2,407.9,942.6,407.8,944.9,407.85,0,2,942.6,407.8
110,3642,5417846,947.4,408.3,942.9,407.8,945.15,408.05,0,2,942.9,407.8
110,3643,5417847,947.5,409.0,943.2,407.7,945.35,408.35,0,2,943.2,407.7
110,3644,5417848,947.5,409.6,943.5,407.7,945.5,408.65,0,2,943.5,407.7
110,3645,5417849,947.3,410.3,943.5,407.7,945.4,409.0,0,2,943.5,407.7
110,3646,5417850,947.2,411.0,943.5,407.9,945.35,409.45,0,2,943.5,407.9
110,3647,5417851,947.1,411.5,943.6,408.2,945.35,409.85,0,2,943.6,408.2
110,3648,5417852,947.1,411.9,943.6,408.4,945.35,410.15,0,2,943.6,408.4
110,3649,5417853,947.2,412.1,943.6,408.9,945.4,410.5,0,2,943.6,408.9
110,3650,5417854,947.2,412.2,943.6,409.3,945.4,410.75,0,2,943.6,409.3
110,3651,5417855,947.5,412.2,943.7,409.7,945.6,410.95,0,2,943.7,409.7
110,3652,5417856,947.7,411.9,943.8,410.8,945.75,411.35,0,2,943.8,410.8
110,3653,5417857,947.9,411.5,944.0,411.9,945.95,411.7,0,2,944.0,411.9
110,3654,5417858,948.2,411.1,944.3,413.1,946.25,412.1,0,2,944.3,413.1
110,3655,5417859,948.3,410.6,944.7,414.3,946.5,412.45,0,2,944.7,414.3
110,3656,5417860,948.5,410.1,945.1,415.3,946.8,412.7,0,2,945.1,415.3
110,3657,5417861,948.6,409.5,945.3,416.2,946.95,412.85,0,2,945.3,416.2
110,3658,5417862,948.7,408.9,945.6,416.8,947.15,412.85,0,2,945.6,416.8
110,3659,5417863,948.8,408.5,945.8,416.7,947.3,412.6,0,2,945.8,416.7
110,3660,5417864,949.0,408.1,946.1,416.4,947.55,412.25,0,2,946.1,416.4
110,3661,5417865,949.1,407.7,946.3,415.7,947.7,411.7,0,2,946.3,415.7
110,3662,5417866,949.0,407.4,946.6,414.4,947.8,410.9,0,2,946.6,414.4
110,3663,5417867,948.8,407.2,946.9,413.1,947.85,410.15,0,2,946.9,413.1
110,3664,5417868,948.3,407.1,947.2,411.9,947.75,409.5,0,2,947.2,411.9
110,3665,5417869,947.7,407.2,947.5,411.0,947.6,409.1,0,2,947.5,411.0
110,3666,5417870,947.1,407.3,947.7,410.0,947.4,408.65,0,2,947.7,410.0
111,3667,5417871,946.3,407.4,947.9,409.3,947.1,408.35,0,2,947.9,409.3
111,3668,5417872,945.7,407.5,947.9,408.7,946.8,408.1,0,2,947.9,408.7
111,3669,5417873,945.1,407.7,947.7,408.8,946.4,408.25,0,2,947.7,408.8
111,3670,5417874,944.7,407.8,947.4,409.1,946.05,408.45,0,2,947.4,409.1
111,3671,5417875,944.6,407.9,947.1,409.5,945.85,408.7,0,2,947.1,409.5
111,3672,5417876,944.6,408.1,946.6,409.8,945.6,408.95,0,2,946.6,409.8
111,3673,5417877,944.6,408.4,946.0,410.2,945.3,409.3,0,2,946.0,410.2
111,3674,5417878,944.6,408.7,945.4,410.5,945.0,409.6,0,2,945.4,410.5
111,3675,5417879,944.6,409.1,944.9,409.8,944.75,409.45,0,2,944.9,409.8
111,3676,5417880,944.5,409.4,944.6,409.1,944.55,409.25,0,2,944.6,409.1
111,3677,5417881,944.4,409.7,944.7,408.1,944.55,408.9,0,2,944.7,408.1
111,3678,5417882,944.4,409.9,944.9,407.2,944.65,408.55,0,2,944.9,407.2
111,3679,5417883,944.2,410.0,945.2,406.3,944.7,408.15,0,2,945.2,406.3
111,3680,5417884,944.1,409.9,945.7,405.3,944.9,407.6,0,2,945.7,405.3
111,3681,5417885,944.1,409.8,946.2,404.2,945.15,407.0,0,2,946.2,404.2
111,3682,5417886,944.3,409.6,946.6,403.7,945.45,406.65,0,2,946.6,403.7
111,3683,5417887,944.5,409.5,946.9,403.2,945.7,406.35,0,2,946.9,403.2
111,3684,5417888,944.6,409.4,946.6,402.7,945.6,406.05,0,2,946.6,402.7
111,3685,5417889,944.8,409.3,946.4,402.2,945.6,405.75,0,2,946.4,402.2
111,3686,5417890,945.0,409.2,946.2,401.8,945.6,405.5,0,2,946.2,401.8
111,3687,5417891,945.1,409.0,946.1,401.2,945.6,405.1,0,2,946.1,401.2
111,3688,5417892,945.1,408.4,946.1,400.7,945.6,404.55,0,2,946.1,400.7
111,3689,5417893,944.9,407.9,946.0,400.1,945.45,404.0,0,2,946.0,400.1
111,3690,5417894,944.6,407.3,946.0,399.3,945.3,403.3,0,2,946.0,399.3
111,3691,5417895,944.2,406.7,946.2,398.4,945.2,402.55,0,2,946.2,398.4
111,3692,5417896,943.8,406.1,946.4,397.6,945.1,401.85,0,2,946.4,397.6
111,3693,5417897,943.4,405.7,946.5,396.7,944.95,401.2,0,2,946.5,396.7
111,3694,5417898,943.2,405.3,946.4,396.0,944.8,400.65,0,2,946.4,396.0
111,3695,5417899,943.0,405.3,946.4,395.2,944.7,400.25,0,2,946.4,395.2
111,3696,5417900,942.9,405.3,946.5,394.7,944.7,400.0,0,2,946.5,394.7
111,3697,5417901,942.8,405.4,946.6,393.8,944.7,399.6,0,2,946.6,393.8
111,3698,5417902,942.8,405.6,946.8,393.0,944.8,399.3,0,2,946.8,393.0
111,3699,5417903,942.9,405.8,946.9,392.0,944.9,398.9,0,2,946.9,392.0
111,3700,5417904,943.0,406.0,947.1,391.0,945.05,398.5,0,2,947.1,391.0
112,3701,5417905,943.1,406.1,947.3,389.9,945.2,398.0,0,2,947.3,389.9
112,3702,5417906,943.2,406.3,947.4,389.0,945.3,397.65,0,2,947.4,389.0
112,3703,5417907,943.2,406.4,947.5,388.3,945.35,397.35,0,2,947.5,388.3
112,3704,5417908,943.1,406.4,947.5,388.1,945.3,397.25,0,2,947.5,388.1
112,3705,5417909,943.0,406.3,947.6,387.9,945.3,397.1,0,2,947.6,387.9
112,3706,5417910,942.8,406.1,947.6,387.6,945.2,396.85,0,2,947.6,387.6
112,3707,5417911,942.5,406.0,948.0,387.3,945.25,396.65,0,2,948.0,387.3
112,3708,5417912,942.4,405.8,948.4,386.6,945.4,396.2,0,2,948.4,386.6
112,3709,5417913,942.2,405.4,948.8,386.0,945.5,395.7,0,2,948.8,386.0
112,3710,5417914,942.2,405.1,949.3,385.2,945.75,395.15,0,2,949.3,385.2
112,3711,5417915,942.5,404.8,949.8,384.3,946.15,394.55,0,2,949.8,384.3
112,3712,5417916,942.8,404.5,950.3,383.1,946.55,393.8,0,2,950.3,383.1
112,3713,5417917,943.1,404.0,950.9,381.8,947.0,392.9,0,2,950.9,381.8
112,3714,5417918,943.3,403.2,951.2,380.6,947.25,391.9,0,2,951.2,380.6
112,3715,5417919,943.6,402.5,951.4,379.7,947.5,391.1,0,2,951.4,379.7
112,3716,5417920,943.8,402.0,951.6,378.7,947.7,390.35,0,2,951.6,378.7
112,3717,5417921,943.8,401.4,951.8,377.9,947.8,389.65,0,2,951.8,377.9
112,3718,5417922,943.8,400.7,952.0,377.2,947.9,388.95,0,2,952.0,377.2
112,3719,5417923,943.9,400.0,952.1,377.3,948.0,388.65,0,2,952.1,377.3
112,3720,5417924,943.9,399.5,952.2,377.6,948.05,388.55,0,2,952.2,377.6
112,3721,5417925,943.9,399.2,952.3,378.1,948.1,388.65,0,2,952.3,378.1
112,3722,5417926,944.0,398.9,952.4,378.4,948.2,388.65,0,2,952.4,378.4
112,3723,5417927,944.1,398.6,952.5,378.4,948.3,388.5,0,2,952.5,378.4
112,3724,5417928,944.3,398.4,952.6,377.8,948.45,388.1,0,2,952.6,377.8
112,3725,5417929,944.5,398.2,952.6,377.3,948.55,387.75,0,2,952.6,377.3
112,3726,5417930,944.6,398.2,952.7,376.3,948.65,387.25,0,2,952.7,376.3
112,3727,5417931,944.8,398.1,952.8,375.3,948.8,386.7,0,2,952.8,375.3
112,3728,5417932,944.9,398.2,952.8,374.3,948.85,386.25,0,2,952.8,374.3
112,3729,5417933,945.2,398.3,952.9,373.3,949.05,385.8,0,2,952.9,373.3
112,3730,5417934,945.3,398.4,953.2,372.5,949.25,385.45,0,2,953.2,372.5
112,3731,5417935,945.4,398.4,953.5,372.2,949.45,385.3,0,2,953.5,372.2
112,3732,5417936,945.6,398.5,953.8,371.8,949.7,385.15,0,2,953.8,371.8
112,3733,5417937,945.8,398.5,954.1,371.6,949.95,385.05,0,2,954.1,371.6
113,3734,5417938,946.0,398.5,954.1,371.4,950.05,384.95,0,2,954.1,371.4
113,3735,5417939,946.3,398.5,954.2,371.2,950.25,384.85,0,2,954.2,371.2
113,3736,5417940,946.5,397.7,954.3,371.0,950.4,384.35,0,2,954.3,371.0
113,3737,5417941,946.7,397.0,954.3,370.9,950.5,383.95,0,2,954.3,370.9
113,3738,5417942,946.9,396.2,954.3,370.8,950.6,383.5,0,2,954.3,370.8
113,3739,5417943,947.2,395.7,954.5,370.7,950.85,383.2,0,2,954.5,370.7
113,3740,5417944,947.4,395.1,954.6,370.5,951.0,382.8,0,2,954.6,370.5
113,3741,5417945,947.6,394.5,955.1,370.3,951.35,382.4,0,2,955.1,370.3
113,3742,5417946,947.6,393.8,955.5,370.0,951.55,381.9,0,2,955.5,370.0
113,3743,5417947,947.7,393.9,955.9,369.8,951.8,381.85,0,2,955.9,369.8
113,3744,5417948,947.8,393.9,956.2,369.5,952.0,381.7,0,2,956.2,369.5
113,3745,5417949,947.9,393.8,956.5,369.2,952.2,381.5,0,2,956.5,369.2
113,3746,5417950,948.0,393.5,956.9,368.9,952.45,381.2,0,2,956.9,368.9
113,3747,5417951,948.0,393.3,957.3,368.5,952.65,380.9,0,2,957.3,368.5
113,3748,5417952,948.1,393.1,957.6,368.2,952.85,380.65,0,2,957.6,368.2
113,3749,5417953,948.1,392.9,957.9,368.0,953.0,380.45,0,2,957.9,368.0
113,3750,5417954,948.2,392.7,958.2,368.0,953.2,380.35,0,2,958.2,368.0
113,3751,5417955,948.2,392.4,958.4,368.1,953.3,380.25,0,2,958.4,368.1
113,3752,5417956,948.3,392.0,958.6,368.3,953.45,380.15,0,2,958.6,368.3
113,3753,5417957,948.4,391.7,958.4,368.6,953.4,380.15,0,2,958.4,368.6
113,3754,5417958,948.9,391.3,958.2,369.3,953.55,380.3,0,2,958.2,369.3
113,3755,5417959,949.6,390.9,958.0,370.1,953.8,380.5,0,2,958.0,370.1
113,3756,5417960,950.4,390.7,957.7,371.4,954.05,381.05,0,2,957.7,371.4
113,3757,5417961,951.1,390.4,957.5,372.6,954.3,381.5,0,2,957.5,372.6
113,3758,5417962,951.7,390.2,957.4,373.6,954.55,381.9,0,2,957.4,373.6
113,3759,5417963,952.1,390.1,957.3,374.6,954.7,382.35,0,2,957.3,374.6
113,3760,5417964,952.5,390.1,957.3,375.6,954.9,382.85,0,2,957.3,375.6
113,3761,5417965,952.6,390.3,957.4,376.3,955.0,383.3,0,2,957.4,376.3
113,3762,5417966,952.4,390.6,957.4,377.0,954.9,383.8,0,2,957.4,377.0
113,3763,5417967,952.3,390.9,957.6,377.3,954.95,384.1,0,2,957.6,377.3
113,3764,5417968,952.2,391.4,957.8,377.6,955.0,384.5,0,2,957.8,377.6
113,3765,5417969,952.1,391.9,957.9,377.9,955.0,384.9,0,2,957.9,377.9
113,3766,5417970,952.0,392.4,958.2,378.4,955.1,385.4,0,2,958.2,378.4
114,3767,5417971,952.0,392.9,958.5,378.8,955.25,385.85,0,2,958.5,378.8
114,3768,5417972,952.1,393.3,958.8,379.5,955.45,386.4,0,2,958.8,379.5
114,3769,5417973,952.4,393.4,959.0,380.5,955.7,386.95,0,2,959.0,380.5
114,3770,5417974,952.6,393.6,959.3,381.3,955.95,387.45,0,2,959.3,381.3
114,3771,5417975,952.9,393.7,959.6,381.9,956.25,387.8,0,2,959.6,381.9
114,3772,5417976,953.0,393.3,959.7,382.4,956.35,387.85,0,2,959.7,382.4
114,3773,5417977,953.0,392.8,959.8,382.7,956.4,387.75,0,2,959.8,382.7
114,3774,5417978,953.0,392.4,959.9,382.7,956.45,387.55,0,2,959.9,382.7
114,3775,5417979,952.9,392.0,960.1,382.2,956.5,387.1,0,2,960.1,382.2
114,3776,5417980,952.6,391.9,960.3,381.4,956.45,386.65,0,2,960.3,381.4
114,3777,5417981,952.3,392.0,960.5,380.7,956.4,386.35,0,2,960.5,380.7
114,3778,5417982,952.1,392.0,960.7,380.1,956.4,386.05,0,2,960.7,380.1
114,3779,5417983,952.0,392.6,960.8,379.7,956.4,386.15,0,2,960.8,379.7
114,3780,5417984,952.1,393.1,960.9,379.3,956.5,386.2,0,2,960.9,379.3
114,3781,5417985,952.2,393.6,960.9,379.5,956.55,386.55,0,2,960.9,379.5
114,3782,5417986,952.3,394.0,960.9,379.7,956.6,386.85,0,2,960.9,379.7
114,3783,5417987,952.4,394.2,960.9,379.9,956.65,387.05,0,2,960.9,379.9
114,3784,5417988,952.0,394.2,960.8,380.1,956.4,387.15,0,2,960.8,380.1
114,3785,5417989,951.5,394.2,960.8,380.4,956.15,387.3,0,2,960.8,380.4
114,3786,5417990,951.1,394.3,960.8,380.5,955.95,387.4,0,2,960.8,380.5
114,3787,5417991,950.7,394.3,960.7,380.7,955.7,387.5,0,2,960.7,380.7
114,3788,5417992,950.2,394.4,960.6,380.9,955.4,387.65,0,2,960.6,380.9
114,3789,5417993,949.8,394.5,960.6,381.2,955.2,387.85,0,2,960.6,381.2
114,3790,5417994,949.4,394.5,960.4,381.4,954.9,387.95,0,2,960.4,381.4
114,3791,5417995,949.4,394.6,960.4,381.6,954.9,388.1,0,2,960.4,381.6
114,3792,5417996,949.6,394.8,960.4,381.5,955.0,388.15,0,2,960.4,381.5
114,3793,5417997,949.8,395.1,960.5,381.5,955.15,388.3,0,2,960.5,381.5
114,3794,5417998,950.1,395.4,960.7,381.5,955.4,388.45,0,2,960.7,381.5
114,3795,5417999,950.5,395.8,960.9,381.3,955.7,388.55,0,2,960.9,381.3
114,3796,5418000,950.8,396.1,961.1,381.3,955.95,388.7,0,2,961.1,381.3
114,3797,5418001,951.2,396.5,961.3,381.4,956.25,388.95,0,2,961.3,381.4
114,3798,5418002,951.6,396.8,961.5,381.4,956.55,389.1,0,2,961.5,381.4
114,3799,5418003,951.8,397.1,961.6,381.7,956.7,389.4,0,2,961.6,381.7
114,3800,5418004,951.7,397.1,961.6,381.9,956.65,389.5,0,2,961.6,381.9
115,3801,5418005,951.7,397.0,961.5,382.0,956.6,389.5,0,2,961.5,382.0
115,3802,5418006,951.7,396.9,961.3,382.0,956.5,389.45,0,2,961.3,382.0
115,3803,5418007,951.6,396.7,960.9,381.7,956.25,389.2,0,2,960.9,381.7
115,3804,5418008,951.4,396.5,960.4,381.5,955.9,389.0,0,2,960.4,381.5
115,3805,5418009,951.3,396.3,959.9,381.4,955.6,388.85,0,2,959.9,381.4
115,3806,5418010,951.5,396.0,959.4,381.4,955.45,388.7,0,2,959.4,381.4
115,3807,5418011,951.7,395.7,958.9,381.4,955.3,388.55,0,2,958.9,381.4
115,3808,5418012,951.9,395.4,958.6,381.4,955.25,388.4,0,2,958.6,381.4
115,3809,5418013,952.1,395.2,958.3,381.4,955.2,388.3,0,2,958.3,381.4
115,3810,5418014,952.3,395.0,958.5,381.2,955.4,388.1,0,2,958.5,381.2
115,3811,5418015,952.5,395.1,958.7,380.9,955.6,388.0,0,2,958.7,380.9
115,3812,5418016,952.6,395.2,958.8,380.6,955.7,387.9,0,2,958.8,380.6
115,3813,5418017,952.5,395.4,958.7,380.2,955.6,387.8,0,2,958.7,380.2
115,3814,5418018,952.4,395.5,958.6,379.6,955.5,387.55,0,2,958.6,379.6
115,3815,5418019,952.2,395.7,958.4,379.0,955.3,387.35,0,2,958.4,379.0
115,3816,5418020,952.1,395.7,958.3,378.4,955.2,387.05,0,2,958.3,378.4
115,3817,5418021,952.0,395.8,958.0,377.7,955.0,386.75,0,2,958.0,377.7
115,3818,5418022,951.9,395.6,957.7,377.1,954.8,386.35,0,2,957.7,377.1
115,3819,5418023,951.9,395.4,957.6,376.4,954.75,385.9,0,2,957.6,376.4
115,3820,5418024,952.0,395.2,957.7,375.9,954.85,385.55,0,2,957.7,375.9
115,3821,5418025,952.1,395.0,957.7,375.6,954.9,385.3,0,2,957.7,375.6
115,3822,5418026,952.3,394.8,957.8,375.7,955.05,385.25,0,2,957.8,375.7
115,3823,5418027,952.4,394.6,957.8,375.8,955.1,385.2,0,2,957.8,375.8
115,3824,5418028,952.7,394.4,957.8,376.1,955.25,385.25,0,2,957.8,376.1
115,3825,5418029,952.6,394.1,957.8,376.5,955.2,385.3,0,2,957.8,376.5
115,3826,5418030,952.6,393.9,957.8,376.9,955.2,385.4,0,2,957.8,376.9
115,3827,5418031,952.4,393.3,957.7,377.2,955.05,385.25,0,2,957.7,377.2
115,3828,5418032,952.2,392.7,957.7,377.5,954.95,385.1,0,2,957.7,377.5
115,3829,5418033,952.0,392.1,957.7,377.5,954.85,384.8,0,2,957.7,377.5
115,3830,5418034,951.9,391.6,957.7,377.7,954.8,384.65,0,2,957.7,377.7
115,3831,5418035,951.7,391.2,957.7,377.9,954.7,384.55,0,2,957.7,377.9
115,3832,5418036,951.7,391.1,957.7,378.1,954.7,384.6,0,2,957.7,378.1
115,3833,5418037,951.6,391.1,957.7,378.3,954.65,384.7,0,2,957.7,378.3
116,3834,5418038,951.5,391.4,957.7,378.5,954.6,384.95,0,2,957.7,378.5
116,3835,5418039,951.4,391.8,957.8,378.7,954.6,385.25,0,2,957.8,378.7
116,3836,5418040,951.3,392.2,958.0,378.8,954.65,385.5,0,2,958.0,378.8
116,3837,5418041,951.1,392.6,958.2,378.8,954.65,385.7,0,2,958.2,378.8
116,3838,5418042,950.8,392.9,958.4,378.7,954.6,385.8,0,2,958.4,378.7
116,3839,5418043,950.3,393.0,958.6,378.6,954.45,385.8,0,2,958.6,378.6
116,3840,5418044,949.8,393.0,958.9,378.5,954.35,385.75,0,2,958.9,378.5
116,3841,5418045,949.4,392.9,959.1,378.4,954.25,385.65,0,2,959.1,378.4
116,3842,5418046,949.0,392.9,959.3,378.1,954.15,385.5,0,2,959.3,378.1
116,3843,5418047,948.6,392.8,959.2,377.9,953.9,385.35,0,2,959.2,377.9
116,3844,5418048,948.2,392.7,959.0,377.6,953.6,385.15,0,2,959.0,377.6
116,3845,5418049,948.0,392.6,958.8,377.2,953.4,384.9,0,2,958.8,377.2
116,3846,5418050,947.9,392.4,958.5,376.9,953.2,384.65,0,2,958.5,376.9
116,3847,5418051,947.9,392.2,958.3,376.6,953.1,384.4,0,2,958.3,376.6
116,3848,5418052,947.9,392.1,958.0,376.5,952.95,384.3,0,2,958.0,376.5
116,3849,5418053,948.0,392.0,957.7,376.5,952.85,384.25,0,2,957.7,376.5
116,3850,5418054,948.0,391.8,957.6,376.9,952.8,384.35,0,2,957.6,376.9
116,3851,5418055,948.2,391.7,958.0,377.4,953.1,384.55,0,2,958.0,377.4
116,3852,5418056,948.3,391.6,958.4,378.0,953.35,384.8,0,2,958.4,378.0
116,3853,5418057,948.3,391.6,958.9,378.6,953.6,385.1,0,2,958.9,378.6
116,3854,5418058,948.4,391.7,959.3,379.2,953.85,385.45,0,2,959.3,379.2
116,3855,5418059,948.5,392.2,959.7,379.6,954.1,385.9,0,2,959.7,379.6
116,3856,5418060,948.7,392.5,960.2,379.7,954.45,386.1,0,2,960.2,379.7
116,3857,5418061,948.9,392.8,960.6,379.5,954.75,386.15,0,2,960.6,379.5
116,3858,5418062,949.1,393.0,960.8,379.1,954.95,386.05,0,2,960.8,379.1
116,3859,5418063,949.3,393.3,961.0,378.6,955.15,385.95,0,2,961.0,378.6
116,3860,5418064,949.7,393.3,961.4,378.1,955.55,385.7,0,2,961.4,378.1
116,3861,5418065,950.2,393.2,961.9,377.7,956.05,385.45,0,2,961.9,377.7
116,3862,5418066,950.9,392.9,962.3,377.5,956.6,385.2,0,2,962.3,377.5
116,3863,5418067,951.5,392.6,962.6,377.4,957.05,385.0,0,2,962.6,377.4
116,3864,5418068,952.0,392.4,963.0,377.3,957.5,384.85,0,2,963.0,377.3
116,3865,5418069,952.5,392.2,963.4,377.4,957.95,384.8,0,2,963.4,377.4
116,3866,5418070,953.0,391.8,963.6,377.6,958.3,384.7,0,2,963.6,377.6
117,3867,5418071,953.3,391.5,963.6,377.7,958.45,384.6,0,2,963.6,377.7
117,3868,5418072,953.4,391.2,963.5,377.8,958.45,384.5,0,2,963.5,377.8
117,3869,5418073,953.3,390.9,963.5,377.7,958.4,384.3,0,2,963.5,377.7
117,3870,5418074,953.2,390.7,963.4,377.5,958.3,384.1,0,2,963.4,377.5
117,3871,5418075,953.1,390.4,963.2,377.1,958.15,383.75,0,2,963.2,377.1
117,3872,5418076,953.1,390.1,963.0,376.6,958.05,383.35,0,2,963.0,376.6
117,3873,5418077,953.0,390.1,962.3,376.2,957.65,383.15,0,2,962.3,376.2
117,3874,5418078,953.0,390.7,961.6,375.7,957.3,383.2,0,2,961.6,375.7
117,3875,5418079,952.9,391.3,961.0,375.2,956.95,383.25,0,2,961.0,375.2
117,3876,5418080,952.9,392.1,960.6,374.1,956.75,383.1,0,2,960.6,374.1
117,3877,5418081,952.8,392.8,960.2,373.0,956.5,382.9,0,2,960.2,373.0
117,3878,5418082,952.8,393.5,960.0,372.2,956.4,382.85,0,2,960.0,372.2
117,3879,5418083,952.7,394.1,959.7,371.4,956.2,382.75,0,2,959.7,371.4
117,3880,5418084,952.6,394.4,959.8,370.6,956.2,382.5,0,2,959.8,370.6
117,3881,5418085,952.5,394.1,960.0,369.7,956.25,381.9,0,2,960.0,369.7
117,3882,5418086,952.4,393.9,960.3,368.9,956.35,381.4,0,2,960.3,368.9
117,3883,5418087,952.4,393.4,960.4,368.7,956.4,381.05,0,2,960.4,368.7
117,3884,5418088,952.4,393.0,960.4,368.5,956.4,380.75,0,2,960.4,368.5
117,3885,5418089,952.4,392.5,960.2,368.4,956.3,380.45,0,2,960.2,368.4
117,3886,5418090,952.5,391.9,960.1,368.4,956.3,380.15,0,2,960.1,368.4
117,3887,5418091,952.6,391.6,960.0,368.5,956.3,380.05,0,2,960.0,368.5
117,3888,5418092,952.7,391.2,959.8,368.7,956.25,379.95,0,2,959.8,368.7
117,3889,5418093,952.8,390.5,959.7,369.1,956.25,379.8,0,2,959.7,369.1
117,3890,5418094,952.9,389.9,959.6,369.4,956.25,379.65,0,2,959.6,369.4
117,3891,5418095,953.2,389.3,959.4,369.9,956.3,379.6,0,2,959.4,369.9
117,3892,5418096,953.4,388.7,959.4,370.4,956.4,379.55,0,2,959.4,370.4
117,3893,5418097,953.6,388.3,959.4,370.7,956.5,379.5,0,2,959.4,370.7
117,3894,5418098,953.8,388.0,959.6,370.3,956.7,379.15,0,2,959.6,370.3
117,3895,5418099,954.0,387.7,959.7,369.9,956.85,378.8,0,2,959.7,369.9
117,3896,5418100,954.2,387.6,960.1,369.4,957.15,378.5,0,2,960.1,369.4
117,3897,5418101,954.4,387.6,960.3,369.5,957.35,378.55,0,2,960.3,369.5
117,3898,5418102,954.5,387.5,960.4,369.4,957.45,378.45,0,2,960.4,369.4
117,3899,5418103,954.5,387.5,960.2,369.5,957.35,378.5,0,2,960.2,369.5
117,3900,5418104,954.7,387.5,960.0,369.6,957.35,378.55,0,2,960.0,369.6
118,3901,5418105,954.9,387.4,959.6,370.9,957.25,379.15,0,2,959.6,370.9
118,3902,5418106,955.1,387.4,959.2,372.3,957.15,379.85,0,2,959.2,372.3
118,3903,5418107,955.2,387.5,958.6,373.7,956.9,380.6,0,2,958.6,373.7
118,3904,5418108,955.4,387.5,958.1,374.4,956.75,380.95,0,2,958.1,374.4
118,3905,5418109,955.6,387.6,957.6,375.0,956.6,381.3,0,2,957.6,375.0
118,3906,5418110,955.8,387.7,957.5,375.5,956.65,381.6,0,2,957.5,375.5
118,3907,5418111,955.9,387.7,957.4,376.0,956.65,381.85,0,2,957.4,376.0
118,3908,5418112,956.1,387.8,957.3,375.9,956.7,381.85,0,2,957.3,375.9
118,3909,5418113,956.4,387.8,957.2,375.8,956.8,381.8,0,2,957.2,375.8
118,3910,5418114,956.7,387.8,957.0,375.6,956.85,381.7,0,2,957.0,375.6
118,3911,5418115,957.0,387.9,956.9,375.4,956.95,381.65,0,2,956.9,375.4
118,3912,5418116,957.4,388.0,956.7,375.3,957.05,381.65,0,2,956.7,375.3
118,3913,5418117,957.8,388.2,956.6,375.1,957.2,381.65,0,2,956.6,375.1
118,3914,5418118,958.2,388.4,956.6,374.9,957.4,381.65,0,2,956.6,374.9
118,3915,5418119,958.4,388.6,956.5,375.2,957.45,381.9,0,2,956.5,375.2
118,3916,5418120,958.5,388.9,956.4,375.5,957.45,382.2,0,2,956.4,375.5
118,3917,5418121,958.3,389.0,956.4,375.8,957.35,382.4,0,2,956.4,375.8
118,3918,5418122,958.2,389.0,956.5,376.1,957.35,382.55,0,2,956.5,376.1
118,3919,5418123,957.9,389.0,956.7,375.9,957.3,382.45,0,2,956.7,375.9
118,3920,5418124,957.5,388.8,956.8,375.7,957.15,382.25,0,2,956.8,375.7
118,3921,5418125,956.8,388.7,956.9,375.4,956.85,382.05,0,2,956.9,375.4
118,3922,5418126,956.2,388.5,957.1,374.5,956.65,381.5,0,2,957.1,374.5
118,3923,5418127,955.7,388.4,957.5,373.6,956.6,381.0,0,2,957.5,373.6
118,3924,5418128,955.4,388.5,957.8,372.9,956.6,380.7,0,2,957.8,372.9
118,3925,5418129,955.2,388.9,958.1,372.3,956.65,380.6,0,2,958.1,372.3
118,3926,5418130,955.0,389.2,958.3,372.4,956.65,380.8,0,2,958.3,372.4
118,3927,5418131,955.0,389.6,958.4,372.5,956.7,381.05,0,2,958.4,372.5
118,3928,5418132,955.1,390.0,958.6,372.8,956.85,381.4,0,2,958.6,372.8
118,3929,5418133,955.3,390.5,958.7,373.2,957.0,381.85,0,2,958.7,373.2
118,3930,5418134,955.5,390.7,958.7,373.6,957.1,382.15,0,2,958.7,373.6
118,3931,5418135,955.5,390.8,958.6,373.8,957.05,382.3,0,2,958.6,373.8
118,3932,5418136,955.5,390.9,958.6,374.0,957.05,382.45,0,2,958.6,374.0
118,3933,5418137,955.1,391.0,958.6,373.8,956.85,382.4,0,2,958.6,373.8
119,3934,5418138,954.7,391.4,958.7,373.7,956.7,382.55,0,2,958.7,373.7
119,3935,5418139,954.4,391.7,958.7,373.4,956.55,382.55,0,2,958.7,373.4
119,3936,5418140,954.0,392.2,958.8,372.8,956.4,382.5,0,2,958.8,372.8
119,3937,5418141,953.6,392.7,958.8,372.2,956.2,382.45,0,2,958.8,372.2
119,3938,5418142,953.4,393.5,958.9,371.7,956.15,382.6,0,2,958.9,371.7
119,3939,5418143,953.1,394.3,959.0,371.2,956.05,382.75,0,2,959.0,371.2
119,3940,5418144,953.2,395.2,959.0,370.8,956.1,383.0,0,2,959.0,370.8
119,3941,5418145,953.3,395.6,959.1,370.6,956.2,383.1,0,2,959.1,370.6
119,3942,5418146,953.5,395.8,959.3,370.6,956.4,383.2,0,2,959.3,370.6
119,3943,5418147,953.6,395.0,959.5,370.8,956.55,382.9,0,2,959.5,370.8
119,3944,5418148,953.8,394.2,959.7,371.1,956.75,382.65,0,2,959.7,371.1
119,3945,5418149,953.9,393.2,959.9,371.4,956.9,382.3,0,2,959.9,371.4
119,3946,5418150,954.0,392.2,960.2,371.3,957.1,381.75,0,2,960.2,371.3
119,3947,5418151,954.1,391.3,960.4,371.1,957.25,381.2,0,2,960.4,371.1
119,3948,5418152,954.1,390.7,960.7,370.8,957.4,380.75,0,2,960.7,370.8
119,3949,5418153,954.1,390.2,961.1,370.7,957.6,380.45,0,2,961.1,370.7
119,3950,5418154,954.0,391.5,961.5,370.5,957.75,381.0,0,2,961.5,370.5
119,3951,5418155,954.0,392.8,961.8,370.4,957.9,381.6,0,2,961.8,370.4
119,3952,5418156,954.0,394.0,962.2,370.2,958.1,382.1,0,2,962.2,370.2
119,3953,5418157,954.0,394.6,962.6,370.6,958.3,382.6,0,2,962.6,370.6
119,3954,5418158,954.0,394.9,962.9,370.9,958.45,382.9,0,2,962.9,370.9
119,3955,5418159,954.1,395.2,963.2,371.1,958.65,383.15,0,2,963.2,371.1
119,3956,5418160,954.2,395.3,963.3,371.2,958.75,383.25,0,2,963.3,371.2
119,3957,5418161,954.3,394.5,963.5,371.2,958.9,382.85,0,2,963.5,371.2
119,3958,5418162,954.5,393.4,963.6,371.2,959.05,382.3,0,2,963.6,371.2
119,3959,5418163,954.6,392.3,963.8,371.2,959.2,381.75,0,2,963.8,371.2
119,3960,5418164,954.8,391.8,964.0,371.1,959.4,381.45,0,2,964.0,371.1
119,3961,5418165,954.9,391.3,964.2,370.7,959.55,381.0,0,2,964.2,370.7
119,3962,5418166,955.0,391.0,964.3,370.5,959.65,380.75,0,2,964.3,370.5
119,3963,5418167,955.1,390.6,964.5,370.2,959.8,380.4,0,2,964.5,370.2
119,3964,5418168,955.2,390.4,964.7,369.5,959.95,379.95,0,2,964.7,369.5
119,3965,5418169,955.3,390.4,964.5,368.9,959.9,379.65,0,2,964.5,368.9
119,3966,5418170,955.5,390.6,964.3,368.4,959.9,379.5,0,2,964.3,368.4
120,3967,5418171,955.6,390.8,964.2,368.1,959.9,379.45,0,2,964.2,368.1
120,3968,5418172,956.0,391.0,964.0,368.0,960.0,379.5,0,2,964.0,368.0
120,3969,5418173,956.4,391.3,963.9,368.0,960.15,379.65,0,2,963.9,368.0
120,3970,5418174,956.8,391.6,963.7,367.9,960.25,379.75,0,2,963.7,367.9
120,3971,5418175,957.1,391.8,963.6,368.2,960.35,380.0,0,2,963.6,368.2
120,3972,5418176,957.4,391.9,963.7,368.5,960.55,380.2,0,2,963.7,368.5
120,3973,5418177,957.7,391.8,963.8,368.7,960.75,380.25,0,2,963.8,368.7
120,3974,5418178,957.9,391.6,964.0,368.8,960.95,380.2,0,2,964.0,368.8
120,3975,5418179,957.9,391.5,963.7,368.8,960.8,380.15,0,2,963.7,368.8
120,3976,5418180,958.0,391.3,963.5,368.6,960.75,379.95,0,2,963.5,368.6
120,3977,5418181,958.1,391.2,963.3,368.4,960.7,379.8,0,2,963.3,368.4
120,3978,5418182,958.1,391.4,962.9,368.1,960.5,379.75,0,2,962.9,368.1
120,3979,5418183,958.0,391.7,962.6,367.8,960.3,379.75,0,2,962.6,367.8
120,3980,5418184,957.8,392.0,962.3,367.7,960.05,379.85,0,2,962.3,367.7
120,3981,5418185,957.6,392.3,961.9,367.7,959.75,380.0,0,2,961.9,367.7
120,3982,5418186,957.4,392.6,961.9,367.8,959.65,380.2,0,2,961.9,367.8
120,3983,5418187,957.2,392.7,961.8,368.1,959.5,380.4,0,2,961.8,368.1
120,3984,5418188,957.1,392.9,961.8,368.6,959.45,380.75,0,2,961.8,368.6
120,3985,5418189,957.0,392.8,961.8,369.0,959.4,380.9,0,2,961.8,369.0
120,3986,5418190,957.1,392.6,961.8,369.5,959.45,381.05,0,2,961.8,369.5
120,3987,5418191,957.2,392.4,961.8,369.8,959.5,381.1,0,2,961.8,369.8
120,3988,5418192,957.4,392.1,961.8,369.9,959.6,381.0,0,2,961.8,369.9
120,3989,5418193,957.6,391.9,961.9,370.1,959.75,381.0,0,2,961.9,370.1
120,3990,5418194,957.6,391.7,961.9,370.2,959.75,380.95,0,2,961.9,370.2
120,3991,5418195,957.5,391.5,961.9,370.2,959.7,380.85,0,2,961.9,370.2
120,3992,5418196,957.5,391.2,962.0,370.2,959.75,380.7,0,2,962.0,370.2
120,3993,5418197,957.4,391.0,962.1,370.2,959.75,380.6,0,2,962.1,370.2
120,3994,5418198,957.4,390.4,962.3,370.2,959.85,380.3,0,2,962.3,370.2
120,3995,5418199,957.3,390.0,962.5,370.2,959.9,380.1,0,2,962.5,370.2
120,3996,5418200,957.3,389.7,962.8,370.2,960.05,379.95,0,2,962.8,370.2
120,3997,5418201,957.5,389.3,963.1,370.2,960.3,379.75,0,2,963.1,370.2
120,3998,5418202,957.7,389.0,963.4,370.2,960.55,379.6,0,2,963.4,370.2
120,3999,5418203,958.3,388.9,963.6,370.3,960.95,379.6,0,2,963.6,370.3
120,4000,5418204,958.7,388.7,963.7,370.4,961.2,379.55,0,2,963.7,370.4
121,4001,5418205,959.1,388.7,963.8,370.8,961.45,379.75,0,2,963.8,370.8
121,4002,5418206,959.5,388.6,963.8,371.2,961.65,379.9,0,2,963.8,371.2
121,4003,5418207,959.8,388.5,963.6,371.7,961.7,380.1,0,2,963.6,371.7
121,4004,5418208,959.9,388.4,963.4,372.1,961.65,380.25,0,2,963.4,372.1
121,4005,5418209,959.9,388.1,963.1,372.6,961.5,380.35,0,2,963.1,372.6
121,4006,5418210,959.6,387.8,962.9,373.1,961.25,380.45,0,2,962.9,373.1
121,4007,5418211,959.3,387.5,962.6,373.4,960.95,380.45,0,2,962.6,373.4
121,4008,5418212,959.1,387.2,962.4,373.9,960.75,380.55,0,2,962.4,373.9
121,4009,5418213,958.8,387.1,962.2,374.4,960.5,380.75,0,2,962.2,374.4
121,4010,5418214,958.7,387.2,962.1,374.9,960.4,381.05,0,2,962.1,374.9
121,4011,5418215,958.6,387.3,962.0,375.0,960.3,381.15,0,2,962.0,375.0
121,4012,5418216,958.6,387.5,962.0,375.0,960.3,381.25,0,2,962.0,375.0
121,4013,5418217,958.6,387.8,962.1,375.0,960.35,381.4,0,2,962.1,375.0
121,4014,5418218,958.6,388.2,962.2,374.9,960.4,381.55,0,2,962.2,374.9
121,4015,5418219,958.7,388.6,962.4,374.4,960.55,381.5,0,2,962.4,374.4
121,4016,5418220,958.8,388.9,962.6,373.9,960.7,381.4,0,2,962.6,373.9
121,4017,5418221,958.9,389.3,962.9,373.5,960.9,381.4,0,2,962.9,373.5
121,4018,5418222,959.0,389.5,963.1,373.4,961.05,381.45,0,2,963.1,373.4
121,4019,5418223,959.1,389.6,963.4,373.4,961.25,381.5,0,2,963.4,373.4
121,4020,5418224,959.2,389.6,963.5,373.4,961.35,381.5,0,2,963.5,373.4
121,4021,5418225,959.3,389.4,963.4,373.5,961.35,381.45,0,2,963.4,373.5
121,4022,5418226,959.3,389.2,963.0,374.2,961.15,381.7,0,2,963.0,374.2
121,4023,5418227,959.4,388.9,962.5,374.8,960.95,381.85,0,2,962.5,374.8
121,4024,5418228,959.6,388.6,961.9,375.5,960.75,382.05,0,2,961.9,375.5
121,4025,5418229,959.9,388.4,961.3,376.1,960.6,382.25,0,2,961.3,376.1
121,4026,5418230,960.2,388.3,960.8,376.8,960.5,382.55,0,2,960.8,376.8
121,4027,5418231,960.4,388.6,960.3,377.4,960.35,383.0,0,2,960.3,377.4
121,4028,5418232,960.7,388.9,959.8,378.1,960.25,383.5,0,2,959.8,378.1
121,4029,5418233,960.9,389.2,959.6,378.1,960.25,383.65,0,2,959.6,378.1
121,4030,5418234,961.1,389.4,959.5,378.0,960.3,383.7,0,2,959.5,378.0
121,4031,5418235,961.1,389.5,959.5,378.0,960.3,383.75,0,2,959.5,378.0
121,4032,5418236,961.1,389.5,959.4,378.0,960.25,383.75,0,2,959.4,378.0
121,4033,5418237,961.3,389.6,959.3,377.9,960.3,383.75,0,2,959.3,377.9
122,4034,5418238,961.6,389.5,959.3,377.9,960.45,383.7,0,2,959.3,377.9
122,4035,5418239,961.9,389.5,959.5,377.9,960.7,383.7,0,2,959.5,377.9
122,4036,5418240,962.1,389.7,960.2,377.9,961.15,383.8,0,2,960.2,377.9
122,4037,5418241,962.0,389.9,961.0,377.8,961.5,383.85,0,2,961.0,377.8
122,4038,5418242,961.8,390.3,961.6,377.7,961.7,384.0,0,2,961.6,377.7
122,4039,5418243,961.6,390.9,962.2,377.4,961.9,384.15,0,2,962.2,377.4
122,4040,5418244,961.5,392.0,962.7,376.7,962.1,384.35,0,2,962.7,376.7
122,4041,5418245,961.3,393.0,963.0,376.1,962.15,384.55,0,2,963.0,376.1
122,4042,5418246,961.1,393.8,963.1,375.4,962.1,384.6,0,2,963.1,375.4
122,4043,5418247,960.9,394.6,962.8,374.8,961.85,384.7,0,2,962.8,374.8
122,4044,5418248,961.0,395.4,962.6,374.1,961.8,384.75,0,2,962.6,374.1
122,4045,5418249,961.0,396.1,962.3,373.5,961.65,384.8,0,2,962.3,373.5
122,4046,5418250,961.0,396.7,962.2,373.0,961.6,384.85,0,2,962.2,373.0
122,4047,5418251,960.8,396.8,962.2,372.9,961.5,384.85,0,2,962.2,372.9
122,4048,5418252,960.5,396.9,962.3,372.4,961.4,384.65,0,2,962.3,372.4
122,4049,5418253,960.2,397.0,962.5,371.9,961.35,384.45,0,2,962.5,371.9
122,4050,5418254,960.1,397.1,962.6,371.4,961.35,384.25,0,2,962.6,371.4
122,4051,5418255,960.0,396.9,962.7,370.9,961.35,383.9,0,2,962.7,370.9
122,4052,5418256,959.9,396.9,962.9,370.4,961.4,383.65,0,2,962.9,370.4
122,4053,5418257,959.8,396.6,963.1,370.0,961.45,383.3,0,2,963.1,370.0
122,4054,5418258,959.8,396.3,963.3,369.6,961.55,382.95,0,2,963.3,369.6
122,4055,5418259,959.7,396.1,963.5,369.4,961.6,382.75,0,2,963.5,369.4
122,4056,5418260,959.7,396.1,963.7,369.3,961.7,382.7,0,2,963.7,369.3
122,4057,5418261,959.6,396.0,963.9,369.1,961.75,382.55,0,2,963.9,369.1
122,4058,5418262,959.5,396.2,964.1,369.0,961.8,382.6,0,2,964.1,369.0
122,4059,5418263,959.5,396.2,964.3,368.9,961.9,382.55,0,2,964.3,368.9
122,4060,5418264,959.4,396.2,964.5,368.7,961.95,382.45,0,2,964.5,368.7
122,4061,5418265,959.3,396.3,964.7,368.7,962.0,382.5,0,2,964.7,368.7
122,4062,5418266,959.2,396.2,964.9,368.6,962.05,382.4,0,2,964.9,368.6
122,4063,5418267,959.1,396.0,965.1,368.6,962.1,382.3,0,2,965.1,368.6
122,4064,5418268,959.1,395.7,965.2,368.7,962.15,382.2,0,2,965.2,368.7
122,4065,5418269,959.0,395.5,965.4,368.8,962.2,382.15,0,2,965.4,368.8
122,4066,5418270,959.0,395.4,965.4,368.9,962.2,382.15,0,2,965.4,368.9
123,4067,5418271,958.9,395.4,965.4,369.0,962.15,382.2,0,2,965.4,369.0
123,4068,5418272,959.0,395.5,965.3,369.1,962.15,382.3,0,2,965.3,369.1
123,4069,5418273,958.9,395.6,965.3,369.2,962.1,382.4,0,2,965.3,369.2
123,4070,5418274,958.9,395.7,965.2,369.3,962.05,382.5,0,2,965.2,369.3
123,4071,5418275,959.1,395.8,965.1,369.3,962.1,382.55,0,2,965.1,369.3
123,4072,5418276,959.3,395.8,965.1,369.2,962.2,382.5,0,2,965.1,369.2
123,4073,5418277,959.6,395.9,965.0,368.9,962.3,382.4,0,2,965.0,368.9
123,4074,5418278,959.9,396.0,965.0,368.5,962.45,382.25,0,2,965.0,368.5
123,4075,5418279,960.2,396.4,965.0,368.1,962.6,382.25,0,2,965.0,368.1
123,4076,5418280,960.6,396.6,965.0,367.7,962.8,382.15,0,2,965.0,367.7
123,4077,5418281,960.9,396.9,965.0,367.6,962.95,382.25,0,2,965.0,367.6
123,4078,5418282,960.8,397.0,965.1,367.6,962.95,382.3,0,2,965.1,367.6
123,4079,5418283,960.6,397.1,965.2,367.7,962.9,382.4,0,2,965.2,367.7
123,4080,5418284,960.3,397.3,965.3,368.1,962.8,382.7,0,2,965.3,368.1
123,4081,5418285,960.0,397.2,965.3,368.4,962.65,382.8,0,2,965.3,368.4
123,4082,5418286,959.6,397.2,965.5,368.3,962.55,382.75,0,2,965.5,368.3
123,4083,5418287,959.2,397.2,965.6,368.1,962.4,382.65,0,2,965.6,368.1
123,4084,5418288,958.9,397.3,965.8,367.8,962.35,382.55,0,2,965.8,367.8
123,4085,5418289,958.6,397.5,965.9,367.3,962.25,382.4,0,2,965.9,367.3
123,4086,5418290,958.5,397.7,966.0,367.0,962.25,382.35,0,2,966.0,367.0
123,4087,5418291,958.5,397.9,966.0,367.1,962.25,382.5,0,2,966.0,367.1
123,4088,5418292,958.6,398.2,965.8,367.5,962.2,382.85,0,2,965.8,367.5
123,4089,5418293,958.7,398.2,965.6,368.4,962.15,383.3,0,2,965.6,368.4
123,4090,5418294,958.8,398.2,965.4,369.2,962.1,383.7,0,2,965.4,369.2
123,4091,5418295,959.0,398.4,965.1,369.9,962.05,384.15,0,2,965.1,369.9
123,4092,5418296,959.1,398.6,964.9,370.6,962.0,384.6,0,2,964.9,370.6
123,4093,5418297,959.3,399.1,964.8,371.1,962.05,385.1,0,2,964.8,371.1
123,4094,5418298,959.7,399.7,964.7,371.2,962.2,385.45,0,2,964.7,371.2
123,4095,5418299,960.0,400.3,964.7,371.1,962.35,385.7,0,2,964.7,371.1
123,4096,5418300,960.3,400.7,964.7,371.0,962.5,385.85,0,2,964.7,371.0
123,4097,5418301,960.4,401.1,964.7,371.1,962.55,386.1,0,2,964.7,371.1
123,4098,5418302,960.5,401.3,964.7,371.4,962.6,386.35,0,2,964.7,371.4
123,4099,5418303,960.4,401.3,964.7,371.5,962.55,386.4,0,2,964.7,371.5
123,4100,5418304,960.3,400.8,964.7,371.7,962.5,386.25,0,2,964.7,371.7
124,4101,5418305,960.0,400.3,964.8,371.8,962.4,386.05,0,2,964.8,371.8
124,4102,5418306,959.8,399.8,964.9,371.8,962.35,385.8,0,2,964.9,371.8
124,4103,5418307,959.7,399.4,965.1,371.7,962.4,385.55,0,2,965.1,371.7
124,4104,5418308,959.8,399.1,965.3,371.3,962.55,385.2,0,2,965.3,371.3
124,4105,5418309,960.1,398.9,965.5,371.0,962.8,384.95,0,2,965.5,371.0
124,4106,5418310,960.8,398.7,965.7,370.8,963.25,384.75,0,2,965.7,370.8
124,4107,5418311,961.4,398.7,965.9,370.5,963.65,384.6,0,2,965.9,370.5
124,4108,5418312,962.1,398.6,966.1,370.4,964.1,384.5,0,2,966.1,370.4
124,4109,5418313,962.7,398.7,966.2,370.4,964.45,384.55,0,2,966.2,370.4
124,4110,5418314,963.2,398.8,966.3,370.5,964.75,384.65,0,2,966.3,370.5
124,4111,5418315,963.6,399.0,966.3,370.9,964.95,384.95,0,2,966.3,370.9
124,4112,5418316,963.9,399.2,966.3,371.2,965.1,385.2,0,2,966.3,371.2
124,4113,5418317,964.0,399.4,966.3,371.5,965.15,385.45,0,2,966.3,371.5
124,4114,5418318,964.6,399.6,966.2,371.7,965.4,385.65,0,2,966.2,371.7
124,4115,5418319,965.1,399.7,966.2,371.8,965.65,385.75,0,2,966.2,371.8
124,4116,5418320,965.6,399.8,966.1,371.6,965.85,385.7,0,2,966.1,371.6
124,4117,5418321,965.8,399.8,966.1,371.3,965.95,385.55,0,2,966.1,371.3
124,4118,5418322,966.1,399.8,966.1,370.9,966.1,385.35,0,2,966.1,370.9
124,4119,5418323,966.3,399.7,966.0,370.3,966.15,385.0,0,2,966.0,370.3
124,4120,5418324,966.6,399.7,965.8,369.8,966.2,384.75,0,2,965.8,369.8
124,4121,5418325,966.3,399.6,965.5,369.4,965.9,384.5,0,2,965.5,369.4
124,4122,5418326,966.1,399.6,965.3,369.1,965.7,384.35,0,2,965.3,369.1
124,4123,5418327,966.0,399.3,965.0,369.2,965.5,384.25,0,2,965.0,369.2
124,4124,5418328,966.0,399.0,964.7,369.2,965.35,384.1,0,2,964.7,369.2
124,4125,5418329,966.2,398.9,964.4,369.4,965.3,384.15,0,2,964.4,369.4
124,4126,5418330,966.3,398.8,964.2,369.5,965.25,384.15,0,2,964.2,369.5
124,4127,5418331,966.5,398.8,964.2,369.6,965.35,384.2,0,2,964.2,369.6
124,4128,5418332,966.7,398.9,964.3,369.6,965.5,384.25,0,2,964.3,369.6
124,4129,5418333,966.9,398.9,964.3,369.4,965.6,384.15,0,2,964.3,369.4
124,4130,5418334,967.0,399.0,964.4,369.1,965.7,384.05,0,2,964.4,369.1
124,4131,5418335,967.0,398.7,964.5,368.7,965.75,383.7,0,2,964.5,368.7
124,4132,5418336,966.8,398.4,964.5,368.2,965.65,383.3,0,2,964.5,368.2
124,4133,5418337,966.6,397.9,964.6,367.7,965.6,382.8,0,2,964.6,367.7
125,4134,5418338,966.4,398.0,964.6,367.4,965.5,382.7,0,2,964.6,367.4
125,4135,5418339,966.1,398.0,964.6,367.3,965.35,382.65,0,2,964.6,367.3
125,4136,5418340,965.8,398.2,964.6,367.4,965.2,382.8,0,2,964.6,367.4
125,4137,5418341,965.5,398.3,964.7,367.4,965.1,382.85,0,2,964.7,367.4
125,4138,5418342,965.2,398.9,964.7,367.6,964.95,383.25,0,2,964.7,367.6
125,4139,5418343,965.0,399.3,965.2,367.6,965.1,383.45,0,2,965.2,367.6
125,4140,5418344,964.8,399.8,965.8,367.6,965.3,383.7,0,2,965.8,367.6
125,4141,5418345,964.5,399.4,966.3,367.6,965.4,383.5,0,2,966.3,367.6
125,4142,5418346,964.2,399.1,966.8,367.4,965.5,383.25,0,2,966.8,367.4
125,4143,5418347,964.0,398.7,967.5,367.2,965.75,382.95,0,2,967.5,367.2
125,4144,5418348,963.7,398.5,968.0,367.1,965.85,382.8,0,2,968.0,367.1
125,4145,5418349,963.5,398.3,968.6,366.9,966.05,382.6,0,2,968.6,366.9
125,4146,5418350,963.4,398.1,968.4,367.0,965.9,382.55,0,2,968.4,367.0
125,4147,5418351,963.0,398.1,968.3,367.1,965.65,382.6,0,2,968.3,367.1
125,4148,5418352,962.6,398.1,968.2,367.3,965.4,382.7,0,2,968.2,367.3
125,4149,5418353,962.3,398.4,968.2,367.7,965.25,383.05,0,2,968.2,367.7
125,4150,5418354,961.9,398.7,968.1,369.0,965.0,383.85,0,2,968.1,369.0
125,4151,5418355,961.6,399.0,967.9,370.2,964.75,384.6,0,2,967.9,370.2
125,4152,5418356,961.3,399.3,967.9,371.5,964.6,385.4,0,2,967.9,371.5
125,4153,5418357,961.0,399.7,968.0,372.7,964.5,386.2,0,2,968.0,372.7
125,4154,5418358,961.1,400.0,968.2,373.4,964.65,386.7,0,2,968.2,373.4
125,4155,5418359,961.2,400.2,968.3,374.0,964.75,387.1,0,2,968.3,374.0
125,4156,5418360,961.3,400.5,968.2,374.5,964.75,387.5,0,2,968.2,374.5
125,4157,5418361,961.4,400.9,968.3,374.3,964.85,387.6,0,2,968.3,374.3
125,4158,5418362,961.6,401.2,968.2,374.6,964.9,387.9,0,2,968.2,374.6
125,4159,5418363,961.7,401.5,968.0,375.0,964.85,388.25,0,2,968.0,375.0
125,4160,5418364,961.8,401.8,967.8,375.4,964.8,388.6,0,2,967.8,375.4
125,4161,5418365,961.8,402.0,967.5,376.1,964.65,389.05,0,2,967.5,376.1
125,4162,5418366,961.7,402.3,966.9,376.9,964.3,389.6,0,2,966.9,376.9
125,4163,5418367,961.6,402.3,966.2,377.5,963.9,389.9,0,2,966.2,377.5
125,4164,5418368,961.6,402.1,965.6,377.9,963.6,390.0,0,2,965.6,377.9
125,4165,5418369,961.5,402.0,965.1,377.7,963.3,389.85,0,2,965.1,377.7
125,4166,5418370,961.4,401.8,964.8,377.6,963.1,389.7,0,2,964.8,377.6
126,4167,5418371,961.3,401.6,964.4,377.7,962.85,389.65,0,2,964.4,377.7
126,4168,5418372,961.2,401.4,963.9,377.9,962.55,389.65,0,2,963.9,377.9
126,4169,5418373,961.3,401.2,964.2,378.1,962.75,389.65,0,2,964.2,378.1
126,4170,5418374,961.4,401.3,964.4,378.2,962.9,389.75,0,2,964.4,378.2
126,4171,5418375,961.4,401.4,964.5,378.4,962.95,389.9,0,2,964.5,378.4
126,4172,5418376,961.4,401.5,964.5,378.6,962.95,390.05,0,2,964.5,378.6
126,4173,5418377,961.2,401.7,964.5,378.8,962.85,390.25,0,2,964.5,378.8
126,4174,5418378,961.0,401.1,964.5,378.7,962.75,389.9,0,2,964.5,378.7
126,4175,5418379,960.9,400.3,964.5,378.6,962.7,389.45,0,2,964.5,378.6
126,4176,5418380,960.6,399.5,964.3,378.5,962.45,389.0,0,2,964.3,378.5
126,4177,5418381,960.4,398.6,964.1,378.2,962.25,388.4,0,2,964.1,378.2
126,4178,5418382,960.2,397.8,964.1,378.1,962.15,387.95,0,2,964.1,378.1
126,4179,5418383,960.2,397.0,964.2,377.8,962.2,387.4,0,2,964.2,377.8
126,4180,5418384,960.3,396.8,964.4,377.6,962.35,387.2,0,2,964.4,377.6
126,4181,5418385,960.4,397.3,964.7,377.3,962.55,387.3,0,2,964.7,377.3
126,4182,5418386,960.5,398.1,964.9,377.0,962.7,387.55,0,2,964.9,377.0
126,4183,5418387,960.7,399.1,965.2,376.7,962.95,387.9,0,2,965.2,376.7
126,4184,5418388,960.9,400.0,965.5,376.5,963.2,388.25,0,2,965.5,376.5
126,4185,5418389,961.1,400.9,965.7,376.2,963.4,388.55,0,2,965.7,376.2
126,4186,5418390,961.2,401.7,965.8,376.1,963.5,388.9,0,2,965.8,376.1
126,4187,5418391,961.2,402.0,965.9,376.0,963.55,389.0,0,2,965.9,376.0
126,4188,5418392,961.2,402.2,965.9,375.9,963.55,389.05,0,2,965.9,375.9
126,4189,5418393,961.1,402.3,966.1,375.8,963.6,389.05,0,2,966.1,375.8
126,4190,5418394,961.1,402.3,966.3,375.8,963.7,389.05,0,2,966.3,375.8
126,4191,5418395,961.1,402.2,966.5,375.9,963.8,389.05,0,2,966.5,375.9
126,4192,5418396,960.9,402.2,966.7,376.1,963.8,389.15,0,2,966.7,376.1
126,4193,5418397,960.8,402.2,966.9,376.2,963.85,389.2,0,2,966.9,376.2
126,4194,5418398,960.7,402.1,967.0,376.3,963.85,389.2,0,2,967.0,376.3
126,4195,5418399,960.6,402.0,967.1,376.5,963.85,389.25,0,2,967.1,376.5
126,4196,5418400,960.5,402.0,967.2,376.6,963.85,389.3,0,2,967.2,376.6
126,4197,5418401,960.3,402.2,967.0,376.7,963.65,389.45,0,2,967.0,376.7
126,4198,5418402,960.2,402.6,966.9,376.8,963.55,389.7,0,2,966.9,376.8
126,4199,5418403,960.1,403.1,966.8,376.9,963.45,390.0,0,2,966.8,376.9
126,4200,5418404,960.1,403.5,966.7,376.6,963.4,390.05,0,2,966.7,376.6
127,4201,5418405,960.2,404.1,966.6,375.9,963.4,390.0,0,2,966.6,375.9
127,4202,5418406,960.3,404.5,966.5,375.2,963.4,389.85,0,2,966.5,375.2
127,4203,5418407,960.3,404.7,966.4,374.6,963.35,389.65,0,2,966.4,374.6
127,4204,5418408,960.5,404.8,966.3,373.9,963.4,389.35,0,2,966.3,373.9
127,4205,5418409,960.7,404.6,966.2,373.2,963.45,388.9,0,2,966.2,373.2
127,4206,5418410,961.2,404.4,966.0,372.7,963.6,388.55,0,2,966.0,372.7
127,4207,5418411,961.7,404.1,965.9,372.7,963.8,388.4,0,2,965.9,372.7
127,4208,5418412,962.1,403.7,965.8,373.3,963.95,388.5,0,2,965.8,373.3
127,4209,5418413,962.6,403.5,965.7,373.9,964.15,388.7,0,2,965.7,373.9
127,4210,5418414,963.0,403.4,965.6,374.4,964.3,388.9,0,2,965.6,374.4
127,4211,5418415,963.3,403.4,965.6,374.9,964.45,389.15,0,2,965.6,374.9
127,4212,5418416,963.6,403.3,965.6,375.4,964.6,389.35,0,2,965.6,375.4
127,4213,5418417,963.5,403.3,965.4,375.6,964.45,389.45,0,2,965.4,375.6
127,4214,5418418,963.5,403.2,965.3,375.6,964.4,389.4,0,2,965.3,375.6
127,4215,5418419,963.4,403.3,965.1,375.5,964.25,389.4,0,2,965.1,375.5
127,4216,5418420,963.4,403.4,965.0,375.3,964.2,389.35,0,2,965.0,375.3
127,4217,5418421,963.4,403.3,964.9,375.2,964.15,389.25,0,2,964.9,375.2
127,4218,5418422,963.4,403.2,965.0,375.1,964.2,389.15,0,2,965.0,375.1
127,4219,5418423,963.4,402.8,965.0,375.0,964.2,388.9,0,2,965.0,375.0
127,4220,5418424,963.3,402.1,965.2,375.1,964.25,388.6,0,2,965.2,375.1
127,4221,5418425,963.2,401.5,965.4,375.2,964.3,388.35,0,2,965.4,375.2
127,4222,5418426,963.1,400.9,965.5,375.3,964.3,388.1,0,2,965.5,375.3
127,4223,5418427,963.1,400.3,965.8,375.4,964.45,387.85,0,2,965.8,375.4
127,4224,5418428,963.0,400.0,965.9,375.5,964.45,387.75,0,2,965.9,375.5
127,4225,5418429,962.9,399.7,966.1,375.6,964.5,387.65,0,2,966.1,375.6
127,4226,5418430,962.9,399.6,966.1,375.7,964.5,387.65,0,2,966.1,375.7
127,4227,5418431,962.9,399.8,966.0,375.6,964.45,387.7,0,2,966.0,375.6
127,4228,5418432,963.0,399.7,966.0,375.4,964.5,387.55,0,2,966.0,375.4
127,4229,5418433,963.2,399.6,966.0,374.1,964.6,386.85,0,2,966.0,374.1
127,4230,5418434,963.4,399.4,966.0,372.9,964.7,386.15,0,2,966.0,372.9
127,4231,5418435,963.6,398.8,965.9,371.5,964.75,385.15,0,2,965.9,371.5
127,4232,5418436,963.9,397.9,965.8,370.1,964.85,384.0,0,2,965.8,370.1
127,4233,5418437,964.1,396.9,965.8,368.7,964.95,382.8,0,2,965.8,368.7
128,4234,5418438,964.4,395.9,966.0,367.5,965.2,381.7,0,2,966.0,367.5
128,4235,5418439,964.6,395.0,966.3,366.4,965.45,380.7,0,2,966.3,366.4
128,4236,5418440,964.7,394.4,966.5,366.3,965.6,380.35,0,2,966.5,366.3
128,4237,5418441,964.9,393.9,966.7,366.2,965.8,380.05,0,2,966.7,366.2
128,4238,5418442,964.9,393.5,966.9,365.9,965.9,379.7,0,2,966.9,365.9
128,4239,5418443,964.9,393.6,967.2,365.3,966.05,379.45,0,2,967.2,365.3
128,4240,5418444,964.8,393.8,967.4,364.8,966.1,379.3,0,2,967.4,364.8
128,4241,5418445,964.7,394.0,967.7,364.2,966.2,379.1,0,2,967.7,364.2
128,4242,5418446,964.5,394.3,967.9,363.5,966.2,378.9,0,2,967.9,363.5
128,4243,5418447,964.3,394.5,968.1,362.7,966.2,378.6,0,2,968.1,362.7
128,4244,5418448,964.1,394.7,968.3,361.8,966.2,378.25,0,2,968.3,361.8
128,4245,5418449,964.0,394.9,968.5,361.1,966.25,378.0,0,2,968.5,361.1
128,4246,5418450,964.0,394.9,968.8,360.4,966.4,377.65,0,2,968.8,360.4
128,4247,5418451,964.1,395.0,969.0,359.8,966.55,377.4,0,2,969.0,359.8
128,4248,5418452,964.2,395.0,969.3,359.3,966.75,377.15,0,2,969.3,359.3
128,4249,5418453,964.4,394.8,969.5,358.9,966.95,376.85,0,2,969.5,358.9
128,4250,5418454,964.6,394.5,969.7,358.8,967.15,376.65,0,2,969.7,358.8
128,4251,5418455,964.9,394.2,970.0,358.9,967.45,376.55,0,2,970.0,358.9
128,4252,5418456,965.1,393.9,970.2,359.2,967.65,376.55,0,2,970.2,359.2
128,4253,5418457,965.2,393.7,970.3,359.6,967.75,376.65,0,2,970.3,359.6
128,4254,5418458,965.4,393.5,970.3,360.0,967.85,376.75,0,2,970.3,360.0
128,4255,5418459,965.6,393.4,970.4,360.5,968.0,376.95,0,2,970.4,360.5
128,4256,5418460,965.7,393.3,970.5,360.8,968.1,377.05,0,2,970.5,360.8
128,4257,5418461,965.8,393.1,970.5,361.1,968.15,377.1,0,2,970.5,361.1
128,4258,5418462,965.8,392.8,970.5,361.1,968.15,376.95,0,2,970.5,361.1
128,4259,5418463,965.8,392.5,970.6,361.0,968.2,376.75,0,2,970.6,361.0
128,4260,5418464,965.8,392.2,970.6,360.9,968.2,376.55,0,2,970.6,360.9
128,4261,5418465,965.7,391.9,970.7,360.7,968.2,376.3,0,2,970.7,360.7
128,4262,5418466,965.7,391.7,970.8,360.6,968.25,376.15,0,2,970.8,360.6
128,4263,5418467,965.6,391.6,970.9,360.4,968.25,376.0,0,2,970.9,360.4
128,4264,5418468,965.5,391.7,970.7,360.5,968.1,376.1,0,2,970.7,360.5
128,4265,5418469,965.5,391.8,970.4,360.9,967.95,376.35,0,2,970.4,360.9
128,4266,5418470,965.5,391.8,970.2,361.4,967.85,376.6,0,2,970.2,361.4
129,4267,5418471,965.6,391.9,970.1,362.0,967.85,376.95,0,2,970.1,362.0
129,4268,5418472,965.7,391.8,970.1,362.4,967.9,377.1,0,2,970.1,362.4
129,4269,5418473,966.2,391.7,970.1,362.8,968.15,377.25,0,2,970.1,362.8
129,4270,5418474,966.7,391.7,970.2,363.2,968.45,377.45,0,2,970.2,363.2
129,4271,5418475,967.2,391.7,970.6,363.4,968.9,377.55,0,2,970.6,363.4
129,4272,5418476,967.7,391.8,971.0,363.5,969.35,377.65,0,2,971.0,363.5
129,4273,5418477,968.1,392.0,971.5,363.8,969.8,377.9,0,2,971.5,363.8
129,4274,5418478,968.5,392.3,971.9,364.0,970.2,378.15,0,2,971.9,364.0
129,4275,5418479,968.8,392.6,972.2,364.3,970.5,378.45,0,2,972.2,364.3
129,4276,5418480,968.8,393.0,972.6,365.0,970.7,379.0,0,2,972.6,365.0
129,4277,5418481,968.7,393.2,973.2,365.7,970.95,379.45,0,2,973.2,365.7
129,4278,5418482,968.7,393.4,973.6,367.2,971.15,380.3,0,2,973.6,367.2
129,4279,5418483,968.6,393.7,974.0,368.5,971.3,381.1,0,2,974.0,368.5
129,4280,5418484,968.6,393.8,974.4,369.6,971.5,381.7,0,2,974.4,369.6
129,4281,5418485,968.6,393.9,974.8,370.9,971.7,382.4,0,2,974.8,370.9
129,4282,5418486,968.6,394.0,975.3,372.1,971.95,383.05,0,2,975.3,372.1
129,4283,5418487,968.6,394.0,975.7,373.2,972.15,383.6,0,2,975.7,373.2
129,4284,5418488,968.7,394.2,975.9,374.2,972.3,384.2,0,2,975.9,374.2
129,4285,5418489,968.9,394.3,976.2,374.5,972.55,384.4,0,2,976.2,374.5
129,4286,5418490,969.1,395.2,976.5,375.6,972.8,385.4,0,2,976.5,375.6
129,4287,5418491,969.3,396.0,976.9,376.6,973.1,386.3,0,2,976.9,376.6
129,4288,5418492,969.5,396.7,977.3,377.5,973.4,387.1,0,2,977.3,377.5
129,4289,5418493,969.5,397.5,977.5,378.3,973.5,387.9,0,2,977.5,378.3
129,4290,5418494,969.5,398.2,977.7,379.1,973.6,388.65,0,2,977.7,379.1
129,4291,5418495,969.5,398.8,978.0,379.8,973.75,389.3,0,2,978.0,379.8
129,4292,5418496,969.4,399.5,978.3,380.4,973.85,389.95,0,2,978.3,380.4
129,4293,5418497,969.2,399.3,978.5,380.4,973.85,389.85,0,2,978.5,380.4
129,4294,5418498,969.1,399.2,978.6,380.4,973.85,389.8,0,2,978.6,380.4
129,4295,5418499,968.9,399.2,978.6,380.5,973.75,389.85,0,2,978.6,380.5
129,4296,5418500,968.9,399.0,978.6,380.7,973.75,389.85,0,2,978.6,380.7
129,4297,5418501,968.9,398.8,978.5,381.3,973.7,390.05,0,2,978.5,381.3
129,4298,5418502,969.1,398.3,978.5,381.9,973.8,390.1,0,2,978.5,381.9
129,4299,5418503,969.3,397.8,978.5,382.5,973.9,390.15,0,2,978.5,382.5
129,4300,5418504,969.6,397.5,978.8,383.1,974.2,390.3,0,2,978.8,383.1
130,4301,5418505,969.9,397.4,979.1,383.7,974.5,390.55,0,2,979.1,383.7
130,4302,5418506,970.2,397.3,979.4,384.5,974.8,390.9,0,2,979.4,384.5
130,4303,5418507,970.5,397.4,979.7,385.3,975.1,391.35,0,2,979.7,385.3
130,4304,5418508,970.8,397.5,980.0,385.7,975.4,391.6,0,2,980.0,385.7
130,4305,5418509,970.6,397.8,980.4,386.1,975.5,391.95,0,2,980.4,386.1
130,4306,5418510,970.5,398.1,980.7,386.9,975.6,392.5,0,2,980.7,386.9
130,4307,5418511,970.4,398.4,980.7,387.7,975.55,393.05,0,2,980.7,387.7
130,4308,5418512,970.2,398.3,980.7,388.4,975.45,393.35,0,2,980.7,388.4
130,4309,5418513,970.0,398.6,980.6,389.0,975.3,393.8,0,2,980.6,389.0
130,4310,5418514,970.2,398.9,980.3,389.4,975.25,394.15,0,2,980.3,389.4
130,4311,5418515,970.4,399.2,979.9,389.2,975.15,394.2,0,2,979.9,389.2
130,4312,5418516,970.7,399.5,979.3,388.9,975.0,394.2,0,2,979.3,388.9
130,4313,5418517,970.9,399.8,978.7,388.3,974.8,394.05,0,2,978.7,388.3
130,4314,5418518,971.1,400.3,978.1,387.7,974.6,394.0,0,2,978.1,387.7
130,4315,5418519,971.3,400.9,977.5,387.3,974.4,394.1,0,2,977.5,387.3
130,4316,5418520,971.6,401.2,977.0,386.9,974.3,394.05,0,2,977.0,386.9
130,4317,5418521,971.5,401.5,976.6,386.5,974.05,394.0,0,2,976.6,386.5
130,4318,5418522,971.4,401.7,976.4,386.8,973.9,394.25,0,2,976.4,386.8
130,4319,5418523,971.3,402.1,976.2,387.1,973.75,394.6,0,2,976.2,387.1
130,4320,5418524,971.3,402.4,976.2,387.3,973.75,394.85,0,2,976.2,387.3
130,4321,5418525,971.3,402.8,976.1,387.5,973.7,395.15,0,2,976.1,387.5
130,4322,5418526,971.2,403.1,976.0,387.7,973.6,395.4,0,2,976.0,387.7
130,4323,5418527,971.1,403.6,975.6,388.2,973.35,395.9,0,2,975.6,388.2
130,4324,5418528,971.1,404.4,975.1,388.7,973.1,396.55,0,2,975.1,388.7
130,4325,5418529,971.0,405.2,974.6,389.2,972.8,397.2,0,2,974.6,389.2
130,4326,5418530,970.8,405.9,974.1,389.7,972.45,397.8,0,2,974.1,389.7
130,4327,5418531,970.7,406.6,973.6,390.2,972.15,398.4,0,2,973.6,390.2
130,4328,5418532,970.6,407.1,973.1,390.5,971.85,398.8,0,2,973.1,390.5
130,4329,5418533,970.5,407.6,972.6,390.7,971.55,399.15,0,2,972.6,390.7
130,4330,5418534,970.4,407.9,972.5,390.6,971.45,399.25,0,2,972.5,390.6
130,4331,5418535,970.3,407.9,972.4,390.4,971.35,399.15,0,2,972.4,390.4
130,4332,5418536,970.2,408.1,972.3,390.2,971.25,399.15,0,2,972.3,390.2
130,4333,5418537,970.1,408.3,972.2,390.1,971.15,399.2,0,2,972.2,390.1
131,4334,5418538,970.0,408.7,972.0,390.2,971.0,399.45,0,2,972.0,390.2
131,4335,5418539,969.9,409.1,971.8,390.5,970.85,399.8,0,2,971.8,390.5
131,4336,5418540,969.8,409.5,971.6,391.0,970.7,400.25,0,2,971.6,391.0
131,4337,5418541,969.7,409.8,971.3,391.8,970.5,400.8,0,2,971.3,391.8
131,4338,5418542,969.7,410.0,971.1,392.7,970.4,401.35,0,2,971.1,392.7
131,4339,5418543,969.8,410.1,970.9,393.5,970.35,401.8,0,2,970.9,393.5
131,4340,5418544,969.9,410.1,970.7,394.7,970.3,402.4,0,2,970.7,394.7
131,4341,5418545,970.0,410.1,970.5,395.7,970.25,402.9,0,2,970.5,395.7
131,4342,5418546,969.9,410.0,970.3,396.6,970.1,403.3,0,2,970.3,396.6
131,4343,5418547,969.9,410.0,970.0,397.3,969.95,403.65,0,2,970.0,397.3
131,4344,5418548,969.6,410.1,969.5,397.7,969.55,403.9,0,2,969.5,397.7
131,4345,5418549,968.4,410.6,969.1,398.0,968.75,404.3,0,2,969.1,398.0
131,4346,5418550,967.0,411.2,968.2,398.4,967.6,404.8,0,2,968.2,398.4
131,4347,5418551,965.1,411.7,967.1,398.7,966.1,405.2,0,2,967.1,398.7
131,4348,5418552,961.7,412.1,965.2,399.0,963.45,405.55,0,2,965.2,399.0
131,4349,5418553,957.8,412.0,962.5,399.3,960.15,405.65,0,2,962.5,399.3
131,4350,5418554,953.2,412.0,959.3,399.8,956.25,405.9,0,2,959.3,399.8
131,4351,5418555,947.7,412.1,955.9,400.2,951.8,406.15,0,2,955.9,400.2
131,4352,5418556,941.9,411.6,951.3,399.0,946.6,405.3,0,2,951.3,399.0
131,4353,5418557,935.5,410.9,946.8,397.5,941.15,404.2,0,2,946.8,397.5
131,4354,5418558,928.9,410.2,942.2,396.0,935.55,403.1,0,2,942.2,396.0
131,4355,5418559,923.3,409.6,938.4,394.2,930.85,401.9,0,2,938.4,394.2
131,4356,5418560,918.5,409.1,935.5,391.8,927.0,400.45,0,2,935.5,391.8
131,4357,5418561,914.3,408.4,933.4,389.5,923.85,398.95,0,2,933.4,389.5
131,4358,5418562,911.6,407.5,931.6,387.3,921.6,397.4,0,2,931.6,387.3
131,4359,5418563,910.5,406.9,931.0,387.1,920.75,397.0,0,2,931.0,387.1
131,4360,5418564,910.6,406.5,931.3,387.0,920.95,396.75,0,2,931.3,387.0
131,4361,5418565,911.9,406.2,932.5,387.3,922.2,396.75,0,2,932.5,387.3
131,4362,5418566,914.3,405.8,934.2,387.5,924.25,396.65,0,2,934.2,387.5
131,4363,5418567,917.9,405.7,936.4,388.2,927.15,396.95,0,2,936.4,388.2
131,4364,5418568,921.7,406.0,939.0,388.9,930.35,397.45,0,2,939.0,388.9
131,4365,5418569,925.4,406.3,941.5,389.7,933.45,398.0,0,2,941.5,389.7
131,4366,5418570,928.7,406.5,944.2,390.1,936.45,398.3,0,2,944.2,390.1
132,4367,5418571,931.6,406.7,946.2,390.6,938.9,398.65,0,2,946.2,390.6
132,4368,5418572,934.1,406.9,948.0,390.6,941.05,398.75,0,2,948.0,390.6
132,4369,5418573,936.2,407.0,949.2,390.7,942.7,398.85,0,2,949.2,390.7
132,4370,5418574,937.0,407.1,949.9,390.8,943.45,398.95,0,2,949.9,390.8
132,4371,5418575,937.6,407.4,950.1,390.7,943.85,399.05,0,2,950.1,390.7
132,4372,5418576,937.6,407.8,950.0,390.7,943.8,399.25,0,2,950.0,390.7
132,4373,5418577,937.4,408.2,949.8,390.6,943.6,399.4,0,2,949.8,390.6
132,4374,5418578,937.2,408.8,949.4,390.6,943.3,399.7,0,2,949.4,390.6
132,4375,5418579,937.0,409.5,948.3,390.5,942.65,400.0,0,2,948.3,390.5
132,4376,5418580,936.3,410.3,947.2,390.4,941.75,400.35,0,2,947.2,390.4
132,4377,5418581,935.7,411.2,946.0,390.1,940.85,400.65,0,2,946.0,390.1
132,4378,5418582,935.2,411.7,945.1,389.9,940.15,400.8,0,2,945.1,389.9
132,4379,5418583,935.0,412.0,944.3,389.5,939.65,400.75,0,2,944.3,389.5
132,4380,5418584,934.9,412.0,943.6,389.2,939.25,400.6,0,2,943.6,389.2
132,4381,5418585,934.9,411.8,942.9,388.8,938.9,400.3,0,2,942.9,388.8
132,4382,5418586,934.9,411.6,942.8,388.5,938.85,400.05,0,2,942.8,388.5
132,4383,5418587,935.0,411.3,942.7,388.0,938.85,399.65,0,2,942.7,388.0
132,4384,5418588,935.2,410.9,942.8,387.7,939.0,399.3,0,2,942.8,387.7
132,4385,5418589,935.3,410.3,942.8,387.4,939.05,398.85,0,2,942.8,387.4
132,4386,5418590,935.5,409.8,942.9,387.1,939.2,398.45,0,2,942.9,387.1
132,4387,5418591,935.7,409.6,943.0,386.9,939.35,398.25,0,2,943.0,386.9
132,4388,5418592,935.9,409.4,943.2,386.5,939.55,397.95,0,2,943.2,386.5
132,4389,5418593,936.2,409.1,943.5,386.2,939.85,397.65,0,2,943.5,386.2
132,4390,5418594,936.6,409.0,943.7,386.0,940.15,397.5,0,2,943.7,386.0
132,4391,5418595,937.0,408.9,943.9,385.8,940.45,397.35,0,2,943.9,385.8
132,4392,5418596,937.4,409.0,944.2,385.7,940.8,397.35,0,2,944.2,385.7
132,4393,5418597,937.9,409.1,944.5,385.7,941.2,397.4,0,2,944.5,385.7
132,4394,5418598,938.4,409.2,944.9,386.3,941.65,397.75,0,2,944.9,386.3
132,4395,5418599,938.9,409.3,945.3,387.1,942.1,398.2,0,2,945.3,387.1
132,4396,5418600,939.6,409.4,945.7,388.1,942.65,398.75,0,2,945.7,388.1
132,4397,5418601,940.1,409.5,946.0,389.2,943.05,399.35,0,2,946.0,389.2
132,4398,5418602,940.6,409.5,946.3,390.3,943.45,399.9,0,2,946.3,390.3
132,4399,5418603,941.0,409.5,946.8,391.4,943.9,400.45,0,2,946.8,391.4
132,4400,5418604,941.2,409.2,947.3,392.3,944.25,400.75,0,2,947.3,392.3
133,4401,5418605,941.5,408.9,947.6,392.7,944.55,400.8,0,2,947.6,392.7
133,4402,5418606,941.7,408.8,948.0,392.8,944.85,400.8,0,2,948.0,392.8
133,4403,5418607,941.6,408.9,948.4,393.0,945.0,400.95,0,2,948.4,393.0
133,4404,5418608,942.2,409.4,948.9,393.1,945.55,401.25,0,2,948.9,393.1
133,4405,5418609,942.8,409.9,949.4,393.2,946.1,401.55,0,2,949.4,393.2
133,4406,5418610,943.5,410.4,949.8,393.3,946.65,401.85,0,2,949.8,393.3
133,4407,5418611,944.0,411.3,950.1,393.3,947.05,402.3,0,2,950.1,393.3
133,4408,5418612,944.4,412.0,950.4,393.4,947.4,402.7,0,2,950.4,393.4
133,4409,5418613,944.8,412.6,950.6,393.4,947.7,403.0,0,2,950.6,393.4
133,4410,5418614,945.2,412.7,950.6,393.3,947.9,403.0,0,2,950.6,393.3
133,4411,5418615,944.8,412.5,950.7,393.1,947.75,402.8,0,2,950.7,393.1
133,4412,5418616,944.3,412.2,950.6,393.0,947.45,402.6,0,2,950.6,393.0
133,4413,5418617,943.9,411.8,950.5,393.0,947.2,402.4,0,2,950.5,393.0
133,4414,5418618,943.5,411.4,950.3,392.9,946.9,402.15,0,2,950.3,392.9
133,4415,5418619,943.3,410.9,950.1,392.8,946.7,401.85,0,2,950.1,392.8
133,4416,5418620,943.0,410.5,950.1,392.4,946.55,401.45,0,2,950.1,392.4
133,4417,5418621,942.8,410.3,950.0,392.0,946.4,401.15,0,2,950.0,392.0
133,4418,5418622,942.6,409.9,949.8,391.7,946.2,400.8,0,2,949.8,391.7
133,4419,5418623,942.6,409.5,949.6,391.2,946.1,400.35,0,2,949.6,391.2
133,4420,5418624,942.0,409.3,949.1,390.8,945.55,400.05,0,2,949.1,390.8
133,4421,5418625,941.4,409.0,948.7,390.0,945.05,399.5,0,2,948.7,390.0
133,4422,5418626,940.8,408.4,948.3,388.8,944.55,398.6,0,2,948.3,388.8
133,4423,5418627,940.1,407.8,947.7,387.6,943.9,397.7,0,2,947.7,387.6
133,4424,5418628,939.4,407.2,947.1,386.4,943.25,396.8,0,2,947.1,386.4
133,4425,5418629,938.7,406.6,946.6,385.3,942.65,395.95,0,2,946.6,385.3
133,4426,5418630,938.1,406.1,946.1,384.2,942.1,395.15,0,2,946.1,384.2
133,4427,5418631,938.0,405.5,946.0,383.1,942.0,394.3,0,2,946.0,383.1
133,4428,5418632,937.9,404.8,945.8,382.1,941.85,393.45,0,2,945.8,382.1
133,4429,5418633,938.0,404.5,945.5,381.1,941.75,392.8,0,2,945.5,381.1
133,4430,5418634,938.0,404.2,945.4,380.1,941.7,392.15,0,2,945.4,380.1
133,4431,5418635,938.1,404.0,945.2,379.0,941.65,391.5,0,2,945.2,379.0
133,4432,5418636,938.1,403.9,944.9,377.9,941.5,390.9,0,2,944.9,377.9
133,4433,5418637,938.1,403.8,944.6,376.9,941.35,390.35,0,2,944.6,376.9
134,4434,5418638,938.1,403.7,944.4,375.9,941.25,389.8,0,2,944.4,375.9
134,4435,5418639,937.9,403.7,943.9,375.1,940.9,389.4,0,2,943.9,375.1
134,4436,5418640,937.7,403.0,943.6,374.7,940.65,388.85,0,2,943.6,374.7
134,4437,5418641,937.4,402.3,943.2,374.7,940.3,388.5,0,2,943.2,374.7
134,4438,5418642,937.2,401.5,942.7,374.5,939.95,388.0,0,2,942.7,374.5
134,4439,5418643,936.8,400.7,942.4,374.2,939.6,387.45,0,2,942.4,374.2
134,4440,5418644,936.4,400.6,942.0,373.9,939.2,387.25,0,2,942.0,373.9
134,4441,5418645,936.0,400.5,942.2,373.5,939.1,387.0,0,2,942.2,373.5
134,4442,5418646,935.6,400.5,942.6,373.1,939.1,386.8,0,2,942.6,373.1
134,4443,5418647,935.3,401.2,943.0,372.7,939.15,386.95,0,2,943.0,372.7
134,4444,5418648,935.1,401.9,943.4,372.4,939.25,387.15,0,2,943.4,372.4
134,4445,5418649,934.9,402.6,944.0,372.1,939.45,387.35,0,2,944.0,372.1
134,4446,5418650,935.0,403.3,944.6,371.8,939.8,387.55,0,2,944.6,371.8
134,4447,5418651,935.1,403.3,945.3,371.1,940.2,387.2,0,2,945.3,371.1
134,4448,5418652,935.3,403.3,945.8,370.7,940.55,387.0,0,2,945.8,370.7
134,4449,5418653,935.5,402.8,946.2,370.3,940.85,386.55,0,2,946.2,370.3
134,4450,5418654,935.7,402.2,946.5,370.6,941.1,386.4,0,2,946.5,370.6
134,4451,5418655,936.0,401.6,946.7,370.9,941.35,386.25,0,2,946.7,370.9
134,4452,5418656,936.3,401.0,946.9,371.4,941.6,386.2,0,2,946.9,371.4
134,4453,5418657,936.6,400.1,947.0,371.9,941.8,386.0,0,2,947.0,371.9
134,4454,5418658,937.0,399.4,947.0,372.6,942.0,386.0,0,2,947.0,372.6
134,4455,5418659,937.3,398.8,947.0,372.9,942.15,385.85,0,2,947.0,372.9
134,4456,5418660,937.7,398.7,946.9,373.1,942.3,385.9,0,2,946.9,373.1
134,4457,5418661,938.0,398.7,947.0,372.7,942.5,385.7,0,2,947.0,372.7
134,4458,5418662,938.3,398.8,947.2,372.2,942.75,385.5,0,2,947.2,372.2
134,4459,5418663,938.6,398.8,947.5,371.7,943.05,385.25,0,2,947.5,371.7
134,4460,5418664,938.7,399.1,947.7,371.4,943.2,385.25,0,2,947.7,371.4
134,4461,5418665,938.8,399.2,948.0,371.2,943.4,385.2,0,2,948.0,371.2
134,4462,5418666,939.0,399.3,948.0,371.2,943.5,385.25,0,2,948.0,371.2
134,4463,5418667,939.3,399.3,948.2,371.3,943.75,385.3,0,2,948.2,371.3
134,4464,5418668,939.5,399.1,948.5,370.8,944.0,384.95,0,2,948.5,370.8
134,4465,5418669,939.8,399.0,948.8,370.5,944.3,384.75,0,2,948.8,370.5
134,4466,5418670,940.0,398.7,949.0,370.3,944.5,384.5,0,2,949.0,370.3
135,4467,5418671,940.2,398.5,949.2,369.9,944.7,384.2,0,2,949.2,369.9
135,4468,5418672,940.4,398.2,949.5,369.6,944.95,383.9,0,2,949.5,369.6
135,4469,5418673,940.5,397.9,949.7,369.3,945.1,383.6,0,2,949.7,369.3
135,4470,5418674,940.5,397.6,950.0,368.3,945.25,382.95,0,2,950.0,368.3
135,4471,5418675,940.6,397.4,950.2,367.9,945.4,382.65,0,2,950.2,367.9
135,4472,5418676,940.8,397.4,950.4,367.3,945.6,382.35,0,2,950.4,367.3
135,4473,5418677,941.1,397.3,950.7,366.0,945.9,381.65,0,2,950.7,366.0
135,4474,5418678,941.6,397.1,951.1,364.7,946.35,380.9,0,2,951.1,364.7
135,4475,5418679,942.0,396.7,951.7,363.4,946.85,380.05,0,2,951.7,363.4
135,4476,5418680,942.6,396.3,952.2,362.3,947.4,379.3,0,2,952.2,362.3
135,4477,5418681,943.2,395.8,952.7,361.8,947.95,378.8,0,2,952.7,361.8
135,4478,5418682,943.7,395.3,953.0,361.1,948.35,378.2,0,2,953.0,361.1
135,4479,5418683,944.1,394.8,953.3,360.4,948.7,377.6,0,2,953.3,360.4
135,4480,5418684,944.4,394.0,953.5,359.8,948.95,376.9,0,2,953.5,359.8
135,4481,5418685,944.5,393.4,953.5,359.2,949.0,376.3,0,2,953.5,359.2
135,4482,5418686,944.5,393.2,953.3,358.5,948.9,375.85,0,2,953.3,358.5
135,4483,5418687,944.6,393.0,953.2,357.8,948.9,375.4,0,2,953.2,357.8
135,4484,5418688,944.5,392.8,953.4,357.0,948.95,374.9,0,2,953.4,357.0
135,4485,5418689,944.5,392.6,953.7,356.2,949.1,374.4,0,2,953.7,356.2
135,4486,5418690,944.4,392.4,953.9,355.7,949.15,374.05,0,2,953.9,355.7
135,4487,5418691,944.5,392.6,954.2,355.7,949.35,374.15,0,2,954.2,355.7
135,4488,5418692,944.7,392.7,954.4,356.5,949.55,374.6,0,2,954.4,356.5
135,4489,5418693,944.8,392.9,954.7,357.3,949.75,375.1,0,2,954.7,357.3
135,4490,5418694,945.0,393.2,954.9,357.9,949.95,375.55,0,2,954.9,357.9
135,4491,5418695,945.2,393.7,954.9,358.5,950.05,376.1,0,2,954.9,358.5
135,4492,5418696,945.4,394.2,954.8,359.1,950.1,376.65,0,2,954.8,359.1
135,4493,5418697,946.0,394.9,954.6,359.7,950.3,377.3,0,2,954.6,359.7
135,4494,5418698,946.7,395.5,954.6,360.2,950.65,377.85,0,2,954.6,360.2
135,4495,5418699,947.4,396.1,954.6,359.9,951.0,378.0,0,2,954.6,359.9
135,4496,5418700,948.0,396.5,954.7,359.6,951.35,378.05,0,2,954.7,359.6
135,4497,5418701,948.6,396.6,954.7,359.5,951.65,378.05,0,2,954.7,359.5
135,4498,5418702,949.1,396.7,954.8,359.5,951.95,378.1,0,2,954.8,359.5
135,4499,5418703,949.2,396.8,954.8,359.8,952.0,378.3,0,2,954.8,359.8
135,4500,5418704,948.8,396.7,954.9,360.1,951.85,378.4,0,2,954.9,360.1
136,4501,5418705,948.2,396.7,955.0,360.5,951.6,378.6,0,2,955.0,360.5
136,4502,5418706,947.6,396.8,955.2,360.9,951.4,378.85,0,2,955.2,360.9
136,4503,5418707,946.9,396.9,955.4,361.4,951.15,379.15,0,2,955.4,361.4
136,4504,5418708,946.4,397.1,955.5,362.3,950.95,379.7,0,2,955.5,362.3
136,4505,5418709,945.9,397.4,955.7,363.0,950.8,380.2,0,2,955.7,363.0
136,4506,5418710,945.9,397.7,955.9,363.5,950.9,380.6,0,2,955.9,363.5
136,4507,5418711,945.8,398.0,956.2,364.1,951.0,381.05,0,2,956.2,364.1
136,4508,5418712,946.0,398.2,956.4,364.6,951.2,381.4,0,2,956.4,364.6
136,4509,5418713,946.3,398.3,956.4,365.3,951.35,381.8,0,2,956.4,365.3
136,4510,5418714,946.7,398.4,956.4,366.0,951.55,382.2,0,2,956.4,366.0
136,4511,5418715,947.1,398.5,956.4,366.3,951.75,382.4,0,2,956.4,366.3
136,4512,5418716,947.4,398.3,956.7,367.0,952.05,382.65,0,2,956.7,367.0
136,4513,5418717,947.8,398.1,956.9,367.8,952.35,382.95,0,2,956.9,367.8
136,4514,5418718,948.1,397.9,957.2,368.5,952.65,383.2,0,2,957.2,368.5
136,4515,5418719,948.3,398.0,957.4,369.2,952.85,383.6,0,2,957.4,369.2
136,4516,5418720,948.3,398.2,957.8,369.7,953.05,383.95,0,2,957.8,369.7
136,4517,5418721,948.2,398.5,958.2,370.3,953.2,384.4,0,2,958.2,370.3
136,4518,5418722,948.1,399.0,958.6,371.0,953.35,385.0,0,2,958.6,371.0
136,4519,5418723,948.0,400.0,958.8,371.5,953.4,385.75,0,2,958.8,371.5
136,4520,5418724,947.9,401.1,958.9,372.0,953.4,386.55,0,2,958.9,372.0
136,4521,5418725,947.8,402.2,959.0,372.5,953.4,387.35,0,2,959.0,372.5
136,4522,5418726,947.7,403.1,959.0,373.0,953.35,388.05,0,2,959.0,373.0
136,4523,5418727,947.7,403.8,958.7,373.4,953.2,388.6,0,2,958.7,373.4
136,4524,5418728,947.7,404.2,958.2,373.7,952.95,388.95,0,2,958.2,373.7
136,4525,5418729,947.6,404.6,957.5,374.0,952.55,389.3,0,2,957.5,374.0
136,4526,5418730,947.6,404.5,956.9,373.9,952.25,389.2,0,2,956.9,373.9
136,4527,5418731,947.5,404.3,956.3,373.5,951.9,388.9,0,2,956.3,373.5
136,4528,5418732,947.4,403.9,955.8,373.1,951.6,388.5,0,2,955.8,373.1
136,4529,5418733,947.3,403.7,955.4,372.8,951.35,388.25,0,2,955.4,372.8
136,4530,5418734,947.2,403.5,955.4,372.5,951.3,388.0,0,2,955.4,372.5
136,4531,5418735,947.2,403.3,955.4,372.2,951.3,387.75,0,2,955.4,372.2
136,4532,5418736,947.1,403.3,955.6,372.0,951.35,387.65,0,2,955.6,372.0
136,4533,5418737,946.9,403.2,955.8,371.8,951.35,387.5,0,2,955.8,371.8
137,4534,5418738,946.7,403.1,955.9,372.0,951.3,387.55,0,2,955.9,372.0
137,4535,5418739,946.5,403.2,956.1,372.2,951.3,387.7,0,2,956.1,372.2
137,4536,5418740,946.4,403.4,956.2,371.8,951.3,387.6,0,2,956.2,371.8
137,4537,5418741,946.2,403.5,956.3,371.4,951.25,387.45,0,2,956.3,371.4
137,4538,5418742,946.0,403.6,956.3,371.0,951.15,387.3,0,2,956.3,371.0
137,4539,5418743,945.9,403.8,956.2,370.5,951.05,387.15,0,2,956.2,370.5
137,4540,5418744,945.8,404.1,955.9,370.1,950.85,387.1,0,2,955.9,370.1
137,4541,5418745,945.9,404.5,955.4,369.7,950.65,387.1,0,2,955.4,369.7
137,4542,5418746,945.9,404.9,954.9,369.4,950.4,387.15,0,2,954.9,369.4
137,4543,5418747,946.0,405.3,954.3,369.7,950.15,387.5,0,2,954.3,369.7
137,4544,5418748,946.0,405.6,953.6,370.3,949.8,387.95,0,2,953.6,370.3
137,4545,5418749,946.0,406.1,952.8,370.9,949.4,388.5,0,2,952.8,370.9
137,4546,5418750,945.9,406.5,952.0,371.6,948.95,389.05,0,2,952.0,371.6
137,4547,5418751,945.9,406.8,951.6,372.3,948.75,389.55,0,2,951.6,372.3
137,4548,5418752,945.8,407.1,951.4,373.0,948.6,390.05,0,2,951.4,373.0
137,4549,5418753,945.8,407.5,951.8,373.6,948.8,390.55,0,2,951.8,373.6
137,4550,5418754,945.7,407.9,952.1,374.2,948.9,391.05,0,2,952.1,374.2
137,4551,5418755,945.7,408.3,952.6,374.7,949.15,391.5,0,2,952.6,374.7
137,4552,5418756,945.6,408.8,953.1,375.4,949.35,392.1,0,2,953.1,375.4
137,4553,5418757,945.7,409.2,953.7,376.5,949.7,392.85,0,2,953.7,376.5
137,4554,5418758,945.7,409.6,954.1,377.5,949.9,393.55,0,2,954.1,377.5
137,4555,5418759,945.8,410.1,954.3,378.8,950.05,394.45,0,2,954.3,378.8
137,4556,5418760,945.8,410.5,954.2,380.2,950.0,395.35,0,2,954.2,380.2
137,4557,5418761,945.8,411.3,953.9,381.4,949.85,396.35,0,2,953.9,381.4
137,4558,5418762,945.7,412.0,953.7,382.6,949.7,397.3,0,2,953.7,382.6
137,4559,5418763,945.6,412.5,953.5,383.5,949.55,398.0,0,2,953.5,383.5
137,4560,5418764,945.4,412.8,953.4,384.3,949.4,398.55,0,2,953.4,384.3
137,4561,5418765,945.0,413.0,953.3,385.1,949.15,399.05,0,2,953.3,385.1
137,4562,5418766,944.7,413.0,953.3,385.6,949.0,399.3,0,2,953.3,385.6
137,4563,5418767,944.5,412.9,953.3,386.4,948.9,399.65,0,2,953.3,386.4
137,4564,5418768,944.4,412.1,953.2,387.4,948.8,399.75,0,2,953.2,387.4
137,4565,5418769,944.4,411.3,953.1,388.2,948.75,399.75,0,2,953.1,388.2
137,4566,5418770,944.5,410.7,952.9,389.1,948.7,399.9,0,2,952.9,389.1
138,4567,5418771,944.5,410.4,952.8,389.5,948.65,399.95,0,2,952.8,389.5
138,4568,5418772,944.6,410.1,952.7,389.8,948.65,399.95,0,2,952.7,389.8
138,4569,5418773,944.6,409.9,952.6,390.0,948.6,399.95,0,2,952.6,390.0
138,4570,5418774,944.7,409.7,952.6,389.9,948.65,399.8,0,2,952.6,389.9
138,4571,5418775,944.6,409.9,952.5,389.7,948.55,399.8,0,2,952.5,389.7
138,4572,5418776,944.5,410.0,952.6,389.7,948.55,399.85,0,2,952.6,389.7
138,4573,5418777,944.6,410.0,952.6,389.8,948.6,399.9,0,2,952.6,389.8
138,4574,5418778,944.8,409.9,952.6,390.2,948.7,400.05,0,2,952.6,390.2
138,4575,5418779,945.1,409.8,952.6,390.6,948.85,400.2,0,2,952.6,390.6
138,4576,5418780,945.5,409.6,952.6,391.1,949.05,400.35,0,2,952.6,391.1
138,4577,5418781,945.9,409.5,952.6,391.7,949.25,400.6,0,2,952.6,391.7
138,4578,5418782,946.3,409.5,952.7,392.4,949.5,400.95,0,2,952.7,392.4
138,4579,5418783,946.7,409.4,952.7,392.9,949.7,401.15,0,2,952.7,392.9
138,4580,5418784,947.0,409.2,952.8,393.3,949.9,401.25,0,2,952.8,393.3
138,4581,5418785,947.2,409.0,952.9,393.7,950.05,401.35,0,2,952.9,393.7
138,4582,5418786,947.4,408.8,953.0,394.0,950.2,401.4,0,2,953.0,394.0
138,4583,5418787,947.6,408.3,953.0,394.1,950.3,401.2,0,2,953.0,394.1
138,4584,5418788,947.7,407.9,953.0,394.2,950.35,401.05,0,2,953.0,394.2
138,4585,5418789,947.8,407.3,953.1,393.9,950.45,400.6,0,2,953.1,393.9
138,4586,5418790,948.1,406.9,953.0,393.7,950.55,400.3,0,2,953.0,393.7
138,4587,5418791,948.4,406.6,952.9,393.5,950.65,400.05,0,2,952.9,393.5
138,4588,5418792,948.7,406.5,952.8,393.3,950.75,399.9,0,2,952.8,393.3
138,4589,5418793,949.0,406.4,952.8,393.2,950.9,399.8,0,2,952.8,393.2
138,4590,5418794,949.2,406.6,952.7,393.3,950.95,399.95,0,2,952.7,393.3
138,4591,5418795,949.4,406.7,953.0,393.4,951.2,400.05,0,2,953.0,393.4
138,4592,5418796,949.6,406.8,953.2,393.6,951.4,400.2,0,2,953.2,393.6
138,4593,5418797,949.7,406.8,953.6,393.7,951.65,400.25,0,2,953.6,393.7
138,4594,5418798,949.8,406.8,953.9,393.9,951.85,400.35,0,2,953.9,393.9
138,4595,5418799,949.9,406.8,954.2,394.1,952.05,400.45,0,2,954.2,394.1
138,4596,5418800,950.3,406.7,954.4,394.3,952.35,400.5,0,2,954.4,394.3
138,4597,5418801,950.8,406.6,954.5,394.3,952.65,400.45,0,2,954.5,394.3
138,4598,5418802,951.2,406.7,954.3,394.4,952.75,400.55,0,2,954.3,394.4
138,4599,5418803,951.6,406.8,954.0,394.5,952.8,400.65,0,2,954.0,394.5
138,4600,5418804,951.9,406.9,953.8,394.6,952.85,400.75,0,2,953.8,394.6
139,4601,5418805,952.2,407.0,953.9,394.8,953.05,400.9,0,2,953.9,394.8
139,4602,5418806,952.4,407.1,954.1,394.8,953.25,400.95,0,2,954.1,394.8
139,4603,5418807,952.4,407.0,954.3,394.7,953.35,400.85,0,2,954.3,394.7
139,4604,5418808,952.4,406.8,954.7,394.3,953.55,400.55,0,2,954.7,394.3
139,4605,5418809,952.4,406.5,955.1,393.6,953.75,400.05,0,2,955.1,393.6
139,4606,5418810,952.5,406.2,955.1,392.7,953.8,399.45,0,2,955.1,392.7
139,4607,5418811,952.7,406.0,955.1,391.6,953.9,398.8,0,2,955.1,391.6
139,4608,5418812,952.8,405.8,954.7,390.4,953.75,398.1,0,2,954.7,390.4
139,4609,5418813,953.0,405.6,954.2,389.3,953.6,397.45,0,2,954.2,389.3
139,4610,5418814,953.1,405.6,953.7,388.2,953.4,396.9,0,2,953.7,388.2
139,4611,5418815,953.2,405.7,953.3,387.5,953.25,396.6,0,2,953.3,387.5
139,4612,5418816,953.2,405.9,953.0,387.0,953.1,396.45,0,2,953.0,387.0
139,4613,5418817,953.1,406.3,953.1,387.3,953.1,396.8,0,2,953.1,387.3
139,4614,5418818,953.0,406.7,953.3,387.7,953.15,397.2,0,2,953.3,387.7
139,4615,5418819,952.7,407.0,953.3,388.5,953.0,397.75,0,2,953.3,388.5
139,4616,5418820,952.4,407.4,953.4,389.4,952.9,398.4,0,2,953.4,389.4
139,4617,5418821,952.0,407.7,953.4,390.1,952.7,398.9,0,2,953.4,390.1
139,4618,5418822,951.6,407.9,953.2,390.7,952.4,399.3,0,2,953.2,390.7
139,4619,5418823,951.3,408.1,953.0,391.0,952.15,399.55,0,2,953.0,391.0
139,4620,5418824,951.1,408.1,952.7,390.9,951.9,399.5,0,2,952.7,390.9
139,4621,5418825,950.9,408.1,952.4,390.8,951.65,399.45,0,2,952.4,390.8
139,4622,5418826,950.9,408.1,952.3,390.2,951.6,399.15,0,2,952.3,390.2
139,4623,5418827,950.9,408.2,952.2,389.6,951.55,398.9,0,2,952.2,389.6
139,4624,5418828,950.9,408.2,952.0,389.2,951.45,398.7,0,2,952.0,389.2
139,4625,5418829,950.9,408.1,951.8,388.8,951.35,398.45,0,2,951.8,388.8
139,4626,5418830,950.9,408.1,951.6,388.8,951.25,398.45,0,2,951.6,388.8
139,4627,5418831,951.0,408.1,951.2,388.8,951.1,398.45,0,2,951.2,388.8
139,4628,5418832,951.0,408.1,950.8,388.8,950.9,398.45,0,2,950.8,388.8
139,4629,5418833,951.0,408.1,950.5,388.9,950.75,398.5,0,2,950.5,388.9
139,4630,5418834,951.1,408.0,950.1,388.9,950.6,398.45,0,2,950.1,388.9
139,4631,5418835,951.1,407.9,949.9,388.8,950.5,398.35,0,2,949.9,388.8
139,4632,5418836,951.2,407.7,949.7,388.6,950.45,398.15,0,2,949.7,388.6
139,4633,5418837,951.2,407.5,949.5,388.4,950.35,397.95,0,2,949.5,388.4
140,4634,5418838,951.2,407.4,949.4,388.2,950.3,397.8,0,2,949.4,388.2
140,4635,5418839,951.2,407.4,949.3,388.0,950.25,397.7,0,2,949.3,388.0
140,4636,5418840,950.8,407.7,949.3,387.9,950.05,397.8,0,2,949.3,387.9
140,4637,5418841,950.5,408.0,949.2,387.7,949.85,397.85,0,2,949.2,387.7
140,4638,5418842,950.1,408.4,949.2,387.8,949.65,398.1,0,2,949.2,387.8
140,4639,5418843,949.7,408.9,949.2,387.8,949.45,398.35,0,2,949.2,387.8
140,4640,5418844,949.4,409.4,949.1,387.9,949.25,398.65,0,2,949.1,387.9
140,4641,5418845,949.0,409.7,949.1,388.3,949.05,399.0,0,2,949.1,388.3
140,4642,5418846,948.8,410.1,949.1,388.7,948.95,399.4,0,2,949.1,388.7
140,4643,5418847,948.9,409.8,949.1,389.2,949.0,399.5,0,2,949.1,389.2
140,4644,5418848,948.9,409.6,949.2,390.0,949.05,399.8,0,2,949.2,390.0
140,4645,5418849,949.0,409.4,949.2,390.7,949.1,400.05,0,2,949.2,390.7
140,4646,5418850,949.0,409.2,949.2,391.5,949.1,400.35,0,2,949.2,391.5
140,4647,5418851,949.0,409.1,949.2,392.2,949.1,400.65,0,2,949.2,392.2
140,4648,5418852,949.1,408.9,949.3,392.8,949.2,400.85,0,2,949.3,392.8
140,4649,5418853,949.1,408.8,949.5,393.3,949.3,401.05,0,2,949.5,393.3
140,4650,5418854,949.2,408.8,949.6,393.7,949.4,401.25,0,2,949.6,393.7
140,4651,5418855,949.3,408.8,949.7,394.0,949.5,401.4,0,2,949.7,394.0
140,4652,5418856,949.4,408.7,950.2,394.2,949.8,401.45,0,2,950.2,394.2
140,4653,5418857,949.5,408.5,950.7,394.4,950.1,401.45,0,2,950.7,394.4
140,4654,5418858,949.6,408.3,951.2,394.4,950.4,401.35,0,2,951.2,394.4
140,4655,5418859,949.7,408.1,951.2,394.4,950.45,401.25,0,2,951.2,394.4
140,4656,5418860,949.6,407.6,951.0,394.2,950.3,400.9,0,2,951.0,394.2
140,4657,5418861,949.6,407.3,950.8,393.9,950.2,400.6,0,2,950.8,393.9
140,4658,5418862,949.5,407.1,950.8,393.5,950.15,400.3,0,2,950.8,393.5
140,4659,5418863,949.4,407.0,950.9,393.1,950.15,400.05,0,2,950.9,393.1
140,4660,5418864,949.2,407.1,951.0,392.7,950.1,399.9,0,2,951.0,392.7
140,4661,5418865,948.9,407.1,951.1,392.3,950.0,399.7,0,2,951.1,392.3
140,4662,5418866,948.7,407.1,951.8,392.0,950.25,399.55,0,2,951.8,392.0
140,4663,5418867,948.5,407.4,952.7,391.8,950.6,399.6,0,2,952.7,391.8
140,4664,5418868,948.5,407.5,953.7,391.6,951.1,399.55,0,2,953.7,391.6
140,4665,5418869,948.5,407.5,954.6,391.5,951.55,399.5,0,2,954.6,391.5
140,4666,5418870,948.4,407.4,955.1,391.2,951.75,399.3,0,2,955.1,391.2
141,4667,5418871,948.6,407.3,955.6,390.9,952.1,399.1,0,2,955.6,390.9
141,4668,5418872,948.7,407.2,955.9,390.5,952.3,398.85,0,2,955.9,390.5
141,4669,5418873,948.9,407.1,956.1,390.2,952.5,398.65,0,2,956.1,390.2
141,4670,5418874,948.9,407.0,956.2,390.0,952.55,398.5,0,2,956.2,390.0
141,4671,5418875,948.9,407.0,955.8,389.7,952.35,398.35,0,2,955.8,389.7
141,4672,5418876,948.9,407.0,955.6,389.5,952.25,398.25,0,2,955.6,389.5
141,4673,5418877,948.9,407.0,955.5,389.4,952.2,398.2,0,2,955.5,389.4
141,4674,5418878,948.8,407.2,955.5,389.4,952.15,398.3,0,2,955.5,389.4
141,4675,5418879,948.8,407.4,955.6,389.4,952.2,398.4,0,2,955.6,389.4
141,4676,5418880,948.7,407.5,955.7,389.4,952.2,398.45,0,2,955.7,389.4
141,4677,5418881,948.7,407.6,955.7,389.4,952.2,398.5,0,2,955.7,389.4
141,4678,5418882,948.7,407.5,956.0,389.4,952.35,398.45,0,2,956.0,389.4
141,4679,5418883,948.8,407.5,956.2,389.4,952.5,398.45,0,2,956.2,389.4
141,4680,5418884,949.0,407.5,956.3,389.4,952.65,398.45,0,2,956.3,389.4
141,4681,5418885,949.3,407.4,956.4,389.6,952.85,398.5,0,2,956.4,389.6
141,4682,5418886,949.6,407.3,956.4,389.9,953.0,398.6,0,2,956.4,389.9
141,4683,5418887,949.9,407.4,956.5,390.0,953.2,398.7,0,2,956.5,390.0
141,4684,5418888,950.1,407.6,956.6,389.9,953.35,398.75,0,2,956.6,389.9
141,4685,5418889,950.3,408.0,956.7,389.9,953.5,398.95,0,2,956.7,389.9
141,4686,5418890,950.4,408.3,956.8,389.9,953.6,399.1,0,2,956.8,389.9
141,4687,5418891,950.3,408.6,957.0,389.9,953.65,399.25,0,2,957.0,389.9
141,4688,5418892,949.8,408.9,957.2,389.9,953.5,399.4,0,2,957.2,389.9
141,4689,5418893,949.5,409.1,957.5,389.7,953.5,399.4,0,2,957.5,389.7
141,4690,5418894,949.2,409.2,957.7,389.6,953.45,399.4,0,2,957.7,389.6
141,4691,5418895,949.0,409.2,958.0,389.6,953.5,399.4,0,2,958.0,389.6
141,4692,5418896,948.8,409.2,958.2,389.5,953.5,399.35,0,2,958.2,389.5
141,4693,5418897,948.8,409.1,958.2,389.4,953.5,399.25,0,2,958.2,389.4
141,4694,5418898,949.0,409.1,957.6,389.2,953.3,399.15,0,2,957.6,389.2
141,4695,5418899,949.4,409.0,957.1,389.0,953.25,399.0,0,2,957.1,389.0
141,4696,5418900,949.7,409.1,956.5,388.8,953.1,398.95,0,2,956.5,388.8
141,4697,5418901,950.0,409.1,956.1,388.6,953.05,398.85,0,2,956.1,388.6
141,4698,5418902,950.3,409.3,955.8,388.6,953.05,398.95,0,2,955.8,388.6
141,4699,5418903,950.5,409.4,955.6,388.7,953.05,399.05,0,2,955.6,388.7
141,4700,5418904,950.6,409.5,955.7,389.0,953.15,399.25,0,2,955.7,389.0
142,4701,5418905,950.7,409.6,956.1,389.4,953.4,399.5,0,2,956.1,389.4
142,4702,5418906,950.9,409.7,956.4,389.7,953.65,399.7,0,2,956.4,389.7
142,4703,5418907,951.0,409.7,956.7,390.0,953.85,399.85,0,2,956.7,390.0
142,4704,5418908,951.1,409.7,956.8,390.3,953.95,400.0,0,2,956.8,390.3
142,4705,5418909,951.1,409.7,956.7,390.4,953.9,400.05,0,2,956.7,390.4
142,4706,5418910,951.2,409.6,956.5,390.3,953.85,399.95,0,2,956.5,390.3
142,4707,5418911,951.2,409.6,956.2,389.9,953.7,399.75,0,2,956.2,389.9
142,4708,5418912,951.4,409.6,956.0,389.4,953.7,399.5,0,2,956.0,389.4
142,4709,5418913,951.6,409.6,955.8,388.7,953.7,399.15,0,2,955.8,388.7
142,4710,5418914,952.0,409.8,955.6,388.1,953.8,398.95,0,2,955.6,388.1
142,4711,5418915,952.6,409.9,955.4,387.4,954.0,398.65,0,2,955.4,387.4
142,4712,5418916,953.2,410.0,955.3,386.9,954.25,398.45,0,2,955.3,386.9
142,4713,5418917,953.8,409.9,955.3,386.5,954.55,398.2,0,2,955.3,386.5
142,4714,5418918,954.4,409.6,955.4,386.0,954.9,397.8,0,2,955.4,386.0
142,4715,5418919,954.9,409.2,955.4,385.6,955.15,397.4,0,2,955.4,385.6
142,4716,5418920,955.2,408.7,955.5,385.3,955.35,397.0,0,2,955.5,385.3
142,4717,5418921,955.4,407.8,955.6,385.1,955.5,396.45,0,2,955.6,385.1
142,4718,5418922,955.3,406.9,955.6,385.0,955.45,395.95,0,2,955.6,385.0
142,4719,5418923,955.3,406.1,955.7,384.8,955.5,395.45,0,2,955.7,384.8
142,4720,5418924,955.2,405.6,955.8,384.7,955.5,395.15,0,2,955.8,384.7
142,4721,5418925,955.1,405.3,955.7,384.6,955.4,394.95,0,2,955.7,384.6
142,4722,5418926,955.1,405.0,955.7,384.5,955.4,394.75,0,2,955.7,384.5
142,4723,5418927,955.0,404.8,955.6,384.4,955.3,394.6,0,2,955.6,384.4
142,4724,5418928,954.9,404.7,955.5,384.3,955.2,394.5,0,2,955.5,384.3
142,4725,5418929,954.8,404.5,955.3,384.1,955.05,394.3,0,2,955.3,384.1
142,4726,5418930,954.8,404.2,955.1,383.9,954.95,394.05,0,2,955.1,383.9
142,4727,5418931,954.8,403.8,954.9,383.8,954.85,393.8,0,2,954.9,383.8
142,4728,5418932,954.8,403.5,954.7,383.7,954.75,393.6,0,2,954.7,383.7
142,4729,5418933,955.0,403.2,954.5,383.6,954.75,393.4,0,2,954.5,383.6
142,4730,5418934,955.2,402.9,954.4,383.3,954.8,393.1,0,2,954.4,383.3
142,4731,5418935,955.6,402.6,954.5,383.0,955.05,392.8,0,2,954.5,383.0
142,4732,5418936,956.0,402.3,955.0,382.5,955.5,392.4,0,2,955.0,382.5
142,4733,5418937,956.3,402.1,955.4,382.0,955.85,392.05,0,2,955.4,382.0
143,4734,5418938,956.6,401.8,955.9,381.5,956.25,391.65,0,2,955.9,381.5
143,4735,5418939,956.5,401.6,956.4,381.0,956.45,391.3,0,2,956.4,381.0
143,4736,5418940,956.4,401.3,956.7,381.4,956.55,391.35,0,2,956.7,381.4
143,4737,5418941,956.5,401.1,957.0,381.9,956.75,391.5,0,2,957.0,381.9
143,4738,5418942,956.3,401.0,956.8,382.5,956.55,391.75,0,2,956.8,382.5
143,4739,5418943,956.2,400.9,956.4,383.3,956.3,392.1,0,2,956.4,383.3
143,4740,5418944,956.2,401.0,956.0,384.1,956.1,392.55,0,2,956.0,384.1
143,4741,5418945,956.2,400.9,955.6,384.9,955.9,392.9,0,2,955.6,384.9
143,4742,5418946,956.5,400.7,955.2,385.6,955.85,393.15,0,2,955.2,385.6
143,4743,5418947,956.6,400.4,955.1,385.3,955.85,392.85,0,2,955.1,385.3
143,4744,5418948,956.7,400.1,955.0,384.9,955.85,392.5,0,2,955.0,384.9
143,4745,5418949,956.7,399.8,955.1,384.4,955.9,392.1,0,2,955.1,384.4
143,4746,5418950,956.7,399.4,955.2,384.1,955.95,391.75,0,2,955.2,384.1
143,4747,5418951,956.7,399.1,955.2,383.7,955.95,391.4,0,2,955.2,383.7
143,4748,5418952,956.7,398.5,955.1,383.5,955.9,391.0,0,2,955.1,383.5
143,4749,5418953,956.7,397.9,954.8,383.3,955.75,390.6,0,2,954.8,383.3
143,4750,5418954,956.7,397.4,954.6,383.2,955.65,390.3,0,2,954.6,383.2
143,4751,5418955,956.4,396.9,954.5,383.0,955.45,389.95,0,2,954.5,383.0
143,4752,5418956,956.1,396.4,954.3,382.8,955.2,389.6,0,2,954.3,382.8
143,4753,5418957,955.9,396.0,954.3,382.3,955.1,389.15,0,2,954.3,382.3
143,4754,5418958,955.7,395.5,954.4,381.7,955.05,388.6,0,2,954.4,381.7
143,4755,5418959,955.7,395.2,954.6,381.1,955.15,388.15,0,2,954.6,381.1
143,4756,5418960,955.7,395.0,955.0,380.5,955.35,387.75,0,2,955.0,380.5
143,4757,5418961,955.6,394.9,955.2,380.0,955.4,387.45,0,2,955.2,380.0
143,4758,5418962,955.8,394.7,955.4,379.6,955.6,387.15,0,2,955.4,379.6
143,4759,5418963,956.1,394.6,955.5,379.1,955.8,386.85,0,2,955.5,379.1
143,4760,5418964,956.2,394.4,955.7,378.8,955.95,386.6,0,2,955.7,378.8
143,4761,5418965,956.3,394.2,955.7,378.4,956.0,386.3,0,2,955.7,378.4
143,4762,5418966,956.3,394.2,955.6,378.0,955.95,386.1,0,2,955.6,378.0
143,4763,5418967,956.2,394.1,955.4,377.7,955.8,385.9,0,2,955.4,377.7
143,4764,5418968,956.0,394.1,955.1,377.4,955.55,385.75,0,2,955.1,377.4
143,4765,5418969,955.9,394.0,954.9,377.2,955.4,385.6,0,2,954.9,377.2
143,4766,5418970,955.8,394.1,954.6,377.1,955.2,385.6,0,2,954.6,377.1
144,4767,5418971,955.6,394.3,954.4,377.1,955.0,385.7,0,2,954.4,377.1
144,4768,5418972,955.2,394.5,954.3,377.0,954.75,385.75,0,2,954.3,377.0
144,4769,5418973,954.9,394.9,954.3,377.0,954.6,385.95,0,2,954.3,377.0
144,4770,5418974,954.6,395.2,954.4,376.8,954.5,386.0,0,2,954.4,376.8
144,4771,5418975,954.6,395.4,954.7,376.7,954.65,386.05,0,2,954.7,376.7
144,4772,5418976,954.5,395.5,955.1,376.5,954.8,386.0,0,2,955.1,376.5
144,4773,5418977,954.5,395.3,955.5,376.0,955.0,385.65,0,2,955.5,376.0
144,4774,5418978,954.6,395.1,956.0,375.5,955.3,385.3,0,2,956.0,375.5
144,4775,5418979,954.8,394.8,956.3,374.7,955.55,384.75,0,2,956.3,374.7
144,4776,5418980,954.9,394.5,956.7,374.0,955.8,384.25,0,2,956.7,374.0
144,4777,5418981,955.0,394.2,957.0,373.5,956.0,383.85,0,2,957.0,373.5
144,4778,5418982,954.9,394.1,957.3,372.9,956.1,383.5,0,2,957.3,372.9
144,4779,5418983,954.8,394.1,957.8,372.6,956.3,383.35,0,2,957.8,372.6
144,4780,5418984,954.6,394.3,958.2,372.5,956.4,383.4,0,2,958.2,372.5
144,4781,5418985,954.2,394.6,958.7,372.4,956.45,383.5,0,2,958.7,372.4
144,4782,5418986,953.7,394.9,959.1,373.0,956.4,383.95,0,2,959.1,373.0
144,4783,5418987,953.1,395.1,959.6,373.6,956.35,384.35,0,2,959.6,373.6
144,4784,5418988,952.5,395.1,960.1,374.2,956.3,384.65,0,2,960.1,374.2
144,4785,5418989,951.9,394.9,960.6,374.7,956.25,384.8,0,2,960.6,374.7
144,4786,5418990,951.4,394.7,960.9,375.0,956.15,384.85,0,2,960.9,375.0
144,4787,5418991,950.9,394.4,961.3,374.6,956.1,384.5,0,2,961.3,374.6
144,4788,5418992,950.7,394.1,961.8,374.2,956.25,384.15,0,2,961.8,374.2
144,4789,5418993,950.6,393.7,962.2,373.4,956.4,383.55,0,2,962.2,373.4
144,4790,5418994,950.7,393.4,962.7,372.7,956.7,383.05,0,2,962.7,372.7
144,4791,5418995,950.9,393.5,963.1,372.0,957.0,382.75,0,2,963.1,372.0
144,4792,5418996,951.0,394.1,963.7,371.5,957.35,382.8,0,2,963.7,371.5
144,4793,5418997,951.2,394.6,964.3,371.0,957.75,382.8,0,2,964.3,371.0
144,4794,5418998,951.3,395.0,964.7,371.4,958.0,383.2,0,2,964.7,371.4
144,4795,5418999,951.3,395.3,965.1,372.0,958.2,383.65,0,2,965.1,372.0
144,4796,5419000,951.3,395.5,965.4,372.5,958.35,384.0,0,2,965.4,372.5
144,4797,5419001,951.2,395.6,965.8,373.1,958.5,384.35,0,2,965.8,373.1
144,4798,5419002,951.2,395.7,966.1,373.6,958.65,384.65,0,2,966.1,373.6
144,4799,5419003,951.2,395.3,966.1,374.0,958.65,384.65,0,2,966.1,374.0
144,4800,5419004,951.5,395.1,966.2,374.2,958.85,384.65,0,2,966.2,374.2
145,4801,5419005,951.8,394.9,966.4,374.3,959.1,384.6,0,2,966.4,374.3
145,4802,5419006,952.2,394.9,966.5,374.1,959.35,384.5,0,2,966.5,374.1
145,4803,5419007,952.6,395.0,966.7,373.9,959.65,384.45,0,2,966.7,373.9
145,4804,5419008,952.9,395.0,966.8,373.6,959.85,384.3,0,2,966.8,373.6
145,4805,5419009,953.2,395.0,966.8,373.3,960.0,384.15,0,2,966.8,373.3
145,4806,5419010,953.4,395.1,966.8,372.9,960.1,384.0,0,2,966.8,372.9
145,4807,5419011,953.3,395.1,966.7,372.6,960.0,383.85,0,2,966.7,372.6
145,4808,5419012,953.2,395.2,966.6,372.3,959.9,383.75,0,2,966.6,372.3
145,4809,5419013,953.1,395.5,966.6,372.1,959.85,383.8,0,2,966.6,372.1
145,4810,5419014,953.2,395.7,966.5,371.8,959.85,383.75,0,2,966.5,371.8
145,4811,5419015,953.4,395.8,966.4,371.6,959.9,383.7,0,2,966.4,371.6
145,4812,5419016,953.7,395.8,966.3,371.4,960.0,383.6,0,2,966.3,371.4
145,4813,5419017,953.9,395.0,965.9,371.2,959.9,383.1,0,2,965.9,371.2
145,4814,5419018,954.2,394.3,965.5,371.1,959.85,382.7,0,2,965.5,371.1
145,4815,5419019,954.5,393.5,965.1,371.2,959.8,382.35,0,2,965.1,371.2
145,4816,5419020,954.7,392.6,964.8,371.4,959.75,382.0,0,2,964.8,371.4
145,4817,5419021,954.8,392.0,964.5,371.7,959.65,381.85,0,2,964.5,371.7
145,4818,5419022,954.8,391.5,964.1,371.9,959.45,381.7,0,2,964.1,371.9
145,4819,5419023,954.8,391.2,963.8,372.1,959.3,381.65,0,2,963.8,372.1
145,4820,5419024,954.8,391.8,963.6,372.1,959.2,381.95,0,2,963.6,372.1
145,4821,5419025,954.9,392.5,963.4,372.1,959.15,382.3,0,2,963.4,372.1
145,4822,5419026,955.0,393.1,963.1,372.1,959.05,382.6,0,2,963.1,372.1
145,4823,5419027,955.1,393.7,962.8,372.1,958.95,382.9,0,2,962.8,372.1
145,4824,5419028,955.1,394.2,962.4,372.2,958.75,383.2,0,2,962.4,372.2
145,4825,5419029,955.0,394.7,962.0,372.3,958.5,383.5,0,2,962.0,372.3
145,4826,5419030,954.9,395.0,961.7,372.5,958.3,383.75,0,2,961.7,372.5
145,4827,5419031,954.9,395.1,961.6,372.8,958.25,383.95,0,2,961.6,372.8
145,4828,5419032,954.7,395.2,961.5,373.1,958.1,384.15,0,2,961.5,373.1
145,4829,5419033,954.6,395.2,961.6,373.3,958.1,384.25,0,2,961.6,373.3
145,4830,5419034,954.5,395.2,961.7,373.3,958.1,384.25,0,2,961.7,373.3
145,4831,5419035,954.5,395.1,961.8,373.2,958.15,384.15,0,2,961.8,373.2
145,4832,5419036,954.6,395.0,961.9,373.0,958.25,384.0,0,2,961.9,373.0
145,4833,5419037,954.7,395.0,962.1,372.7,958.4,383.85,0,2,962.1,372.7
146,4834,5419038,954.7,394.9,962.3,372.4,958.5,383.65,0,2,962.3,372.4
146,4835,5419039,954.8,394.8,962.7,372.1,958.75,383.45,0,2,962.7,372.1
146,4836,5419040,954.8,394.4,962.9,371.8,958.85,383.1,0,2,962.9,371.8
146,4837,5419041,954.7,394.1,963.1,371.4,958.9,382.75,0,2,963.1,371.4
146,4838,5419042,954.6,393.8,963.2,371.0,958.9,382.4,0,2,963.2,371.0
146,4839,5419043,954.5,393.6,963.3,370.8,958.9,382.2,0,2,963.3,370.8
146,4840,5419044,954.4,393.4,963.4,370.6,958.9,382.0,0,2,963.4,370.6
146,4841,5419045,954.2,393.4,963.5,369.8,958.85,381.6,0,2,963.5,369.8
146,4842,5419046,953.9,393.6,963.5,369.0,958.7,381.3,0,2,963.5,369.0
146,4843,5419047,953.6,393.9,963.7,368.3,958.65,381.1,0,2,963.7,368.3
146,4844,5419048,953.5,394.3,964.0,367.7,958.75,381.0,0,2,964.0,367.7
146,4845,5419049,953.5,394.7,964.3,367.2,958.9,380.95,0,2,964.3,367.2
146,4846,5419050,953.5,394.9,964.5,366.9,959.0,380.9,0,2,964.5,366.9
146,4847,5419051,953.5,395.1,964.7,366.7,959.1,380.9,0,2,964.7,366.7
146,4848,5419052,953.6,395.1,965.0,367.1,959.3,381.1,0,2,965.0,367.1
146,4849,5419053,953.9,395.1,965.4,367.5,959.65,381.3,0,2,965.4,367.5
146,4850,5419054,954.3,395.0,966.0,368.0,960.15,381.5,0,2,966.0,368.0
146,4851,5419055,954.5,394.9,966.6,368.3,960.55,381.6,0,2,966.6,368.3
146,4852,5419056,954.8,394.9,967.2,368.5,961.0,381.7,0,2,967.2,368.5
146,4853,5419057,955.0,394.9,967.9,368.3,961.45,381.6,0,2,967.9,368.3
146,4854,5419058,955.3,394.9,968.4,368.0,961.85,381.45,0,2,968.4,368.0
146,4855,5419059,955.5,395.0,968.7,367.7,962.1,381.35,0,2,968.7,367.7
146,4856,5419060,955.5,395.2,968.8,367.3,962.15,381.25,0,2,968.8,367.3
146,4857,5419061,955.6,395.3,968.6,367.0,962.1,381.15,0,2,968.6,367.0
146,4858,5419062,955.7,395.4,968.4,366.7,962.05,381.05,0,2,968.4,366.7
146,4859,5419063,955.8,395.5,968.4,366.6,962.1,381.05,0,2,968.4,366.6
146,4860,5419064,956.3,395.5,968.4,366.6,962.35,381.05,0,2,968.4,366.6
146,4861,5419065,956.7,395.6,968.4,366.8,962.55,381.2,0,2,968.4,366.8
146,4862,5419066,957.2,395.6,968.7,367.1,962.95,381.35,0,2,968.7,367.1
146,4863,5419067,957.5,395.7,969.0,367.4,963.25,381.55,0,2,969.0,367.4
146,4864,5419068,957.9,395.7,969.3,367.7,963.6,381.7,0,2,969.3,367.7
146,4865,5419069,958.3,395.8,969.6,368.0,963.95,381.9,0,2,969.6,368.0
146,4866,5419070,958.7,395.9,969.7,368.1,964.2,382.0,0,2,969.7,368.1
147,4867,5419071,958.6,396.0,969.6,368.1,964.1,382.05,0,2,969.6,368.1
147,4868,5419072,958.6,396.0,968.8,368.0,963.7,382.0,0,2,968.8,368.0
147,4869,5419073,958.5,395.9,968.0,367.8,963.25,381.85,0,2,968.0,367.8
147,4870,5419074,958.5,395.2,967.1,367.5,962.8,381.35,0,2,967.1,367.5
147,4871,5419075,958.3,394.5,966.2,367.2,962.25,380.85,0,2,966.2,367.2
147,4872,5419076,958.2,393.9,965.2,367.0,961.7,380.45,0,2,965.2,367.0
147,4873,5419077,958.1,393.3,964.3,366.7,961.2,380.0,0,2,964.3,366.7
147,4874,5419078,958.0,392.7,963.7,366.4,960.85,379.55,0,2,963.7,366.4
147,4875,5419079,958.2,392.1,963.5,366.1,960.85,379.1,0,2,963.5,366.1
147,4876,5419080,958.6,391.7,963.3,365.7,960.95,378.7,0,2,963.3,365.7
147,4877,5419081,959.2,392.0,963.1,365.2,961.15,378.6,0,2,963.1,365.2
147,4878,5419082,959.9,392.6,962.9,364.7,961.4,378.65,0,2,962.9,364.7
147,4879,5419083,960.8,393.2,962.8,364.1,961.8,378.65,0,2,962.8,364.1
147,4880,5419084,961.7,393.5,962.6,363.7,962.15,378.6,0,2,962.6,363.7
147,4881,5419085,962.5,393.9,962.4,363.4,962.45,378.65,0,2,962.4,363.4
147,4882,5419086,963.1,394.2,962.2,363.0,962.65,378.6,0,2,962.2,363.0
147,4883,5419087,963.5,394.5,962.1,362.7,962.8,378.6,0,2,962.1,362.7
147,4884,5419088,963.8,394.7,962.0,362.6,962.9,378.65,0,2,962.0,362.6
147,4885,5419089,964.0,394.6,961.9,362.6,962.95,378.6,0,2,961.9,362.6
147,4886,5419090,964.0,394.7,961.8,362.5,962.9,378.6,0,2,961.8,362.5
147,4887,5419091,964.0,394.9,961.7,362.5,962.85,378.7,0,2,961.7,362.5
147,4888,5419092,964.0,395.1,961.7,362.5,962.85,378.8,0,2,961.7,362.5
147,4889,5419093,964.1,395.4,961.8,362.8,962.95,379.1,0,2,961.8,362.8
147,4890,5419094,964.2,395.6,961.8,363.3,963.0,379.45,0,2,961.8,363.3
147,4891,5419095,964.2,395.7,961.9,363.8,963.05,379.75,0,2,961.9,363.8
147,4892,5419096,964.2,395.7,962.1,364.2,963.15,379.95,0,2,962.1,364.2
147,4893,5419097,964.3,395.6,962.3,364.6,963.3,380.1,0,2,962.3,364.6
147,4894,5419098,964.2,395.1,962.5,364.9,963.35,380.0,0,2,962.5,364.9
147,4895,5419099,964.2,394.7,962.7,365.0,963.45,379.85,0,2,962.7,365.0
147,4896,5419100,964.1,394.4,962.7,365.0,963.4,379.7,0,2,962.7,365.0
147,4897,5419101,963.8,394.4,962.5,364.8,963.15,379.6,0,2,962.5,364.8
147,4898,5419102,963.4,394.7,962.4,364.6,962.9,379.65,0,2,962.4,364.6
147,4899,5419103,963.0,394.8,961.9,364.4,962.45,379.6,0,2,961.9,364.4
147,4900,5419104,962.7,395.0,961.5,364.4,962.1,379.7,0,2,961.5,364.4
148,4901,5419105,962.4,395.5,961.0,364.5,961.7,380.0,0,2,961.0,364.5
148,4902,5419106,962.1,396.0,960.6,364.7,961.35,380.35,0,2,960.6,364.7
148,4903,5419107,961.8,396.4,960.1,365.3,960.95,380.85,0,2,960.1,365.3
148,4904,5419108,961.9,396.5,959.9,365.9,960.9,381.2,0,2,959.9,365.9
148,4905,5419109,961.8,396.6,959.9,366.5,960.85,381.55,0,2,959.9,366.5
148,4906,5419110,961.6,396.7,960.0,367.1,960.8,381.9,0,2,960.0,367.1
148,4907,5419111,961.3,396.4,960.0,367.6,960.65,382.0,0,2,960.0,367.6
148,4908,5419112,961.0,396.2,959.9,368.2,960.45,382.2,0,2,959.9,368.2
148,4909,5419113,960.6,395.9,959.8,368.7,960.2,382.3,0,2,959.8,368.7
148,4910,5419114,960.2,395.7,959.8,368.7,960.0,382.2,0,2,959.8,368.7
148,4911,5419115,959.6,395.5,959.8,368.0,959.7,381.75,0,2,959.8,368.0
148,4912,5419116,959.0,395.4,959.7,367.3,959.35,381.35,0,2,959.7,367.3
148,4913,5419117,958.5,395.3,959.5,366.6,959.0,380.95,0,2,959.5,366.6
148,4914,5419118,957.8,395.7,959.4,365.9,958.6,380.8,0,2,959.4,365.9
148,4915,5419119,957.2,396.0,959.5,365.1,958.35,380.55,0,2,959.5,365.1
148,4916,5419120,956.6,396.3,959.5,364.6,958.05,380.45,0,2,959.5,364.6
148,4917,5419121,956.0,396.6,959.6,364.1,957.8,380.35,0,2,959.6,364.1
148,4918,5419122,955.6,396.9,959.5,364.3,957.55,380.6,0,2,959.5,364.3
148,4919,5419123,955.5,397.1,959.4,364.5,957.45,380.8,0,2,959.4,364.5
148,4920,5419124,955.8,397.2,959.3,364.9,957.55,381.05,0,2,959.3,364.9
148,4921,5419125,956.3,397.3,959.1,365.5,957.7,381.4,0,2,959.1,365.5
148,4922,5419126,956.7,397.5,958.8,366.1,957.75,381.8,0,2,958.8,366.1
148,4923,5419127,956.9,397.4,958.6,366.6,957.75,382.0,0,2,958.6,366.6
148,4924,5419128,957.2,397.2,958.4,367.0,957.8,382.1,0,2,958.4,367.0
148,4925,5419129,957.1,397.1,958.3,367.6,957.7,382.35,0,2,958.3,367.6
148,4926,5419130,956.6,397.1,958.2,368.1,957.4,382.6,0,2,958.2,368.1
148,4927,5419131,955.8,397.2,958.2,368.7,957.0,382.95,0,2,958.2,368.7
148,4928,5419132,954.8,397.7,958.2,369.0,956.5,383.35,0,2,958.2,369.0
148,4929,5419133,954.0,398.3,958.4,369.4,956.2,383.85,0,2,958.4,369.4
148,4930,5419134,953.4,398.9,958.6,369.7,956.0,384.3,0,2,958.6,369.7
148,4931,5419135,953.1,399.6,958.8,370.0,955.95,384.8,0,2,958.8,370.0
148,4932,5419136,953.1,400.2,959.0,370.2,956.05,385.2,0,2,959.0,370.2
148,4933,5419137,953.2,400.6,959.3,370.3,956.25,385.45,0,2,959.3,370.3
149,4934,5419138,953.4,400.8,959.6,369.8,956.5,385.3,0,2,959.6,369.8
149,4935,5419139,953.5,400.5,960.0,369.5,956.75,385.0,0,2,960.0,369.5
149,4936,5419140,953.6,400.3,960.5,369.3,957.05,384.8,0,2,960.5,369.3
149,4937,5419141,953.7,400.0,960.9,369.1,957.3,384.55,0,2,960.9,369.1
149,4938,5419142,953.4,399.8,961.2,368.9,957.3,384.35,0,2,961.2,368.9
149,4939,5419143,953.1,399.7,961.6,368.8,957.35,384.25,0,2,961.6,368.8
149,4940,5419144,952.9,399.8,962.0,368.4,957.45,384.1,0,2,962.0,368.4
149,4941,5419145,952.7,399.9,962.4,368.2,957.55,384.05,0,2,962.4,368.2
149,4942,5419146,952.8,400.0,962.6,367.9,957.7,383.95,0,2,962.6,367.9
149,4943,5419147,952.9,400.0,962.8,367.6,957.85,383.8,0,2,962.8,367.6
149,4944,5419148,953.0,400.0,963.0,367.3,958.0,383.65,0,2,963.0,367.3
149,4945,5419149,953.2,399.9,963.2,367.0,958.2,383.45,0,2,963.2,367.0
149,4946,5419150,953.5,399.9,963.3,366.7,958.4,383.3,0,2,963.3,366.7
149,4947,5419151,953.8,399.7,963.3,366.9,958.55,383.3,0,2,963.3,366.9
149,4948,5419152,954.2,399.6,963.7,366.8,958.95,383.2,0,2,963.7,366.8
149,4949,5419153,954.4,399.6,964.1,366.7,959.25,383.15,0,2,964.1,366.7
149,4950,5419154,954.9,399.8,964.5,366.5,959.7,383.15,0,2,964.5,366.5
149,4951,5419155,955.3,400.2,965.1,366.3,960.2,383.25,0,2,965.1,366.3
149,4952,5419156,955.7,400.5,965.7,366.4,960.7,383.45,0,2,965.7,366.4
149,4953,5419157,956.1,400.8,966.2,366.5,961.15,383.65,0,2,966.2,366.5
149,4954,5419158,956.5,400.7,966.8,366.6,961.65,383.65,0,2,966.8,366.6
149,4955,5419159,956.7,400.4,966.9,367.0,961.8,383.7,0,2,966.9,367.0
149,4956,5419160,956.9,400.2,966.9,367.4,961.9,383.8,0,2,966.9,367.4
149,4957,5419161,956.9,399.8,967.0,367.7,961.95,383.75,0,2,967.0,367.7
149,4958,5419162,956.8,399.3,966.8,368.1,961.8,383.7,0,2,966.8,368.1
149,4959,5419163,956.7,399.0,966.7,368.3,961.7,383.65,0,2,966.7,368.3
149,4960,5419164,956.7,398.9,966.6,368.2,961.65,383.55,0,2,966.6,368.2
149,4961,5419165,956.6,399.2,966.5,368.1,961.55,383.65,0,2,966.5,368.1
149,4962,5419166,956.6,399.5,966.5,368.1,961.55,383.8,0,2,966.5,368.1
149,4963,5419167,956.7,399.7,966.4,368.0,961.55,383.85,0,2,966.4,368.0
149,4964,5419168,956.8,399.9,966.3,368.0,961.55,383.95,0,2,966.3,368.0
149,4965,5419169,957.1,400.0,966.3,367.9,961.7,383.95,0,2,966.3,367.9
149,4966,5419170,957.4,400.0,966.2,367.9,961.8,383.95,0,2,966.2,367.9
150,4967,5419171,957.8,399.9,965.9,368.1,961.85,384.0,0,2,965.9,368.1
150,4968,5419172,958.2,399.8,965.6,368.2,961.9,384.0,0,2,965.6,368.2
150,4969,5419173,958.5,399.7,965.4,368.4,961.95,384.05,0,2,965.4,368.4
150,4970,5419174,958.8,399.8,965.1,368.5,961.95,384.15,0,2,965.1,368.5
150,4971,5419175,959.0,399.9,964.8,368.8,961.9,384.35,0,2,964.8,368.8
150,4972,5419176,959.0,400.1,964.4,369.1,961.7,384.6,0,2,964.4,369.1
150,4973,5419177,958.9,400.7,963.9,369.5,961.4,385.1,0,2,963.9,369.5
150,4974,5419178,958.9,401.4,963.6,369.7,961.25,385.55,0,2,963.6,369.7
150,4975,5419179,958.8,402.1,963.3,369.9,961.05,386.0,0,2,963.3,369.9
150,4976,5419180,958.7,402.8,962.9,369.8,960.8,386.3,0,2,962.9,369.8
150,4977,5419181,958.7,403.4,962.5,369.7,960.6,386.55,0,2,962.5,369.7
150,4978,5419182,958.6,403.9,961.8,369.3,960.2,386.6,0,2,961.8,369.3
150,4979,5419183,958.7,404.5,961.1,368.9,959.9,386.7,0,2,961.1,368.9
150,4980,5419184,958.7,404.5,960.6,368.8,959.65,386.65,0,2,960.6,368.8
150,4981,5419185,958.9,404.5,960.1,368.7,959.5,386.6,0,2,960.1,368.7
150,4982,5419186,959.0,404.5,959.5,368.7,959.25,386.6,0,2,959.5,368.7
150,4983,5419187,959.2,404.5,958.9,369.0,959.05,386.75,0,2,958.9,369.0
150,4984,5419188,959.3,404.6,958.2,369.2,958.75,386.9,0,2,958.2,369.2
150,4985,5419189,959.5,404.8,958.0,369.5,958.75,387.15,0,2,958.0,369.5
150,4986,5419190,959.6,405.0,957.8,369.7,958.7,387.35,0,2,957.8,369.7
150,4987,5419191,959.8,405.2,957.7,369.7,958.75,387.45,0,2,957.7,369.7
150,4988,5419192,959.8,405.4,957.8,369.6,958.8,387.5,0,2,957.8,369.6
150,4989,5419193,959.9,405.6,957.9,369.6,958.9,387.6,0,2,957.9,369.6
150,4990,5419194,959.9,405.8,958.3,369.6,959.1,387.7,0,2,958.3,369.6
150,4991,5419195,960.0,405.9,958.6,369.6,959.3,387.75,0,2,958.6,369.6
150,4992,5419196,960.0,406.1,958.8,369.6,959.4,387.85,0,2,958.8,369.6
150,4993,5419197,960.2,406.2,958.9,369.6,959.55,387.9,0,2,958.9,369.6
150,4994,5419198,960.3,406.3,958.9,369.4,959.6,387.85,0,2,958.9,369.4
150,4995,5419199,960.4,406.4,958.8,368.9,959.6,387.65,0,2,958.8,368.9
150,4996,5419200,960.5,406.6,958.8,368.4,959.65,387.5,0,2,958.8,368.4
150,4997,5419201,960.6,406.7,958.6,367.8,959.6,387.25,0,2,958.6,367.8
150,4998,5419202,960.6,407.0,958.5,367.3,959.55,387.15,0,2,958.5,367.3
150,4999,5419203,960.6,407.3,958.3,366.6,959.45,386.95,0,2,958.3,366.6
150,5000,5419204,960.5,407.5,958.2,365.9,959.35,386.7,0,2,958.2,365.9
151,5001,5419205,960.4,407.9,958.1,365.4,959.25,386.65,0,2,958.1,365.4
151,5002,5419206,960.1,408.3,958.0,365.0,959.05,386.65,0,2,958.0,365.0
151,5003,5419207,959.9,408.7,957.9,364.6,958.9,386.65,0,2,957.9,364.6
151,5004,5419208,959.7,409.1,957.9,364.1,958.8,386.6,0,2,957.9,364.1
151,5005,5419209,959.5,409.3,957.9,363.6,958.7,386.45,0,2,957.9,363.6
151,5006,5419210,959.3,409.3,958.0,363.1,958.65,386.2,0,2,958.0,363.1
151,5007,5419211,959.1,409.3,958.1,362.7,958.6,386.0,0,2,958.1,362.7
151,5008,5419212,959.0,409.1,958.3,362.3,958.65,385.7,0,2,958.3,362.3
151,5009,5419213,959.1,409.0,958.3,362.3,958.7,385.65,0,2,958.3,362.3
151,5010,5419214,959.7,408.8,958.2,362.3,958.95,385.55,0,2,958.2,362.3
151,5011,5419215,960.3,408.8,958.2,362.5,959.25,385.65,0,2,958.2,362.5
151,5012,5419216,960.9,408.9,958.2,362.3,959.55,385.6,0,2,958.2,362.3
151,5013,5419217,961.4,409.1,958.2,362.1,959.8,385.6,0,2,958.2,362.1
151,5014,5419218,961.7,409.5,958.6,361.6,960.15,385.55,0,2,958.6,361.6
151,5015,5419219,962.0,409.8,959.0,361.2,960.5,385.5,0,2,959.0,361.2
151,5016,5419220,962.1,410.1,959.3,360.6,960.7,385.35,0,2,959.3,360.6
151,5017,5419221,961.8,410.3,959.7,359.9,960.75,385.1,0,2,959.7,359.9
151,5018,5419222,961.5,410.4,960.1,358.7,960.8,384.55,0,2,960.1,358.7
151,5019,5419223,961.2,410.2,960.4,357.8,960.8,384.0,0,2,960.4,357.8
151,5020,5419224,961.0,410.1,960.6,356.9,960.8,383.5,0,2,960.6,356.9
151,5021,5419225,961.0,410.1,960.8,356.4,960.9,383.25,0,2,960.8,356.4
151,5022,5419226,960.9,410.4,960.9,355.9,960.9,383.15,0,2,960.9,355.9
151,5023,5419227,960.9,410.8,961.1,355.4,961.0,383.1,0,2,961.1,355.4
151,5024,5419228,961.0,411.4,961.4,354.9,961.2,383.15,0,2,961.4,354.9
151,5025,5419229,961.0,412.1,961.7,355.1,961.35,383.6,0,2,961.7,355.1
151,5026,5419230,961.0,412.8,962.1,355.1,961.55,383.95,0,2,962.1,355.1
151,5027,5419231,961.1,413.4,962.5,355.1,961.8,384.25,0,2,962.5,355.1
151,5028,5419232,961.1,413.9,962.7,354.8,961.9,384.35,0,2,962.7,354.8
151,5029,5419233,961.1,414.0,962.8,354.5,961.95,384.25,0,2,962.8,354.5
151,5030,5419234,961.1,414.2,963.1,354.2,962.1,384.2,0,2,963.1,354.2
151,5031,5419235,961.1,414.2,963.2,354.0,962.15,384.1,0,2,963.2,354.0
151,5032,5419236,961.1,414.2,963.3,353.6,962.2,383.9,0,2,963.3,353.6
151,5033,5419237,961.0,414.0,963.4,353.4,962.2,383.7,0,2,963.4,353.4
152,5034,5419238,961.0,413.8,963.3,353.3,962.15,383.55,0,2,963.3,353.3
152,5035,5419239,960.8,413.4,963.2,353.3,962.0,383.35,0,2,963.2,353.3
152,5036,5419240,960.4,413.0,963.0,353.3,961.7,383.15,0,2,963.0,353.3
152,5037,5419241,959.3,412.7,962.2,353.3,960.75,383.0,0,2,962.2,353.3
152,5038,5419242,957.8,412.5,960.6,353.4,959.2,382.95,0,2,960.6,353.4
152,5039,5419243,955.0,412.5,958.2,353.5,956.6,383.0,0,2,958.2,353.5
152,5040,5419244,951.0,412.8,955.7,353.6,953.35,383.2,0,2,955.7,353.6
152,5041,5419245,945.0,413.3,951.7,353.3,948.35,383.3,0,2,951.7,353.3
152,5042,5419246,938.1,414.0,946.1,353.2,942.1,383.6,0,2,946.1,353.2
152,5043,5419247,928.4,415.0,938.8,353.1,933.6,384.05,0,2,938.8,353.1
152,5044,5419248,917.5,416.1,930.1,353.4,923.8,384.75,0,2,930.1,353.4
152,5045,5419249,904.4,417.1,919.2,353.7,911.8,385.4,0,2,919.2,353.7
152,5046,5419250,889.4,418.2,907.5,354.0,898.45,386.1,0,2,907.5,354.0
152,5047,5419251,873.1,419.3,893.5,354.4,883.3,386.85,0,2,893.5,354.4
152,5048,5419252,856.3,420.3,878.5,355.3,867.4,387.8,0,2,878.5,355.3
152,5049,5419253,837.5,421.3,861.6,356.1,849.55,388.7,0,2,861.6,356.1
152,5050,5419254,819.8,422.2,843.3,356.8,831.55,389.5,0,2,843.3,356.8
152,5051,5419255,801.3,423.1,825.2,358.9,813.25,391.0,0,2,825.2,358.9
152,5052,5419256,782.1,423.8,807.8,361.4,794.95,392.6,0,2,807.8,361.4
152,5053,5419257,763.8,424.4,790.7,363.8,777.25,394.1,0,2,790.7,363.8
152,5054,5419258,746.2,424.9,771.9,366.8,759.05,395.85,0,2,771.9,366.8
152,5055,5419259,728.7,426.6,752.4,371.8,740.55,399.2,0,2,752.4,371.8
152,5056,5419260,711.7,428.2,735.4,376.6,723.55,402.4,0,2,735.4,376.6
152,5057,5419261,694.7,429.7,719.2,381.5,706.95,405.6,0,2,719.2,381.5
152,5058,5419262,679.0,432.6,703.1,386.8,691.05,409.7,0,2,703.1,386.8
152,5059,5419263,665.2,436.0,688.2,391.7,676.7,413.85,0,2,688.2,391.7
152,5060,5419264,653.0,439.7,672.1,396.6,662.55,418.15,0,2,672.1,396.6
152,5061,5419265,641.4,443.2,658.1,402.8,649.75,423.0,0,2,658.1,402.8
152,5062,5419266,630.7,445.6,647.3,407.0,639.0,426.3,0,2,647.3,407.0
152,5063,5419267,622.6,448.7,636.3,411.4,629.45,430.05,0,2,636.3,411.4
152,5064,5419268,615.8,451.8,626.8,417.5,621.3,434.65,0,2,626.8,417.5
152,5065,5419269,610.3,454.2,618.6,421.7,614.45,437.95,0,2,618.6,421.7
152,5066,5419270,605.8,456.5,611.4,425.9,608.6,441.2,0,2,611.4,425.9
153,5067,5419271,600.7,458.8,605.8,430.4,603.25,444.6,0,2,605.8,430.4
153,5068,5419272,595.7,461.0,601.4,433.1,598.55,447.05,0,2,601.4,433.1
153,5069,5419273,591.9,463.3,595.4,436.5,593.65,449.9,0,2,595.4,436.5
153,5070,5419274,586.7,464.7,589.0,439.6,587.85,452.15,0,2,589.0,439.6
153,5071,5419275,580.8,466.2,583.2,441.0,582.0,453.6,0,2,583.2,441.0
153,5072,5419276,574.9,467.0,577.4,442.6,576.15,454.8,0,2,577.4,442.6
153,5073,5419277,568.7,467.2,570.5,444.1,569.6,455.65,0,2,570.5,444.1
153,5074,5419278,563.6,467.2,563.9,445.3,563.75,456.25,0,2,563.9,445.3
153,5075,5419279,559.5,467.2,558.0,446.6,558.75,456.9,0,2,558.0,446.6
153,5076,5419280,555.8,467.4,553.9,447.4,554.85,457.4,0,2,553.9,447.4
153,5077,5419281,553.5,468.4,551.6,448.8,552.55,458.6,0,2,551.6,448.8
153,5078,5419282,552.9,469.4,550.3,450.2,551.6,459.8,0,2,550.3,450.2
153,5079,5419283,552.8,470.5,549.9,451.3,551.35,460.9,0,2,549.9,451.3
153,5080,5419284,554.3,471.5,551.3,452.4,552.8,461.95,0,2,551.3,452.4
153,5081,5419285,556.9,472.5,554.0,453.6,555.45,463.05,0,2,554.0,453.6
153,5082,5419286,559.6,473.4,557.7,454.6,558.65,464.0,0,2,557.7,454.6
153,5083,5419287,563.1,474.3,561.3,455.4,562.2,464.85,0,2,561.3,455.4
153,5084,5419288,566.5,474.2,564.6,455.6,565.55,464.9,0,2,564.6,455.6
153,5085,5419289,569.5,474.1,567.3,455.8,568.4,464.95,0,2,567.3,455.8
153,5086,5419290,572.2,474.0,569.6,454.6,570.9,464.3,0,2,569.6,454.6
153,5087,5419291,573.9,473.8,571.2,453.3,572.55,463.55,0,2,571.2,453.3
153,5088,5419292,574.4,473.7,572.2,452.1,573.3,462.9,0,2,572.2,452.1
153,5089,5419293,574.8,473.0,572.1,450.8,573.45,461.9,0,2,572.1,450.8
153,5090,5419294,573.7,472.3,571.0,449.5,572.35,460.9,0,2,571.0,449.5
153,5091,5419295,572.6,471.6,568.8,448.2,570.7,459.9,0,2,568.8,448.2
153,5092,5419296,571.5,470.9,566.5,447.0,569.0,458.95,0,2,566.5,447.0
153,5093,5419297,570.3,470.2,564.1,446.9,567.2,458.55,0,2,564.1,446.9
153,5094,5419298,569.0,469.6,561.1,446.9,565.05,458.25,0,2,561.1,446.9
153,5095,5419299,568.1,469.0,558.2,446.8,563.15,457.9,0,2,558.2,446.8
153,5096,5419300,567.3,468.9,555.6,446.8,561.45,457.85,0,2,555.6,446.8
153,5097,5419301,567.0,469.5,553.9,446.8,560.45,458.15,0,2,553.9,446.8
153,5098,5419302,566.8,470.1,553.4,446.9,560.1,458.5,0,2,553.4,446.9
153,5099,5419303,566.6,470.6,553.2,446.5,559.9,458.55,0,2,553.2,446.5
153,5100,5419304,566.9,471.2,553.0,446.1,559.95,458.65,0,2,553.0,446.1
154,5101,5419305,567.2,471.8,553.4,445.7,560.3,458.75,0,2,553.4,445.7
154,5102,5419306,567.5,472.5,553.8,445.4,560.65,458.95,0,2,553.8,445.4
154,5103,5419307,567.9,473.2,554.2,445.1,561.05,459.15,0,2,554.2,445.1
154,5104,5419308,568.3,473.4,554.7,444.9,561.5,459.15,0,2,554.7,444.9
154,5105,5419309,568.6,473.7,555.0,444.7,561.8,459.2,0,2,555.0,444.7
154,5106,5419310,568.7,474.0,555.2,444.9,561.95,459.45,0,2,555.2,444.9
154,5107,5419311,568.4,474.5,555.6,445.0,562.0,459.75,0,2,555.6,445.0
154,5108,5419312,568.0,475.0,556.2,445.2,562.1,460.1,0,2,556.2,445.2
154,5109,5419313,567.6,475.4,556.7,445.3,562.15,460.35,0,2,556.7,445.3
154,5110,5419314,567.2,475.8,557.3,445.3,562.25,460.55,0,2,557.3,445.3
154,5111,5419315,566.7,476.0,557.9,445.3,562.3,460.65,0,2,557.9,445.3
154,5112,5419316,566.3,476.2,558.5,445.3,562.4,460.75,0,2,558.5,445.3
154,5113,5419317,566.0,476.2,558.9,445.3,562.45,460.75,0,2,558.9,445.3
154,5114,5419318,565.9,476.0,559.2,445.4,562.55,460.7,0,2,559.2,445.4
154,5115,5419319,565.9,475.8,559.3,445.3,562.6,460.55,0,2,559.3,445.3
154,5116,5419320,565.8,475.5,559.4,445.3,562.6,460.4,0,2,559.4,445.3
154,5117,5419321,565.8,475.3,559.5,445.3,562.65,460.3,0,2,559.5,445.3
154,5118,5419322,565.9,475.2,559.4,445.4,562.65,460.3,0,2,559.4,445.4
154,5119,5419323,566.2,475.2,559.4,445.5,562.8,460.35,0,2,559.4,445.5
154,5120,5419324,566.4,475.3,559.3,445.8,562.85,460.55,0,2,559.3,445.8
154,5121,5419325,566.6,475.7,559.1,446.2,562.85,460.95,0,2,559.1,446.2
154,5122,5419326,566.8,476.1,559.0,446.6,562.9,461.35,0,2,559.0,446.6
154,5123,5419327,566.9,476.5,558.8,446.9,562.85,461.7,0,2,558.8,446.9
154,5124,5419328,566.9,476.9,558.7,447.0,562.8,461.95,0,2,558.7,447.0
154,5125,5419329,567.0,477.2,558.7,446.4,562.85,461.8,0,2,558.7,446.4
154,5126,5419330,567.0,477.4,558.6,445.8,562.8,461.6,0,2,558.6,445.8
154,5127,5419331,567.0,477.5,558.6,444.8,562.8,461.15,0,2,558.6,444.8
154,5128,5419332,566.9,477.3,558.7,443.9,562.8,460.6,0,2,558.7,443.9
154,5129,5419333,566.9,477.1,558.7,443.0,562.8,460.05,0,2,558.7,443.0
154,5130,5419334,566.9,477.0,558.9,442.1,562.9,459.55,0,2,558.9,442.1
154,5131,5419335,567.1,477.1,559.1,441.3,563.1,459.2,0,2,559.1,441.3
154,5132,5419336,567.3,477.7,559.5,441.1,563.4,459.4,0,2,559.5,441.1
154,5133,5419337,567.5,478.5,559.9,440.8,563.7,459.65,0,2,559.9,440.8
155,5134,5419338,567.5,479.2,560.4,440.6,563.95,459.9,0,2,560.4,440.6
155,5135,5419339,567.4,479.9,560.8,440.9,564.1,460.4,0,2,560.8,440.9
155,5136,5419340,567.4,480.7,561.3,441.3,564.35,461.0,0,2,561.3,441.3
155,5137,5419341,567.3,481.2,561.6,441.7,564.45,461.45,0,2,561.6,441.7
155,5138,5419342,567.1,481.7,561.9,441.9,564.5,461.8,0,2,561.9,441.9
155,5139,5419343,566.8,481.6,561.9,442.3,564.35,461.95,0,2,561.9,442.3
155,5140,5419344,566.5,481.4,561.9,442.1,564.2,461.75,0,2,561.9,442.1
155,5141,5419345,566.3,481.1,562.0,441.7,564.15,461.4,0,2,562.0,441.7
155,5142,5419346,566.2,480.8,562.0,440.7,564.1,460.75,0,2,562.0,440.7
155,5143,5419347,566.2,480.5,561.9,439.7,564.05,460.1,0,2,561.9,439.7
155,5144,5419348,566.1,480.5,561.5,438.2,563.8,459.35,0,2,561.5,438.2
155,5145,5419349,566.1,480.9,561.2,436.8,563.65,458.85,0,2,561.2,436.8
155,5146,5419350,566.0,481.2,560.8,435.5,563.4,458.35,0,2,560.8,435.5
155,5147,5419351,565.9,481.7,560.4,434.8,563.15,458.25,0,2,560.4,434.8
155,5148,5419352,565.9,482.3,559.9,434.6,562.9,458.45,0,2,559.9,434.6
155,5149,5419353,565.9,482.7,559.5,435.2,562.7,458.95,0,2,559.5,435.2
155,5150,5419354,566.0,483.1,559.1,435.7,562.55,459.4,0,2,559.1,435.7
155,5151,5419355,566.1,483.2,559.0,436.5,562.55,459.85,0,2,559.0,436.5
155,5152,5419356,566.3,482.9,558.9,437.3,562.6,460.1,0,2,558.9,437.3
155,5153,5419357,567.0,482.7,558.8,438.2,562.9,460.45,0,2,558.8,438.2
155,5154,5419358,567.7,482.4,558.6,438.8,563.15,460.6,0,2,558.6,438.8
155,5155,5419359,568.3,482.2,558.5,439.1,563.4,460.65,0,2,558.5,439.1
155,5156,5419360,568.8,482.0,558.5,438.6,563.65,460.3,0,2,558.5,438.6
155,5157,5419361,569.1,482.0,558.5,438.3,563.8,460.15,0,2,558.5,438.3
155,5158,5419362,569.3,482.0,558.5,438.1,563.9,460.05,0,2,558.5,438.1
155,5159,5419363,569.5,482.0,558.5,438.0,564.0,460.0,0,2,558.5,438.0
155,5160,5419364,569.2,482.1,558.7,437.8,563.95,459.95,0,2,558.7,437.8
155,5161,5419365,568.9,482.1,558.9,437.9,563.9,460.0,0,2,558.9,437.9
155,5162,5419366,568.7,482.2,559.1,438.0,563.9,460.1,0,2,559.1,438.0
155,5163,5419367,568.9,482.3,559.2,438.7,564.05,460.5,0,2,559.2,438.7
155,5164,5419368,569.4,482.3,559.4,439.3,564.4,460.8,0,2,559.4,439.3
155,5165,5419369,570.0,482.4,559.6,440.0,564.8,461.2,0,2,559.6,440.0
155,5166,5419370,570.6,482.4,559.8,440.7,565.2,461.55,0,2,559.8,440.7
156,5167,5419371,571.2,482.2,560.1,441.6,565.65,461.9,0,2,560.1,441.6
156,5168,5419372,571.9,482.0,560.3,442.6,566.1,462.3,0,2,560.3,442.6
156,5169,5419373,572.7,481.6,560.6,443.6,566.65,462.6,0,2,560.6,443.6
156,5170,5419374,573.1,481.0,560.9,443.9,567.0,462.45,0,2,560.9,443.9
156,5171,5419375,573.4,480.5,561.2,444.2,567.3,462.35,0,2,561.2,444.2
156,5172,5419376,573.6,480.2,561.4,444.5,567.5,462.35,0,2,561.4,444.5
156,5173,5419377,573.8,480.0,562.1,444.7,567.95,462.35,0,2,562.1,444.7
156,5174,5419378,574.0,479.8,562.6,444.8,568.3,462.3,0,2,562.6,444.8
156,5175,5419379,574.2,479.8,563.1,444.7,568.65,462.25,0,2,563.1,444.7
156,5176,5419380,574.3,479.9,564.0,444.7,569.15,462.3,0,2,564.0,444.7
156,5177,5419381,574.5,480.3,564.8,444.9,569.65,462.6,0,2,564.8,444.9
156,5178,5419382,574.6,480.5,565.6,445.2,570.1,462.85,0,2,565.6,445.2
156,5179,5419383,574.7,480.6,566.3,445.5,570.5,463.05,0,2,566.3,445.5
156,5180,5419384,574.9,480.8,566.5,445.9,570.7,463.35,0,2,566.5,445.9
156,5181,5419385,574.9,480.9,566.8,446.4,570.85,463.65,0,2,566.8,446.4
156,5182,5419386,574.9,481.0,567.1,446.8,571.0,463.9,0,2,567.1,446.8
156,5183,5419387,574.9,481.1,567.1,447.1,571.0,464.1,0,2,567.1,447.1
156,5184,5419388,574.8,481.1,567.0,447.3,570.9,464.2,0,2,567.0,447.3
156,5185,5419389,574.6,481.1,566.9,447.5,570.75,464.3,0,2,566.9,447.5
156,5186,5419390,574.4,480.9,566.9,447.4,570.65,464.15,0,2,566.9,447.4
156,5187,5419391,574.1,480.6,566.9,447.0,570.5,463.8,0,2,566.9,447.0
156,5188,5419392,573.8,480.2,566.9,446.5,570.35,463.35,0,2,566.9,446.5
156,5189,5419393,573.5,479.8,566.7,446.0,570.1,462.9,0,2,566.7,446.0
156,5190,5419394,573.2,479.5,566.5,445.4,569.85,462.45,0,2,566.5,445.4
156,5191,5419395,573.0,479.1,566.3,444.9,569.65,462.0,0,2,566.3,444.9
156,5192,5419396,572.7,478.7,566.0,444.3,569.35,461.5,0,2,566.0,444.3
156,5193,5419397,572.5,478.5,565.6,443.8,569.05,461.15,0,2,565.6,443.8
156,5194,5419398,572.5,478.5,565.2,443.5,568.85,461.0,0,2,565.2,443.5
156,5195,5419399,572.4,478.4,564.9,443.2,568.65,460.8,0,2,564.9,443.2
156,5196,5419400,572.4,478.4,564.6,443.0,568.5,460.7,0,2,564.6,443.0
156,5197,5419401,572.4,478.3,564.3,442.8,568.35,460.55,0,2,564.3,442.8
156,5198,5419402,572.5,478.3,564.1,442.5,568.3,460.4,0,2,564.1,442.5
156,5199,5419403,572.6,478.3,563.9,442.3,568.25,460.3,0,2,563.9,442.3
156,5200,5419404,572.8,478.3,563.9,442.0,568.35,460.15,0,2,563.9,442.0
157,5201,5419405,573.0,478.3,563.8,441.6,568.4,459.95,0,2,563.8,441.6
157,5202,5419406,573.3,478.4,563.7,441.2,568.5,459.8,0,2,563.7,441.2
157,5203,5419407,573.4,478.4,563.6,440.7,568.5,459.55,0,2,563.6,440.7
157,5204,5419408,573.5,478.2,563.6,440.3,568.55,459.25,0,2,563.6,440.3
157,5205,5419409,573.3,477.9,563.5,439.9,568.4,458.9,0,2,563.5,439.9
157,5206,5419410,573.0,477.6,563.5,439.6,568.25,458.6,0,2,563.5,439.6
157,5207,5419411,572.6,477.3,563.5,439.7,568.05,458.5,0,2,563.5,439.7
157,5208,5419412,572.3,477.0,563.5,440.0,567.9,458.5,0,2,563.5,440.0
157,5209,5419413,572.0,476.7,563.4,440.4,567.7,458.55,0,2,563.4,440.4
157,5210,5419414,571.7,476.4,563.0,440.9,567.35,458.65,0,2,563.0,440.9
157,5211,5419415,571.6,476.1,562.6,441.3,567.1,458.7,0,2,562.6,441.3
157,5212,5419416,571.7,475.9,562.2,441.5,566.95,458.7,0,2,562.2,441.5
157,5213,5419417,572.0,475.7,561.8,441.7,566.9,458.7,0,2,561.8,441.7
157,5214,5419418,572.4,475.5,561.5,441.7,566.95,458.6,0,2,561.5,441.7
157,5215,5419419,572.7,475.3,561.3,441.3,567.0,458.3,0,2,561.3,441.3
157,5216,5419420,572.8,475.2,561.2,440.9,567.0,458.05,0,2,561.2,440.9
157,5217,5419421,573.0,475.1,561.5,440.4,567.25,457.75,0,2,561.5,440.4
157,5218,5419422,573.2,475.2,561.8,439.9,567.5,457.55,0,2,561.8,439.9
157,5219,5419423,573.4,475.4,562.1,439.3,567.75,457.35,0,2,562.1,439.3
157,5220,5419424,573.4,475.5,562.4,438.7,567.9,457.1,0,2,562.4,438.7
157,5221,5419425,573.4,475.9,562.5,438.2,567.95,457.05,0,2,562.5,438.2
157,5222,5419426,573.4,476.2,562.5,437.9,567.95,457.05,0,2,562.5,437.9
157,5223,5419427,573.6,476.6,562.4,437.7,568.0,457.15,0,2,562.4,437.7
157,5224,5419428,573.6,476.8,562.3,437.5,567.95,457.15,0,2,562.3,437.5
157,5225,5419429,573.3,476.9,562.2,437.5,567.75,457.2,0,2,562.2,437.5
157,5226,5419430,573.0,476.9,562.2,437.5,567.6,457.2,0,2,562.2,437.5
157,5227,5419431,572.6,476.9,562.1,437.5,567.35,457.2,0,2,562.1,437.5
157,5228,5419432,572.2,476.7,562.1,437.4,567.15,457.05,0,2,562.1,437.4
157,5229,5419433,571.8,476.5,562.1,437.2,566.95,456.85,0,2,562.1,437.2
157,5230,5419434,571.7,476.6,562.2,436.9,566.95,456.75,0,2,562.2,436.9
157,5231,5419435,571.6,477.5,562.3,436.5,566.95,457.0,0,2,562.3,436.5
157,5232,5419436,571.9,478.5,562.4,436.1,567.15,457.3,0,2,562.4,436.1
157,5233,5419437,572.2,479.5,562.5,435.7,567.35,457.6,0,2,562.5,435.7
158,5234,5419438,572.5,480.5,562.6,435.4,567.55,457.95,0,2,562.6,435.4
158,5235,5419439,572.7,481.4,562.6,435.1,567.65,458.25,0,2,562.6,435.1
158,5236,5419440,572.8,482.1,562.7,434.9,567.75,458.5,0,2,562.7,434.9
158,5237,5419441,572.8,482.6,563.0,434.7,567.9,458.65,0,2,563.0,434.7
158,5238,5419442,573.2,482.5,563.3,434.7,568.25,458.6,0,2,563.3,434.7
158,5239,5419443,573.6,482.3,563.4,434.8,568.5,458.55,0,2,563.4,434.8
158,5240,5419444,573.9,482.2,563.6,434.8,568.75,458.5,0,2,563.6,434.8
158,5241,5419445,574.3,482.1,563.8,434.8,569.05,458.45,0,2,563.8,434.8
158,5242,5419446,574.6,482.1,564.0,434.5,569.3,458.3,0,2,564.0,434.5
158,5243,5419447,574.9,482.1,564.2,434.2,569.55,458.15,0,2,564.2,434.2
158,5244,5419448,575.2,482.1,564.2,433.8,569.7,457.95,0,2,564.2,433.8
158,5245,5419449,575.1,482.3,564.2,433.5,569.65,457.9,0,2,564.2,433.5
158,5246,5419450,575.0,482.4,564.4,433.1,569.7,457.75,0,2,564.4,433.1
158,5247,5419451,574.9,482.6,564.6,433.3,569.75,457.95,0,2,564.6,433.3
158,5248,5419452,575.1,483.0,564.8,433.6,569.95,458.3,0,2,564.8,433.6
158,5249,5419453,575.3,483.4,564.9,434.2,570.1,458.8,0,2,564.9,434.2
158,5250,5419454,575.5,483.8,565.2,434.6,570.35,459.2,0,2,565.2,434.6
158,5251,5419455,575.6,484.2,565.4,434.7,570.5,459.45,0,2,565.4,434.7
158,5252,5419456,575.6,484.5,565.7,434.0,570.65,459.25,0,2,565.7,434.0
158,5253,5419457,575.6,484.7,565.8,433.2,570.7,458.95,0,2,565.8,433.2
158,5254,5419458,575.6,484.9,566.0,431.8,570.8,458.35,0,2,566.0,431.8
158,5255,5419459,575.6,484.8,566.3,430.5,570.95,457.65,0,2,566.3,430.5
158,5256,5419460,575.7,484.7,566.5,429.2,571.1,456.95,0,2,566.5,429.2
158,5257,5419461,575.9,484.4,566.8,428.3,571.35,456.35,0,2,566.8,428.3
158,5258,5419462,576.1,484.1,567.0,427.6,571.55,455.85,0,2,567.0,427.6
158,5259,5419463,576.4,483.8,567.5,427.9,571.95,455.85,0,2,567.5,427.9
158,5260,5419464,576.7,483.6,568.1,428.2,572.4,455.9,0,2,568.1,428.2
158,5261,5419465,576.7,483.3,568.7,428.5,572.7,455.9,0,2,568.7,428.5
158,5262,5419466,576.7,483.2,569.2,428.7,572.95,455.95,0,2,569.2,428.7
158,5263,5419467,576.5,483.2,570.4,429.0,573.45,456.1,0,2,570.4,429.0
158,5264,5419468,576.6,483.6,571.6,429.0,574.1,456.3,0,2,571.6,429.0
158,5265,5419469,576.7,483.7,572.7,429.1,574.7,456.4,0,2,572.7,429.1
158,5266,5419470,576.8,483.6,573.5,429.0,575.15,456.3,0,2,573.5,429.0
159,5267,5419471,577.0,483.6,574.2,428.9,575.6,456.25,0,2,574.2,428.9
159,5268,5419472,577.4,483.6,574.9,428.8,576.15,456.2,0,2,574.9,428.8
159,5269,5419473,577.9,483.9,575.6,428.6,576.75,456.25,0,2,575.6,428.6
159,5270,5419474,578.2,484.0,575.5,428.6,576.85,456.3,0,2,575.5,428.6
159,5271,5419475,578.3,484.0,575.5,428.7,576.9,456.35,0,2,575.5,428.7
159,5272,5419476,578.4,484.8,574.9,429.0,576.65,456.9,0,2,574.9,429.0
159,5273,5419477,578.5,485.7,574.3,429.4,576.4,457.55,0,2,574.3,429.4
159,5274,5419478,578.6,486.6,573.3,429.7,575.95,458.15,0,2,573.3,429.7
159,5275,5419479,578.0,487.5,571.8,430.0,574.9,458.75,0,2,571.8,430.0
159,5276,5419480,577.4,488.1,569.4,430.3,573.4,459.2,0,2,569.4,430.3
159,5277,5419481,574.8,488.9,566.5,430.1,570.65,459.5,0,2,566.5,430.1
159,5278,5419482,571.8,489.8,563.3,429.7,567.55,459.75,0,2,563.3,429.7
159,5279,5419483,568.2,490.1,559.8,429.1,564.0,459.6,0,2,559.8,429.1
159,5280,5419484,563.4,490.2,555.6,428.5,559.5,459.35,0,2,555.6,428.5
159,5281,5419485,557.1,490.3,551.0,427.7,554.05,459.0,0,2,551.0,427.7
159,5282,5419486,551.0,490.3,545.4,427.0,548.2,458.65,0,2,545.4,427.0
159,5283,5419487,544.1,490.1,540.8,426.0,542.45,458.05,0,2,540.8,426.0
159,5284,5419488,538.9,489.7,536.2,425.3,537.55,457.5,0,2,536.2,425.3
159,5285,5419489,534.2,489.2,532.0,424.8,533.1,457.0,0,2,532.0,424.8
159,5286,5419490,530.0,488.2,528.5,424.5,529.25,456.35,0,2,528.5,424.5
159,5287,5419491,527.0,487.4,525.8,424.3,526.4,455.85,0,2,525.8,424.3
159,5288,5419492,525.5,486.6,524.1,424.3,524.8,455.45,0,2,524.1,424.3
159,5289,5419493,524.7,485.7,523.9,424.2,524.3,454.95,0,2,523.9,424.2
159,5290,5419494,525.5,484.8,524.5,425.4,525.0,455.1,0,2,524.5,425.4
159,5291,5419495,526.6,483.9,525.6,426.5,526.1,455.2,0,2,525.6,426.5
159,5292,5419496,527.9,483.2,527.7,427.7,527.8,455.45,0,2,527.7,427.7
159,5293,5419497,530.0,482.7,529.9,428.6,529.95,455.65,0,2,529.9,428.6
159,5294,5419498,532.4,482.2,532.1,429.3,532.25,455.75,0,2,532.1,429.3
159,5295,5419499,534.9,481.7,533.9,430.2,534.4,455.95,0,2,533.9,430.2
159,5296,5419500,537.3,481.3,536.1,431.2,536.7,456.25,0,2,536.1,431.2
159,5297,5419501,538.7,481.0,537.4,431.3,538.05,456.15,0,2,537.4,431.3
159,5298,5419502,540.1,480.8,538.7,431.5,539.4,456.15,0,2,538.7,431.5
159,5299,5419503,541.3,480.7,538.8,431.9,540.05,456.3,0,2,538.8,431.9
159,5300,5419504,541.7,480.8,538.8,432.3,540.25,456.55,0,2,538.8,432.3
160,5301,5419505,541.8,481.0,538.8,432.7,540.3,456.85,0,2,538.8,432.7
160,5302,5419506,541.2,481.6,538.7,433.0,539.95,457.3,0,2,538.7,433.0
160,5303,5419507,540.7,482.2,538.4,433.2,539.55,457.7,0,2,538.4,433.2
160,5304,5419508,540.2,482.7,537.8,433.3,539.0,458.0,0,2,537.8,433.3
160,5305,5419509,539.7,483.3,537.2,433.5,538.45,458.4,0,2,537.2,433.5
160,5306,5419510,539.3,484.0,537.0,433.5,538.15,458.75,0,2,537.0,433.5
160,5307,5419511,539.0,484.4,536.7,433.5,537.85,458.95,0,2,536.7,433.5
160,5308,5419512,538.6,484.8,536.4,433.7,537.5,459.25,0,2,536.4,433.7
160,5309,5419513,538.8,484.4,536.4,434.0,537.6,459.2,0,2,536.4,434.0
160,5310,5419514,538.9,484.1,536.5,434.4,537.7,459.25,0,2,536.5,434.4
160,5311,5419515,538.9,483.8,536.8,434.8,537.85,459.3,0,2,536.8,434.8
160,5312,5419516,539.0,483.4,537.0,435.4,538.0,459.4,0,2,537.0,435.4
160,5313,5419517,538.9,483.3,537.3,436.1,538.1,459.7,0,2,537.3,436.1
160,5314,5419518,538.8,483.3,537.7,436.8,538.25,460.05,0,2,537.7,436.8
160,5315,5419519,538.7,483.3,538.0,437.4,538.35,460.35,0,2,538.0,437.4
160,5316,5419520,538.8,484.0,538.1,437.8,538.45,460.9,0,2,538.1,437.8
160,5317,5419521,539.2,484.7,538.2,438.3,538.7,461.5,0,2,538.2,438.3
160,5318,5419522,539.7,485.4,538.2,438.9,538.95,462.15,0,2,538.2,438.9
160,5319,5419523,540.2,486.1,538.2,439.3,539.2,462.7,0,2,538.2,439.3
160,5320,5419524,540.7,486.7,537.9,439.4,539.3,463.05,0,2,537.9,439.4
160,5321,5419525,541.3,487.2,537.6,439.1,539.45,463.15,0,2,537.6,439.1
160,5322,5419526,541.8,487.8,537.3,438.9,539.55,463.35,0,2,537.3,438.9
160,5323,5419527,541.8,488.1,537.0,438.6,539.4,463.35,0,2,537.0,438.6
160,5324,5419528,541.4,488.3,536.8,438.3,539.1,463.3,0,2,536.8,438.3
160,5325,5419529,541.1,488.5,536.6,437.8,538.85,463.15,0,2,536.6,437.8
160,5326,5419530,540.8,488.5,536.4,437.4,538.6,462.95,0,2,536.4,437.4
160,5327,5419531,540.4,488.4,536.5,437.0,538.45,462.7,0,2,536.5,437.0
160,5328,5419532,540.1,488.3,536.5,436.8,538.3,462.55,0,2,536.5,436.8
160,5329,5419533,539.8,488.1,536.5,436.6,538.15,462.35,0,2,536.5,436.6
160,5330,5419534,540.0,487.7,536.6,436.4,538.3,462.05,0,2,536.6,436.4
160,5331,5419535,540.2,487.3,536.7,436.3,538.45,461.8,0,2,536.7,436.3
160,5332,5419536,540.4,486.9,536.7,436.1,538.55,461.5,0,2,536.7,436.1
160,5333,5419537,540.5,487.4,536.9,435.9,538.7,461.65,0,2,536.9,435.9
161,5334,5419538,540.7,487.7,537.0,435.7,538.85,461.7,0,2,537.0,435.7
161,5335,5419539,540.7,487.9,537.0,435.7,538.85,461.8,0,2,537.0,435.7
161,5336,5419540,540.7,488.1,536.8,435.7,538.75,461.9,0,2,536.8,435.7
161,5337,5419541,540.7,488.5,536.4,436.0,538.55,462.25,0,2,536.4,436.0
161,5338,5419542,540.6,488.9,536.0,436.2,538.3,462.55,0,2,536.0,436.2
161,5339,5419543,540.5,489.4,535.6,436.3,538.05,462.85,0,2,535.6,436.3
161,5340,5419544,540.4,489.2,535.3,436.3,537.85,462.75,0,2,535.3,436.3
161,5341,5419545,540.2,489.1,535.1,435.8,537.65,462.45,0,2,535.1,435.8
161,5342,5419546,540.1,489.1,534.9,435.2,537.5,462.15,0,2,534.9,435.2
161,5343,5419547,540.0,488.9,535.0,434.5,537.5,461.7,0,2,535.0,434.5
161,5344,5419548,539.7,488.8,535.1,433.6,537.4,461.2,0,2,535.1,433.6
161,5345,5419549,539.5,488.4,535.2,432.7,537.35,460.55,0,2,535.2,432.7
161,5346,5419550,539.4,488.0,535.1,431.9,537.25,459.95,0,2,535.1,431.9
161,5347,5419551,539.4,487.2,535.0,431.3,537.2,459.25,0,2,535.0,431.3
161,5348,5419552,539.5,486.5,534.8,431.1,537.15,458.8,0,2,534.8,431.1
161,5349,5419553,539.5,485.9,534.6,430.9,537.05,458.4,0,2,534.6,430.9
161,5350,5419554,539.5,485.5,534.3,430.6,536.9,458.05,0,2,534.3,430.6
161,5351,5419555,539.6,485.3,534.0,430.3,536.8,457.8,0,2,534.0,430.3
161,5352,5419556,539.6,485.2,533.8,429.9,536.7,457.55,0,2,533.8,429.9
161,5353,5419557,539.6,485.1,533.6,429.7,536.6,457.4,0,2,533.6,429.7
161,5354,5419558,539.5,485.4,533.5,429.5,536.5,457.45,0,2,533.5,429.5
161,5355,5419559,539.3,485.7,533.2,429.2,536.25,457.45,0,2,533.2,429.2
161,5356,5419560,539.2,486.1,533.1,429.1,536.15,457.6,0,2,533.1,429.1
161,5357,5419561,539.1,486.4,533.0,428.9,536.05,457.65,0,2,533.0,428.9
161,5358,5419562,539.2,486.5,532.8,428.7,536.0,457.6,0,2,532.8,428.7
161,5359,5419563,539.4,486.5,532.7,428.6,536.05,457.55,0,2,532.7,428.6
161,5360,5419564,539.6,486.4,532.6,428.4,536.1,457.4,0,2,532.6,428.4
161,5361,5419565,539.8,486.3,532.5,428.1,536.15,457.2,0,2,532.5,428.1
161,5362,5419566,539.9,486.2,532.5,427.8,536.2,457.0,0,2,532.5,427.8
161,5363,5419567,540.1,485.8,532.5,427.6,536.3,456.7,0,2,532.5,427.6
161,5364,5419568,540.2,485.4,532.5,427.6,536.35,456.5,0,2,532.5,427.6
161,5365,5419569,540.3,484.9,532.5,427.6,536.4,456.25,0,2,532.5,427.6
161,5366,5419570,540.3,484.4,532.6,427.6,536.45,456.0,0,2,532.6,427.6
162,5367,5419571,540.3,483.6,532.6,427.6,536.45,455.6,0,2,532.6,427.6
162,5368,5419572,540.5,482.8,532.6,427.8,536.55,455.3,0,2,532.6,427.8
162,5369,5419573,540.7,482.1,532.4,428.1,536.55,455.1,0,2,532.4,428.1
162,5370,5419574,540.8,481.6,532.2,428.4,536.5,455.0,0,2,532.2,428.4
162,5371,5419575,541.0,481.4,531.9,428.7,536.45,455.05,0,2,531.9,428.7
162,5372,5419576,541.0,481.3,531.5,428.9,536.25,455.1,0,2,531.5,428.9
162,5373,5419577,541.0,481.3,531.1,429.0,536.05,455.15,0,2,531.1,429.0
162,5374,5419578,541.0,481.7,530.8,429.1,535.9,455.4,0,2,530.8,429.1
162,5375,5419579,540.7,482.2,530.5,429.3,535.6,455.75,0,2,530.5,429.3
162,5376,5419580,540.5,482.7,530.4,429.4,535.45,456.05,0,2,530.4,429.4
162,5377,5419581,540.3,483.0,530.2,429.4,535.25,456.2,0,2,530.2,429.4
162,5378,5419582,540.1,483.3,530.3,429.3,535.2,456.3,0,2,530.3,429.3
162,5379,5419583,540.1,483.5,530.5,429.2,535.3,456.35,0,2,530.5,429.2
162,5380,5419584,540.1,483.6,530.7,429.3,535.4,456.45,0,2,530.7,429.3
162,5381,5419585,540.1,483.7,530.8,429.3,535.45,456.5,0,2,530.8,429.3
162,5382,5419586,540.3,483.7,530.9,429.1,535.6,456.4,0,2,530.9,429.1
162,5383,5419587,540.4,483.8,531.0,428.9,535.7,456.35,0,2,531.0,428.9
162,5384,5419588,540.6,483.6,531.1,428.4,535.85,456.0,0,2,531.1,428.4
162,5385,5419589,540.7,483.5,531.1,428.0,535.9,455.75,0,2,531.1,428.0
162,5386,5419590,540.5,483.3,531.1,427.6,535.8,455.45,0,2,531.1,427.6
162,5387,5419591,540.2,483.1,531.0,427.5,535.6,455.3,0,2,531.0,427.5
162,5388,5419592,539.9,482.9,530.8,427.3,535.35,455.1,0,2,530.8,427.3
162,5389,5419593,539.6,482.6,530.6,427.2,535.1,454.9,0,2,530.6,427.2
162,5390,5419594,539.3,482.3,530.4,427.1,534.85,454.7,0,2,530.4,427.1
162,5391,5419595,539.0,482.1,530.2,427.2,534.6,454.65,0,2,530.2,427.2
162,5392,5419596,538.8,481.9,530.1,427.2,534.45,454.55,0,2,530.1,427.2
162,5393,5419597,539.1,481.8,530.0,427.1,534.55,454.45,0,2,530.0,427.1
162,5394,5419598,539.4,481.8,530.1,426.9,534.75,454.35,0,2,530.1,426.9
162,5395,5419599,539.8,482.0,530.4,426.8,535.1,454.4,0,2,530.4,426.8
162,5396,5419600,540.2,482.4,530.7,427.1,535.45,454.75,0,2,530.7,427.1
162,5397,5419601,540.7,482.7,531.0,427.4,535.85,455.05,0,2,531.0,427.4
162,5398,5419602,541.1,483.1,531.3,427.9,536.2,455.5,0,2,531.3,427.9
162,5399,5419603,541.4,483.5,531.5,428.5,536.45,456.0,0,2,531.5,428.5
162,5400,5419604,541.4,483.7,531.8,429.1,536.6,456.4,0,2,531.8,429.1
163,5401,5419605,541.3,483.5,532.1,429.6,536.7,456.55,0,2,532.1,429.6
163,5402,5419606,541.2,483.2,532.4,430.1,536.8,456.65,0,2,532.4,430.1
163,5403,5419607,541.0,483.0,532.8,430.2,536.9,456.6,0,2,532.8,430.2
163,5404,5419608,540.9,482.8,533.2,430.6,537.05,456.7,0,2,533.2,430.6
163,5405,5419609,540.8,482.6,533.6,430.9,537.2,456.75,0,2,533.6,430.9
163,5406,5419610,540.8,482.4,534.0,431.2,537.4,456.8,0,2,534.0,431.2
163,5407,5419611,540.8,482.6,534.3,431.5,537.55,457.05,0,2,534.3,431.5
163,5408,5419612,540.9,483.3,534.4,431.7,537.65,457.5,0,2,534.4,431.7
163,5409,5419613,541.0,483.9,534.2,432.0,537.6,457.95,0,2,534.2,432.0
163,5410,5419614,541.1,484.4,534.0,432.4,537.55,458.4,0,2,534.0,432.4
163,5411,5419615,541.1,484.7,533.8,432.7,537.45,458.7,0,2,533.8,432.7
163,5412,5419616,541.2,485.0,533.5,432.9,537.35,458.95,0,2,533.5,432.9
163,5413,5419617,541.3,485.1,533.4,433.2,537.35,459.15,0,2,533.4,433.2
163,5414,5419618,541.3,485.0,533.4,432.7,537.35,458.85,0,2,533.4,432.7
163,5415,5419619,541.4,484.7,533.5,432.3,537.45,458.5,0,2,533.5,432.3
163,5416,5419620,541.5,484.4,533.7,432.0,537.6,458.2,0,2,533.7,432.0
163,5417,5419621,541.6,484.1,534.2,431.7,537.9,457.9,0,2,534.2,431.7
163,5418,5419622,542.0,484.1,534.6,431.4,538.3,457.75,0,2,534.6,431.4
163,5419,5419623,542.3,484.2,535.0,431.1,538.65,457.65,0,2,535.0,431.1
163,5420,5419624,542.6,484.5,535.3,431.1,538.95,457.8,0,2,535.3,431.1
163,5421,5419625,542.7,484.7,535.6,431.8,539.15,458.25,0,2,535.6,431.8
163,5422,5419626,542.9,484.8,535.8,432.5,539.35,458.65,0,2,535.8,432.5
163,5423,5419627,543.0,484.9,536.0,433.1,539.5,459.0,0,2,536.0,433.1
163,5424,5419628,543.1,485.1,536.1,433.5,539.6,459.3,0,2,536.1,433.5
163,5425,5419629,543.0,485.0,536.3,434.1,539.65,459.55,0,2,536.3,434.1
163,5426,5419630,542.9,484.7,536.4,434.6,539.65,459.65,0,2,536.4,434.6
163,5427,5419631,542.8,484.5,536.6,435.0,539.7,459.75,0,2,536.6,435.0
163,5428,5419632,542.8,484.3,536.7,436.0,539.75,460.15,0,2,536.7,436.0
163,5429,5419633,542.8,484.2,536.7,437.0,539.75,460.6,0,2,536.7,437.0
163,5430,5419634,542.8,484.2,536.8,437.9,539.8,461.05,0,2,536.8,437.9
163,5431,5419635,542.8,484.2,536.7,438.8,539.75,461.5,0,2,536.7,438.8
163,5432,5419636,542.7,484.5,536.5,439.3,539.6,461.9,0,2,536.5,439.3
163,5433,5419637,542.8,484.9,536.4,439.6,539.6,462.25,0,2,536.4,439.6
164,5434,5419638,542.9,485.3,536.2,439.8,539.55,462.55,0,2,536.2,439.8
164,5435,5419639,543.1,485.7,536.1,439.3,539.6,462.5,0,2,536.1,439.3
164,5436,5419640,543.3,486.0,536.2,438.8,539.75,462.4,0,2,536.2,438.8
164,5437,5419641,543.6,486.4,536.3,438.3,539.95,462.35,0,2,536.3,438.3
164,5438,5419642,543.9,486.7,536.5,437.9,540.2,462.3,0,2,536.5,437.9
164,5439,5419643,544.2,486.8,536.8,437.4,540.5,462.1,0,2,536.8,437.4
164,5440,5419644,544.4,486.9,537.1,437.1,540.75,462.0,0,2,537.1,437.1
164,5441,5419645,544.5,486.9,537.4,436.9,540.95,461.9,0,2,537.4,436.9
164,5442,5419646,544.6,486.8,537.6,436.6,541.1,461.7,0,2,537.6,436.6
164,5443,5419647,544.6,486.6,537.7,436.3,541.15,461.45,0,2,537.7,436.3
164,5444,5419648,544.6,486.4,537.7,436.0,541.15,461.2,0,2,537.7,436.0
164,5445,5419649,544.6,486.1,537.6,435.7,541.1,460.9,0,2,537.6,435.7
164,5446,5419650,544.5,485.9,537.5,435.3,541.0,460.6,0,2,537.5,435.3
164,5447,5419651,544.5,485.6,537.3,435.0,540.9,460.3,0,2,537.3,435.0
164,5448,5419652,544.5,485.3,537.2,434.2,540.85,459.75,0,2,537.2,434.2
164,5449,5419653,544.5,485.1,537.1,433.4,540.8,459.25,0,2,537.1,433.4
164,5450,5419654,544.4,484.5,537.2,432.5,540.8,458.5,0,2,537.2,432.5
164,5451,5419655,544.3,484.1,537.3,431.7,540.8,457.9,0,2,537.3,431.7
164,5452,5419656,544.2,483.9,537.5,431.2,540.85,457.55,0,2,537.5,431.2
164,5453,5419657,544.2,484.0,538.0,431.4,541.1,457.7,0,2,538.0,431.4
164,5454,5419658,544.3,485.0,538.5,432.6,541.4,458.8,0,2,538.5,432.6
164,5455,5419659,544.5,486.1,540.0,434.4,542.25,460.25,0,2,540.0,434.4
164,5456,5419660,545.4,487.4,541.4,436.7,543.4,462.05,0,2,541.4,436.7
164,5457,5419661,546.8,489.1,543.5,439.2,545.15,464.15,0,2,543.5,439.2
164,5458,5419662,549.8,490.8,546.7,441.7,548.25,466.25,0,2,546.7,441.7
164,5459,5419663,553.8,493.9,551.0,444.4,552.4,469.15,0,2,551.0,444.4
164,5460,5419664,559.0,496.7,556.2,447.3,557.6,472.0,0,2,556.2,447.3
164,5461,5419665,564.9,500.1,562.8,451.2,563.85,475.65,0,2,562.8,451.2
164,5462,5419666,571.0,503.6,569.3,456.1,570.15,479.85,0,2,569.3,456.1
164,5463,5419667,577.6,507.9,576.7,460.5,577.15,484.2,0,2,576.7,460.5
164,5464,5419668,584.5,513.2,583.6,465.7,584.05,489.45,0,2,583.6,465.7
164,5465,5419669,590.3,519.3,589.7,472.3,590.0,495.8,0,2,589.7,472.3
164,5466,5419670,595.5,524.8,594.6,479.2,595.05,502.0,0,2,594.6,479.2
165,5467,5419671,599.4,531.0,598.1,486.6,598.75,508.8,0,2,598.1,486.6
165,5468,5419672,602.5,536.2,600.0,492.3,601.25,514.25,0,2,600.0,492.3
165,5469,5419673,605.4,542.2,600.9,497.6,603.15,519.9,0,2,600.9,497.6
165,5470,5419674,606.4,547.3,600.3,502.9,603.35,525.1,0,2,600.3,502.9
165,5471,5419675,606.7,551.3,599.0,507.8,602.85,529.55,0,2,599.0,507.8
165,5472,5419676,606.3,554.6,597.2,512.6,601.75,533.6,0,2,597.2,512.6
165,5473,5419677,605.6,556.9,595.6,516.6,600.6,536.75,0,2,595.6,516.6
165,5474,5419678,604.8,558.5,593.3,519.4,599.05,538.95,0,2,593.3,519.4
165,5475,5419679,604.0,559.6,591.2,521.8,597.6,540.7,0,2,591.2,521.8
165,5476,5419680,603.2,559.8,589.1,523.8,596.15,541.8,0,2,589.1,523.8
165,5477,5419681,603.1,559.8,587.7,525.5,595.4,542.65,0,2,587.7,525.5
165,5478,5419682,603.0,559.7,586.9,526.7,594.95,543.2,0,2,586.9,526.7
165,5479,5419683,603.0,559.4,586.1,526.6,594.55,543.0,0,2,586.1,526.6
165,5480,5419684,602.4,558.7,585.5,526.4,593.95,542.55,0,2,585.5,526.4
165,5481,5419685,601.9,557.6,585.7,525.9,593.8,541.75,0,2,585.7,525.9
165,5482,5419686,601.3,556.3,586.0,525.1,593.65,540.7,0,2,586.0,525.1
165,5483,5419687,600.7,555.1,586.5,524.2,593.6,539.65,0,2,586.5,524.2
165,5484,5419688,600.0,554.0,587.1,522.7,593.55,538.35,0,2,587.1,522.7
165,5485,5419689,599.4,553.0,587.6,521.1,593.5,537.05,0,2,587.6,521.1
165,5486,5419690,598.7,552.1,588.0,519.5,593.35,535.8,0,2,588.0,519.5
165,5487,5419691,598.6,551.6,588.6,518.1,593.6,534.85,0,2,588.6,518.1
165,5488,5419692,598.4,551.6,588.9,516.8,593.65,534.2,0,2,588.9,516.8
165,5489,5419693,598.1,551.8,589.1,516.1,593.6,533.95,0,2,589.1,516.1
165,5490,5419694,597.8,552.0,589.0,515.3,593.4,533.65,0,2,589.0,515.3
165,5491,5419695,597.4,552.2,588.8,515.3,593.1,533.75,0,2,588.8,515.3
165,5492,5419696,596.9,552.5,588.7,515.3,592.8,533.9,0,2,588.7,515.3
165,5493,5419697,596.5,552.8,588.5,515.4,592.5,534.1,0,2,588.5,515.4
165,5494,5419698,596.4,553.0,588.4,515.6,592.4,534.3,0,2,588.4,515.6
165,5495,5419699,596.3,553.2,588.4,516.2,592.35,534.7,0,2,588.4,516.2
165,5496,5419700,596.4,553.5,588.5,516.8,592.45,535.15,0,2,588.5,516.8
165,5497,5419701,596.5,553.6,588.8,517.4,592.65,535.5,0,2,588.8,517.4
165,5498,5419702,596.8,553.6,589.1,518.1,592.95,535.85,0,2,589.1,518.1
165,5499,5419703,596.9,553.6,589.4,518.7,593.15,536.15,0,2,589.4,518.7
165,5500,5419704,597.0,553.5,589.6,519.3,593.3,536.4,0,2,589.6,519.3
166,5501,5419705,596.8,553.8,589.6,519.9,593.2,536.85,0,2,589.6,519.9
166,5502,5419706,596.7,554.0,589.6,520.1,593.15,537.05,0,2,589.6,520.1
166,5503,5419707,596.5,554.4,589.6,520.3,593.05,537.35,0,2,589.6,520.3
166,5504,5419708,596.3,554.8,589.4,520.4,592.85,537.6,0,2,589.4,520.4
166,5505,5419709,596.1,555.5,589.2,520.6,592.65,538.05,0,2,589.2,520.6
166,5506,5419710,596.1,556.1,589.0,520.8,592.55,538.45,0,2,589.0,520.8
166,5507,5419711,596.1,556.6,588.8,521.0,592.45,538.8,0,2,588.8,521.0
166,5508,5419712,595.9,556.8,588.7,521.3,592.3,539.05,0,2,588.7,521.3
166,5509,5419713,595.8,556.9,588.6,521.5,592.2,539.2,0,2,588.6,521.5
166,5510,5419714,595.6,556.9,588.6,521.7,592.1,539.3,0,2,588.6,521.7
166,5511,5419715,595.6,556.8,588.5,521.8,592.05,539.3,0,2,588.5,521.8
166,5512,5419716,595.6,556.5,588.5,522.0,592.05,539.25,0,2,588.5,522.0
166,5513,5419717,595.7,556.3,588.5,522.3,592.1,539.3,0,2,588.5,522.3
166,5514,5419718,595.8,556.0,588.6,522.8,592.2,539.4,0,2,588.6,522.8
166,5515,5419719,596.1,555.8,588.8,523.3,592.45,539.55,0,2,588.8,523.3
166,5516,5419720,596.4,555.8,589.0,523.9,592.7,539.85,0,2,589.0,523.9
166,5517,5419721,596.7,555.7,589.2,524.5,592.95,540.1,0,2,589.2,524.5
166,5518,5419722,596.9,555.7,589.4,525.2,593.15,540.45,0,2,589.4,525.2
166,5519,5419723,597.3,555.8,589.6,525.9,593.45,540.85,0,2,589.6,525.9
166,5520,5419724,597.5,555.8,589.8,526.4,593.65,541.1,0,2,589.8,526.4
166,5521,5419725,597.7,555.8,590.0,526.0,593.85,540.9,0,2,590.0,526.0
166,5522,5419726,598.0,555.7,590.1,525.5,594.05,540.6,0,2,590.1,525.5
166,5523,5419727,598.3,555.6,590.3,524.9,594.3,540.25,0,2,590.3,524.9
166,5524,5419728,598.6,555.5,590.4,524.5,594.5,540.0,0,2,590.4,524.5
166,5525,5419729,599.0,555.5,590.7,524.1,594.85,539.8,0,2,590.7,524.1
166,5526,5419730,599.4,555.5,591.1,524.1,595.25,539.8,0,2,591.1,524.1
166,5527,5419731,599.8,555.6,591.4,524.1,595.6,539.85,0,2,591.4,524.1
166,5528,5419732,600.2,555.8,591.6,524.7,595.9,540.25,0,2,591.6,524.7
166,5529,5419733,600.5,556.0,591.9,525.3,596.2,540.65,0,2,591.9,525.3
166,5530,5419734,600.9,556.2,592.1,526.0,596.5,541.1,0,2,592.1,526.0
166,5531,5419735,601.2,556.5,592.3,526.8,596.75,541.65,0,2,592.3,526.8
166,5532,5419736,601.5,556.8,592.3,527.8,596.9,542.3,0,2,592.3,527.8
166,5533,5419737,601.7,556.9,592.5,528.5,597.1,542.7,0,2,592.5,528.5
167,5534,5419738,601.9,556.9,592.7,529.2,597.3,543.05,0,2,592.7,529.2
167,5535,5419739,602.1,556.6,593.0,529.8,597.55,543.2,0,2,593.0,529.8
167,5536,5419740,602.2,556.2,593.2,530.2,597.7,543.2,0,2,593.2,530.2
167,5537,5419741,602.3,555.8,593.5,530.5,597.9,543.15,0,2,593.5,530.5
167,5538,5419742,602.3,555.5,593.8,530.4,598.05,542.95,0,2,593.8,530.4
167,5539,5419743,602.4,555.4,594.1,530.1,598.25,542.75,0,2,594.1,530.1
167,5540,5419744,602.4,555.4,594.2,529.8,598.3,542.6,0,2,594.2,529.8
167,5541,5419745,602.5,555.4,594.5,529.6,598.5,542.5,0,2,594.5,529.6
167,5542,5419746,602.5,555.6,595.1,529.5,598.8,542.55,0,2,595.1,529.5
167,5543,5419747,602.5,556.0,595.6,529.5,599.05,542.75,0,2,595.6,529.5
167,5544,5419748,602.6,556.3,596.0,529.8,599.3,543.05,0,2,596.0,529.8
167,5545,5419749,602.9,556.8,596.4,530.2,599.65,543.5,0,2,596.4,530.2
167,5546,5419750,603.4,557.4,596.8,530.7,600.1,544.05,0,2,596.8,530.7
167,5547,5419751,603.8,557.9,597.2,531.1,600.5,544.5,0,2,597.2,531.1
167,5548,5419752,604.3,558.5,597.4,531.4,600.85,544.95,0,2,597.4,531.4
167,5549,5419753,604.7,559.1,597.5,531.7,601.1,545.4,0,2,597.5,531.7
167,5550,5419754,605.2,559.5,598.2,532.0,601.7,545.75,0,2,598.2,532.0
167,5551,5419755,605.7,559.8,598.9,532.3,602.3,546.05,0,2,598.9,532.3
167,5552,5419756,605.9,559.8,599.6,532.7,602.75,546.25,0,2,599.6,532.7
167,5553,5419757,606.1,559.7,600.3,533.0,603.2,546.35,0,2,600.3,533.0
167,5554,5419758,606.2,559.5,601.0,533.3,603.6,546.4,0,2,601.0,533.3
167,5555,5419759,606.4,559.3,601.6,533.6,604.0,546.45,0,2,601.6,533.6
167,5556,5419760,606.6,559.1,602.2,534.0,604.4,546.55,0,2,602.2,534.0
167,5557,5419761,606.9,559.1,602.2,534.7,604.55,546.9,0,2,602.2,534.7
167,5558,5419762,607.1,559.1,602.4,535.3,604.75,547.2,0,2,602.4,535.3
167,5559,5419763,607.2,559.2,603.0,535.9,605.1,547.55,0,2,603.0,535.9
167,5560,5419764,607.3,559.4,603.4,536.5,605.35,547.95,0,2,603.4,536.5
167,5561,5419765,607.4,559.9,603.9,537.0,605.65,548.45,0,2,603.9,537.0
167,5562,5419766,607.4,560.5,604.4,537.4,605.9,548.95,0,2,604.4,537.4
167,5563,5419767,607.4,561.1,604.9,537.4,606.15,549.25,0,2,604.9,537.4
167,5564,5419768,607.3,561.6,605.3,537.1,606.3,549.35,0,2,605.3,537.1
167,5565,5419769,607.1,562.1,605.5,536.8,606.3,549.45,0,2,605.5,536.8
167,5566,5419770,607.0,562.6,605.5,536.4,606.25,549.5,0,2,605.5,536.4
168,5567,5419771,606.9,562.9,605.4,535.9,606.15,549.4,0,2,605.4,535.9
168,5568,5419772,606.9,562.9,605.2,535.4,606.05,549.15,0,2,605.2,535.4
168,5569,5419773,606.8,562.8,605.0,535.1,605.9,548.95,0,2,605.0,535.1
168,5570,5419774,606.9,562.7,604.6,535.1,605.75,548.9,0,2,604.6,535.1
168,5571,5419775,606.9,562.8,604.2,535.1,605.55,548.95,0,2,604.2,535.1
168,5572,5419776,607.0,563.0,603.9,535.0,605.45,549.0,0,2,603.9,535.0
168,5573,5419777,607.1,563.3,603.6,535.0,605.35,549.15,0,2,603.6,535.0
168,5574,5419778,607.2,563.6,603.3,535.8,605.25,549.7,0,2,603.3,535.8
168,5575,5419779,607.3,563.9,603.2,536.7,605.25,550.3,0,2,603.2,536.7
168,5576,5419780,607.3,564.2,603.1,537.5,605.2,550.85,0,2,603.1,537.5
168,5577,5419781,607.4,564.4,603.9,538.3,605.65,551.35,0,2,603.9,538.3
168,5578,5419782,607.6,564.3,604.8,539.1,606.2,551.7,0,2,604.8,539.1
168,5579,5419783,608.0,564.1,605.5,540.0,606.75,552.05,0,2,605.5,540.0
168,5580,5419784,608.3,563.7,606.1,540.9,607.2,552.3,0,2,606.1,540.9
168,5581,5419785,608.7,563.2,606.3,541.0,607.5,552.1,0,2,606.3,541.0
168,5582,5419786,609.3,562.8,606.4,541.0,607.85,551.9,0,2,606.4,541.0
168,5583,5419787,610.0,562.3,606.6,541.0,608.3,551.65,0,2,606.6,541.0
168,5584,5419788,610.6,562.0,605.8,541.0,608.2,551.5,0,2,605.8,541.0
168,5585,5419789,611.2,561.9,605.0,540.8,608.1,551.35,0,2,605.0,540.8
168,5586,5419790,611.6,561.7,604.3,540.7,607.95,551.2,0,2,604.3,540.7
168,5587,5419791,612.0,561.6,603.7,540.4,607.85,551.0,0,2,603.7,540.4
168,5588,5419792,612.4,561.6,603.5,540.0,607.95,550.8,0,2,603.5,540.0
168,5589,5419793,612.7,561.7,603.3,539.4,608.0,550.55,0,2,603.3,539.4
168,5590,5419794,612.9,561.8,603.2,538.9,608.05,550.35,0,2,603.2,538.9
168,5591,5419795,613.1,562.0,603.1,538.4,608.1,550.2,0,2,603.1,538.4
168,5592,5419796,613.3,562.1,603.0,537.9,608.15,550.0,0,2,603.0,537.9
168,5593,5419797,613.5,562.1,602.9,537.3,608.2,549.7,0,2,602.9,537.3
168,5594,5419798,613.7,562.2,602.9,536.9,608.3,549.55,0,2,602.9,536.9
168,5595,5419799,613.9,561.8,602.9,536.6,608.4,549.2,0,2,602.9,536.6
168,5596,5419800,614.0,561.3,602.9,536.5,608.45,548.9,0,2,602.9,536.5
168,5597,5419801,614.1,560.7,603.0,536.4,608.55,548.55,0,2,603.0,536.4
168,5598,5419802,614.2,560.0,603.1,536.3,608.65,548.15,0,2,603.1,536.3
168,5599,5419803,614.3,559.4,603.1,536.2,608.7,547.8,0,2,603.1,536.2
168,5600,5419804,614.4,558.9,603.0,536.2,608.7,547.55,0,2,603.0,536.2
169,5601,5419805,614.6,558.4,602.9,536.3,608.75,547.35,0,2,602.9,536.3
169,5602,5419806,615.3,558.3,602.6,536.4,608.95,547.35,0,2,602.6,536.4
169,5603,5419807,616.0,558.2,602.3,536.7,609.15,547.45,0,2,602.3,536.7
169,5604,5419808,616.5,558.0,602.0,537.0,609.25,547.5,0,2,602.0,537.0
169,5605,5419809,616.9,557.8,601.6,537.3,609.25,547.55,0,2,601.6,537.3
169,5606,5419810,617.3,557.4,601.3,537.6,609.3,547.5,0,2,601.3,537.6
169,5607,5419811,617.7,557.0,601.0,537.8,609.35,547.4,0,2,601.0,537.8
169,5608,5419812,618.0,556.6,600.9,537.9,609.45,547.25,0,2,600.9,537.9
169,5609,5419813,617.7,556.7,600.8,537.9,609.25,547.3,0,2,600.8,537.9
169,5610,5419814,617.5,556.8,600.7,537.7,609.1,547.25,0,2,600.7,537.7
169,5611,5419815,617.4,557.0,600.6,537.6,609.0,547.3,0,2,600.6,537.6
169,5612,5419816,617.3,557.1,600.5,537.4,608.9,547.25,0,2,600.5,537.4
169,5613,5419817,617.2,557.0,600.5,537.3,608.85,547.15,0,2,600.5,537.3
169,5614,5419818,617.1,557.0,600.4,537.2,608.75,547.1,0,2,600.4,537.2
169,5615,5419819,617.1,556.7,600.4,537.2,608.75,546.95,0,2,600.4,537.2
169,5616,5419820,617.0,555.8,600.4,537.2,608.7,546.5,0,2,600.4,537.2
169,5617,5419821,616.9,555.0,600.3,537.2,608.6,546.1,0,2,600.3,537.2
169,5618,5419822,616.8,554.2,600.2,537.2,608.5,545.7,0,2,600.2,537.2
169,5619,5419823,616.7,553.9,600.2,536.9,608.45,545.4,0,2,600.2,536.9
169,5620,5419824,616.6,554.0,600.2,536.7,608.4,545.35,0,2,600.2,536.7
169,5621,5419825,616.6,554.1,600.3,536.5,608.45,545.3,0,2,600.3,536.5
169,5622,5419826,616.8,554.6,600.3,536.3,608.55,545.45,0,2,600.3,536.3
169,5623,5419827,616.9,555.3,600.3,536.1,608.6,545.7,0,2,600.3,536.1
169,5624,5419828,617.2,556.0,600.2,535.8,608.7,545.9,0,2,600.2,535.8
169,5625,5419829,617.5,556.5,600.1,535.6,608.8,546.05,0,2,600.1,535.6
169,5626,5419830,617.8,556.7,600.1,535.2,608.95,545.95,0,2,600.1,535.2
169,5627,5419831,618.1,557.0,600.0,534.7,609.05,545.85,0,2,600.0,534.7
169,5628,5419832,618.4,557.1,600.1,534.2,609.25,545.65,0,2,600.1,534.2
169,5629,5419833,618.5,557.0,600.2,533.7,609.35,545.35,0,2,600.2,533.7
169,5630,5419834,618.4,556.8,600.3,533.2,609.35,545.0,0,2,600.3,533.2
169,5631,5419835,618.3,556.7,600.4,532.6,609.35,544.65,0,2,600.4,532.6
169,5632,5419836,618.1,556.6,600.5,532.1,609.3,544.35,0,2,600.5,532.1
169,5633,5419837,618.0,556.4,600.6,532.0,609.3,544.2,0,2,600.6,532.0
170,5634,5419838,617.9,556.1,600.6,532.4,609.25,544.25,0,2,600.6,532.4
170,5635,5419839,617.9,555.9,600.4,533.3,609.15,544.6,0,2,600.4,533.3
170,5636,5419840,617.9,555.7,600.3,534.2,609.1,544.95,0,2,600.3,534.2
170,5637,5419841,618.1,555.4,600.3,535.2,609.2,545.3,0,2,600.3,535.2
170,5638,5419842,618.3,555.2,600.3,536.2,609.3,545.7,0,2,600.3,536.2
170,5639,5419843,618.5,555.0,600.4,537.1,609.45,546.05,0,2,600.4,537.1
170,5640,5419844,618.6,554.9,600.5,537.9,609.55,546.4,0,2,600.5,537.9
170,5641,5419845,618.7,554.9,600.5,538.1,609.6,546.5,0,2,600.5,538.1
170,5642,5419846,618.6,555.0,600.6,537.6,609.6,546.3,0,2,600.6,537.6
170,5643,5419847,618.6,555.0,600.6,537.0,609.6,546.0,0,2,600.6,537.0
170,5644,5419848,618.5,555.1,600.6,536.3,609.55,545.7,0,2,600.6,536.3
170,5645,5419849,618.5,555.2,600.7,535.4,609.6,545.3,0,2,600.7,535.4
170,5646,5419850,618.5,555.3,600.7,534.6,609.6,544.95,0,2,600.7,534.6
170,5647,5419851,618.5,555.3,600.8,533.5,609.65,544.4,0,2,600.8,533.5
170,5648,5419852,618.6,555.3,601.0,532.6,609.8,543.95,0,2,601.0,532.6
170,5649,5419853,618.6,555.4,601.2,532.0,609.9,543.7,0,2,601.2,532.0
170,5650,5419854,618.8,555.8,601.4,531.5,610.1,543.65,0,2,601.4,531.5
170,5651,5419855,619.0,556.1,601.6,531.2,610.3,543.65,0,2,601.6,531.2
170,5652,5419856,619.1,556.6,601.7,531.4,610.4,544.0,0,2,601.7,531.4
170,5653,5419857,619.2,557.0,601.8,532.2,610.5,544.6,0,2,601.8,532.2
170,5654,5419858,619.3,557.3,602.0,533.2,610.65,545.25,0,2,602.0,533.2
170,5655,5419859,619.4,557.7,601.9,534.3,610.65,546.0,0,2,601.9,534.3
170,5656,5419860,619.3,557.9,601.9,535.3,610.6,546.6,0,2,601.9,535.3
170,5657,5419861,619.1,557.7,601.7,536.4,610.4,547.05,0,2,601.7,536.4
170,5658,5419862,618.9,557.6,601.5,537.6,610.2,547.6,0,2,601.5,537.6
170,5659,5419863,618.8,557.5,601.5,538.2,610.15,547.85,0,2,601.5,538.2
170,5660,5419864,618.6,557.3,601.5,538.4,610.05,547.85,0,2,601.5,538.4
170,5661,5419865,618.4,557.1,601.5,538.4,609.95,547.75,0,2,601.5,538.4
170,5662,5419866,618.3,557.0,601.5,538.4,609.9,547.7,0,2,601.5,538.4
170,5663,5419867,618.4,557.1,601.8,538.4,610.1,547.75,0,2,601.8,538.4
170,5664,5419868,618.5,557.2,602.1,538.4,610.3,547.8,0,2,602.1,538.4
170,5665,5419869,618.8,557.4,602.5,538.3,610.65,547.85,0,2,602.5,538.3
170,5666,5419870,619.1,557.6,602.7,538.2,610.9,547.9,0,2,602.7,538.2
171,5667,5419871,619.4,557.8,602.9,537.8,611.15,547.8,0,2,602.9,537.8
171,5668,5419872,619.8,558.0,602.9,537.6,611.35,547.8,0,2,602.9,537.6
171,5669,5419873,620.1,558.2,602.9,537.1,611.5,547.65,0,2,602.9,537.1
171,5670,5419874,620.5,558.3,602.7,536.7,611.6,547.5,0,2,602.7,536.7
171,5671,5419875,620.9,558.3,602.6,536.0,611.75,547.15,0,2,602.6,536.0
171,5672,5419876,621.2,558.5,602.5,535.5,611.85,547.0,0,2,602.5,535.5
171,5673,5419877,621.5,558.7,602.5,534.9,612.0,546.8,0,2,602.5,534.9
171,5674,5419878,621.5,558.9,603.0,534.7,612.25,546.8,0,2,603.0,534.7
171,5675,5419879,621.5,559.1,603.5,534.9,612.5,547.0,0,2,603.5,534.9
171,5676,5419880,621.5,558.9,604.1,535.4,612.8,547.15,0,2,604.1,535.4
171,5677,5419881,621.2,558.5,604.6,535.9,612.9,547.2,0,2,604.6,535.9
171,5678,5419882,620.9,557.9,605.0,536.5,612.95,547.2,0,2,605.0,536.5
171,5679,5419883,620.4,557.4,605.4,537.1,612.9,547.25,0,2,605.4,537.1
171,5680,5419884,620.0,556.9,605.7,537.8,612.85,547.35,0,2,605.7,537.8
171,5681,5419885,619.7,556.5,605.6,538.3,612.65,547.4,0,2,605.6,538.3
171,5682,5419886,619.4,556.1,605.4,538.3,612.4,547.2,0,2,605.4,538.3
171,5683,5419887,619.1,556.2,605.3,538.2,612.2,547.2,0,2,605.3,538.2
171,5684,5419888,619.0,556.6,605.2,538.0,612.1,547.3,0,2,605.2,538.0
171,5685,5419889,618.9,557.5,605.2,537.8,612.05,547.65,0,2,605.2,537.8
171,5686,5419890,618.9,558.4,605.2,537.6,612.05,548.0,0,2,605.2,537.6
171,5687,5419891,618.9,559.3,605.1,537.4,612.0,548.35,0,2,605.1,537.4
171,5688,5419892,618.8,560.1,605.0,537.5,611.9,548.8,0,2,605.0,537.5
171,5689,5419893,618.6,560.7,605.0,537.7,611.8,549.2,0,2,605.0,537.7
171,5690,5419894,618.4,561.0,605.0,538.1,611.7,549.55,0,2,605.0,538.1
171,5691,5419895,618.1,561.3,605.0,538.5,611.55,549.9,0,2,605.0,538.5
171,5692,5419896,617.8,561.1,605.0,538.8,611.4,549.95,0,2,605.0,538.8
171,5693,5419897,617.6,560.8,605.0,539.1,611.3,549.95,0,2,605.0,539.1
171,5694,5419898,617.0,560.5,605.2,538.9,611.1,549.7,0,2,605.2,538.9
171,5695,5419899,616.5,560.1,605.4,538.7,610.95,549.4,0,2,605.4,538.7
171,5696,5419900,616.0,559.9,605.7,538.4,610.85,549.15,0,2,605.7,538.4
171,5697,5419901,615.4,559.9,606.0,538.1,610.7,549.0,0,2,606.0,538.1
171,5698,5419902,614.9,559.8,606.3,537.9,610.6,548.85,0,2,606.3,537.9
171,5699,5419903,614.3,559.8,606.6,537.7,610.45,548.75,0,2,606.6,537.7
171,5700,5419904,613.7,559.7,607.1,537.6,610.4,548.65,0,2,607.1,537.6
172,5701,5419905,613.4,559.6,607.4,537.7,610.4,548.65,0,2,607.4,537.7
172,5702,5419906,613.1,559.5,607.7,537.8,610.4,548.65,0,2,607.7,537.8
172,5703,5419907,612.9,559.5,608.0,537.8,610.45,548.65,0,2,608.0,537.8
172,5704,5419908,612.8,559.5,608.5,537.6,610.65,548.55,0,2,608.5,537.6
172,5705,5419909,612.7,559.7,608.8,537.5,610.75,548.6,0,2,608.8,537.5
172,5706,5419910,612.7,560.1,609.1,537.4,610.9,548.75,0,2,609.1,537.4
172,5707,5419911,612.8,560.6,609.1,537.1,610.95,548.85,0,2,609.1,537.1
172,5708,5419912,613.2,561.0,609.0,537.1,611.1,549.05,0,2,609.0,537.1
172,5709,5419913,613.6,561.5,608.9,537.1,611.25,549.3,0,2,608.9,537.1
172,5710,5419914,614.0,561.8,608.6,537.7,611.3,549.75,0,2,608.6,537.7
172,5711,5419915,614.3,561.8,608.3,538.4,611.3,550.1,0,2,608.3,538.4
172,5712,5419916,614.7,561.6,608.0,538.9,611.35,550.25,0,2,608.0,538.9
172,5713,5419917,615.0,561.1,607.7,539.4,611.35,550.25,0,2,607.7,539.4
172,5714,5419918,615.2,560.6,607.5,539.6,611.35,550.1,0,2,607.5,539.6
172,5715,5419919,615.2,560.0,607.3,539.7,611.25,549.85,0,2,607.3,539.7
172,5716,5419920,615.1,559.5,607.2,539.7,611.15,549.6,0,2,607.2,539.7
172,5717,5419921,615.2,559.1,607.2,538.8,611.2,548.95,0,2,607.2,538.8
172,5718,5419922,615.2,559.1,607.0,537.9,611.1,548.5,0,2,607.0,537.9
172,5719,5419923,615.3,559.1,606.8,537.1,611.05,548.1,0,2,606.8,537.1
172,5720,5419924,615.4,559.2,606.6,536.9,611.0,548.05,0,2,606.6,536.9
172,5721,5419925,615.5,559.4,606.4,537.1,610.95,548.25,0,2,606.4,537.1
172,5722,5419926,615.7,559.5,606.0,537.1,610.85,548.3,0,2,606.0,537.1
172,5723,5419927,615.8,559.7,605.5,537.1,610.65,548.4,0,2,605.5,537.1
172,5724,5419928,615.9,559.9,605.0,537.5,610.45,548.7,0,2,605.0,537.5
172,5725,5419929,616.0,560.0,604.4,537.8,610.2,548.9,0,2,604.4,537.8
172,5726,5419930,616.1,560.1,603.8,538.1,609.95,549.1,0,2,603.8,538.1
172,5727,5419931,616.2,560.1,603.4,537.9,609.8,549.0,0,2,603.4,537.9
172,5728,5419932,616.2,560.0,602.9,538.3,609.55,549.15,0,2,602.9,538.3
172,5729,5419933,616.3,559.8,602.6,538.8,609.45,549.3,0,2,602.6,538.8
172,5730,5419934,616.4,559.5,602.5,539.3,609.45,549.4,0,2,602.5,539.3
172,5731,5419935,616.6,559.1,602.6,539.7,609.6,549.4,0,2,602.6,539.7
172,5732,5419936,617.0,558.8,602.8,540.0,609.9,549.4,0,2,602.8,540.0
172,5733,5419937,617.4,558.4,603.3,540.2,610.35,549.3,0,2,603.3,540.2
173,5734,5419938,617.9,558.2,603.7,540.3,610.8,549.25,0,2,603.7,540.3
173,5735,5419939,618.3,558.2,604.2,539.7,611.25,548.95,0,2,604.2,539.7
173,5736,5419940,618.8,558.3,604.7,539.2,611.75,548.75,0,2,604.7,539.2
173,5737,5419941,619.2,558.4,605.1,538.8,612.15,548.6,0,2,605.1,538.8
173,5738,5419942,619.4,558.6,605.4,538.5,612.4,548.55,0,2,605.4,538.5
173,5739,5419943,619.3,558.8,605.6,538.5,612.45,548.65,0,2,605.6,538.5
173,5740,5419944,619.3,559.0,605.5,538.7,612.4,548.85,0,2,605.5,538.7
173,5741,5419945,619.2,559.3,605.5,538.9,612.35,549.1,0,2,605.5,538.9
173,5742,5419946,619.2,559.7,605.4,539.0,612.3,549.35,0,2,605.4,539.0
173,5743,5419947,619.2,560.1,605.3,539.1,612.25,549.6,0,2,605.3,539.1
173,5744,5419948,619.3,560.5,605.3,539.1,612.3,549.8,0,2,605.3,539.1
173,5745,5419949,619.6,560.9,605.4,539.1,612.5,550.0,0,2,605.4,539.1
173,5746,5419950,620.2,561.3,605.6,538.9,612.9,550.1,0,2,605.6,538.9
173,5747,5419951,620.8,561.7,605.7,538.6,613.25,550.15,0,2,605.7,538.6
173,5748,5419952,621.4,562.0,606.0,538.5,613.7,550.25,0,2,606.0,538.5
173,5749,5419953,621.8,562.2,606.2,538.1,614.0,550.15,0,2,606.2,538.1
173,5750,5419954,622.2,562.4,606.5,537.6,614.35,550.0,0,2,606.5,537.6
173,5751,5419955,622.6,562.6,606.8,537.0,614.7,549.8,0,2,606.8,537.0
173,5752,5419956,623.1,562.8,607.0,536.3,615.05,549.55,0,2,607.0,536.3
173,5753,5419957,623.2,562.8,607.3,535.2,615.25,549.0,0,2,607.3,535.2
173,5754,5419958,623.3,562.8,607.5,534.1,615.4,548.45,0,2,607.5,534.1
173,5755,5419959,623.4,562.6,607.5,532.9,615.45,547.75,0,2,607.5,532.9
173,5756,5419960,623.6,562.5,607.5,532.1,615.55,547.3,0,2,607.5,532.1
173,5757,5419961,623.8,562.5,607.5,531.5,615.65,547.0,0,2,607.5,531.5
173,5758,5419962,623.9,562.5,607.6,531.2,615.75,546.85,0,2,607.6,531.2
173,5759,5419963,623.7,563.1,607.7,531.4,615.7,547.25,0,2,607.7,531.4
173,5760,5419964,623.2,563.9,607.7,532.0,615.45,547.95,0,2,607.7,532.0
173,5761,5419965,622.7,564.6,608.1,532.8,615.4,548.7,0,2,608.1,532.8
173,5762,5419966,622.2,565.3,608.5,533.7,615.35,549.5,0,2,608.5,533.7
173,5763,5419967,621.6,566.0,609.0,534.5,615.3,550.25,0,2,609.0,534.5
173,5764,5419968,621.1,566.4,609.4,535.3,615.25,550.85,0,2,609.4,535.3
173,5765,5419969,620.7,567.0,609.8,536.0,615.25,551.5,0,2,609.8,536.0
173,5766,5419970,620.6,567.0,610.2,536.3,615.4,551.65,0,2,610.2,536.3
174,5767,5419971,620.9,567.0,610.5,536.6,615.7,551.8,0,2,610.5,536.6
174,5768,5419972,621.2,567.1,610.5,536.7,615.85,551.9,0,2,610.5,536.7
174,5769,5419973,621.7,567.4,610.4,536.8,616.05,552.1,0,2,610.4,536.8
174,5770,5419974,622.2,567.6,610.3,536.9,616.25,552.25,0,2,610.3,536.9
174,5771,5419975,622.6,567.9,610.1,537.1,616.35,552.5,0,2,610.1,537.1
174,5772,5419976,623.0,568.2,610.0,537.2,616.5,552.7,0,2,610.0,537.2
174,5773,5419977,623.1,568.5,610.0,537.8,616.55,553.15,0,2,610.0,537.8
174,5774,5419978,623.2,568.7,610.0,538.3,616.6,553.5,0,2,610.0,538.3
174,5775,5419979,623.2,568.4,610.0,538.7,616.6,553.55,0,2,610.0,538.7
174,5776,5419980,623.0,568.0,610.3,538.6,616.65,553.3,0,2,610.3,538.6
174,5777,5419981,622.9,567.6,610.6,538.6,616.75,553.1,0,2,610.6,538.6
174,5778,5419982,622.7,567.6,610.9,538.3,616.8,552.95,0,2,610.9,538.3
174,5779,5419983,622.6,567.4,611.1,538.1,616.85,552.75,0,2,611.1,538.1
174,5780,5419984,622.9,567.3,611.2,537.2,617.05,552.25,0,2,611.2,537.2
174,5781,5419985,623.3,567.3,611.1,536.4,617.2,551.85,0,2,611.1,536.4
174,5782,5419986,623.7,567.5,611.0,535.8,617.35,551.65,0,2,611.0,535.8
174,5783,5419987,623.9,567.7,610.8,535.5,617.35,551.6,0,2,610.8,535.5
174,5784,5419988,624.2,567.9,610.6,535.2,617.4,551.55,0,2,610.6,535.2
174,5785,5419989,624.4,567.6,610.5,534.8,617.45,551.2,0,2,610.5,534.8
174,5786,5419990,624.6,567.3,610.3,534.4,617.45,550.85,0,2,610.3,534.4
174,5787,5419991,624.4,567.0,610.2,534.4,617.3,550.7,0,2,610.2,534.4
174,5788,5419992,624.3,566.8,610.1,534.7,617.2,550.75,0,2,610.1,534.7
174,5789,5419993,624.1,566.7,610.1,535.1,617.1,550.9,0,2,610.1,535.1
174,5790,5419994,624.1,566.5,610.0,535.4,617.05,550.95,0,2,610.0,535.4
174,5791,5419995,624.1,566.4,609.9,535.8,617.0,551.1,0,2,609.9,535.8
174,5792,5419996,624.0,566.3,609.8,536.3,616.9,551.3,0,2,609.8,536.3
174,5793,5419997,624.0,566.2,609.7,536.8,616.85,551.5,0,2,609.7,536.8
174,5794,5419998,624.0,566.1,609.6,537.2,616.8,551.65,0,2,609.6,537.2
174,5795,5419999,623.9,565.9,609.6,537.2,616.75,551.55,0,2,609.6,537.2
174,5796,5420000,623.9,565.6,609.5,537.1,616.7,551.35,0,2,609.5,537.1
174,5797,5420001,623.7,565.3,609.5,536.7,616.6,551.0,0,2,609.5,536.7
174,5798,5420002,623.5,565.0,609.4,536.4,616.45,550.7,0,2,609.4,536.4
174,5799,5420003,623.4,564.8,609.3,536.0,616.35,550.4,0,2,609.3,536.0
174,5800,5420004,623.2,564.7,609.2,535.6,616.2,550.15,0,2,609.2,535.6
175,5801,5420005,623.0,564.6,608.7,535.2,615.85,549.9,0,2,608.7,535.2
175,5802,5420006,622.9,564.7,608.3,534.8,615.6,549.75,0,2,608.3,534.8
175,5803,5420007,622.8,565.1,607.9,534.5,615.35,549.8,0,2,607.9,534.5
175,5804,5420008,622.8,565.7,607.4,534.5,615.1,550.1,0,2,607.4,534.5
175,5805,5420009,622.9,566.2,606.9,534.6,614.9,550.4,0,2,606.9,534.6
175,5806,5420010,622.9,566.7,606.5,534.8,614.7,550.75,0,2,606.5,534.8
175,5807,5420011,623.0,567.1,606.1,535.2,614.55,551.15,0,2,606.1,535.2
175,5808,5420012,623.0,567.4,606.1,535.5,614.55,551.45,0,2,606.1,535.5
175,5809,5420013,623.0,567.6,606.1,535.7,614.55,551.65,0,2,606.1,535.7
175,5810,5420014,623.0,567.5,606.3,535.7,614.65,551.6,0,2,606.3,535.7
175,5811,5420015,622.9,567.1,606.5,535.1,614.7,551.1,0,2,606.5,535.1
175,5812,5420016,622.8,566.7,606.9,534.5,614.85,550.6,0,2,606.9,534.5
175,5813,5420017,622.8,566.4,607.3,533.8,615.05,550.1,0,2,607.3,533.8
175,5814,5420018,623.0,566.3,608.1,533.1,615.55,549.7,0,2,608.1,533.1
175,5815,5420019,623.2,566.2,608.9,532.5,616.05,549.35,0,2,608.9,532.5
175,5816,5420020,623.4,566.3,609.6,531.9,616.5,549.1,0,2,609.6,531.9
175,5817,5420021,623.5,566.3,610.1,531.4,616.8,548.85,0,2,610.1,531.4
175,5818,5420022,623.6,566.6,610.5,531.1,617.05,548.85,0,2,610.5,531.1
175,5819,5420023,623.6,566.8,611.0,530.8,617.3,548.8,0,2,611.0,530.8
175,5820,5420024,623.6,567.0,611.5,529.6,617.55,548.3,0,2,611.5,529.6
175,5821,5420025,623.5,566.9,611.6,528.3,617.55,547.6,0,2,611.6,528.3
175,5822,5420026,623.6,566.9,611.6,526.8,617.6,546.85,0,2,611.6,526.8
175,5823,5420027,623.7,566.9,611.8,525.1,617.75,546.0,0,2,611.8,525.1
175,5824,5420028,624.0,566.9,611.3,522.9,617.65,544.9,0,2,611.3,522.9
175,5825,5420029,624.3,567.1,610.3,521.0,617.3,544.05,0,2,610.3,521.0
175,5826,5420030,624.6,567.2,609.2,518.8,616.9,543.0,0,2,609.2,518.8
175,5827,5420031,624.7,567.3,608.2,517.4,616.45,542.35,0,2,608.2,517.4
175,5828,5420032,624.8,567.3,606.9,516.2,615.85,541.75,0,2,606.9,516.2
175,5829,5420033,624.8,567.3,605.6,515.2,615.2,541.25,0,2,605.6,515.2
175,5830,5420034,624.7,567.4,604.4,514.4,614.55,540.9,0,2,604.4,514.4
175,5831,5420035,624.7,567.4,603.9,514.2,614.3,540.8,0,2,603.9,514.2
175,5832,5420036,624.6,567.5,603.8,514.1,614.2,540.8,0,2,603.8,514.1
175,5833,5420037,624.6,567.6,604.1,514.1,614.35,540.85,1,2,604.1,514.1
176,5834,5420038,624.6,567.6,604.4,514.2,614.5,540.9,0,2,604.4,514.2
176,5835,5420039,624.7,567.7,605.5,514.2,615.1,540.95,0,2,605.5,514.2
176,5836,5420040,624.7,567.8,606.6,514.8,615.65,541.3,0,2,606.6,514.8
176,5837,5420041,624.7,567.9,607.7,515.5,616.2,541.7,0,2,607.7,515.5
176,5838,5420042,624.6,568.0,608.9,516.1,616.75,542.05,0,2,608.9,516.1
176,5839,5420043,624.6,567.8,610.3,516.7,617.45,542.25,0,2,610.3,516.7
176,5840,5420044,624.5,567.7,611.4,517.3,617.95,542.5,0,2,611.4,517.3
176,5841,5420045,624.5,567.7,612.7,517.9,618.6,542.8,0,2,612.7,517.9
176,5842,5420046,624.6,567.7,613.2,518.5,618.9,543.1,1,2,613.2,518.5
176,5843,5420047,624.6,567.6,613.9,518.5,619.25,543.05,0,2,613.9,518.5
176,5844,5420048,624.6,567.4,614.1,518.2,619.35,542.8,0,2,614.1,518.2
176,5845,5420049,624.6,566.8,614.1,517.1,619.35,541.95,0,2,614.1,517.1
176,5846,5420050,624.7,566.2,613.9,516.1,619.3,541.15,0,2,613.9,516.1
176,5847,5420051,624.7,565.6,613.6,515.0,619.15,540.3,0,2,613.6,515.0
176,5848,5420052,624.8,564.0,613.3,514.0,619.05,539.0,0,2,613.3,514.0
176,5849,5420053,624.8,562.4,613.1,512.9,618.95,537.65,0,2,613.1,512.9
176,5850,5420054,624.8,560.7,612.8,512.2,618.8,536.45,1,2,612.8,512.2
176,5851,5420055,624.7,559.1,613.0,511.7,618.85,535.4,0,2,613.0,511.7
176,5852,5420056,624.6,557.9,613.1,511.9,618.85,534.9,0,2,613.1,511.9
176,5853,5420057,624.4,556.5,613.1,512.1,618.75,534.3,0,2,613.1,512.1
176,5854,5420058,624.1,555.3,613.2,512.4,618.65,533.85,0,2,613.2,512.4
176,5855,5420059,623.9,555.1,613.1,512.5,618.5,533.8,0,2,613.1,512.5
176,5856,5420060,623.7,555.3,612.2,512.6,617.95,533.95,0,2,612.2,512.6
176,5857,5420061,623.6,555.8,611.3,512.5,617.45,534.15,0,2,611.3,512.5
176,5858,5420062,623.5,556.3,610.3,512.6,616.9,534.45,0,2,610.3,512.6
176,5859,5420063,623.5,556.4,609.4,513.5,616.45,534.95,0,2,609.4,513.5
176,5860,5420064,623.5,556.1,608.5,514.5,616.0,535.3,0,2,608.5,514.5
176,5861,5420065,623.6,555.8,607.6,515.5,615.6,535.65,0,2,607.6,515.5
176,5862,5420066,623.7,555.2,607.5,516.6,615.6,535.9,0,2,607.5,516.6
176,5863,5420067,623.9,554.3,608.1,519.1,616.0,536.7,0,2,608.1,519.1
176,5864,5420068,624.0,553.4,608.9,521.5,616.45,537.45,0,2,608.9,521.5
176,5865,5420069,624.5,552.7,609.7,523.8,617.1,538.25,0,2,609.7,523.8
176,5866,5420070,624.9,552.6,610.5,525.3,617.7,538.95,0,2,610.5,525.3
177,5867,5420071,625.3,553.0,611.4,526.6,618.35,539.8,1,2,611.4,526.6
177,5868,5420072,625.6,553.5,612.3,528.1,618.95,540.8,0,2,612.3,528.1
177,5869,5420073,625.9,554.2,612.3,529.8,619.1,542.0,0,2,612.3,529.8
177,5870,5420074,626.2,554.8,612.2,530.9,619.2,542.85,0,2,612.2,530.9
177,5871,5420075,626.5,555.3,612.0,532.0,619.25,543.65,0,2,612.0,532.0
177,5872,5420076,626.6,555.6,611.8,533.2,619.2,544.4,0,2,611.8,533.2
177,5873,5420077,627.1,555.7,611.6,534.3,619.35,545.0,0,2,611.6,534.3
177,5874,5420078,627.5,555.6,611.4,535.4,619.45,545.5,0,2,611.4,535.4
177,5875,5420079,628.0,555.0,611.4,536.3,619.7,545.65,1,2,611.4,536.3
177,5876,5420080,628.4,554.5,611.5,536.7,619.95,545.6,0,2,611.5,536.7
177,5877,5420081,628.9,553.9,611.7,536.0,620.3,544.95,0,2,611.7,536.0
177,5878,5420082,629.2,553.3,612.0,534.3,620.6,543.8,0,2,612.0,534.3
177,5879,5420083,629.5,552.8,612.4,532.2,620.95,542.5,0,2,612.4,532.2
177,5880,5420084,629.0,552.4,612.8,530.1,620.9,541.25,0,2,612.8,530.1
177,5881,5420085,628.4,552.0,613.1,527.9,620.75,539.95,0,2,613.1,527.9
177,5882,5420086,627.8,551.9,613.4,525.3,620.6,538.6,0,2,613.4,525.3
177,5883,5420087,627.2,551.8,613.6,523.1,620.4,537.45,1,2,613.6,523.1
177,5884,5420088,626.7,551.3,613.8,521.2,620.25,536.25,0,2,613.8,521.2
177,5885,5420089,626.1,550.8,614.2,520.4,620.15,535.6,0,2,614.2,520.4
177,5886,5420090,625.6,550.2,614.6,520.0,620.1,535.1,0,2,614.6,520.0
177,5887,5420091,625.9,549.5,615.1,519.6,620.5,534.55,0,2,615.1,519.6
177,5888,5420092,626.5,549.0,615.9,519.4,621.2,534.2,0,2,615.9,519.4
177,5889,5420093,627.4,548.6,616.8,519.5,622.1,534.05,0,2,616.8,519.5
177,5890,5420094,628.4,548.2,617.7,519.4,623.05,533.8,0,2,617.7,519.4
177,5891,5420095,629.2,548.4,618.7,519.3,623.95,533.85,0,2,618.7,519.3
177,5892,5420096,630.0,548.6,619.4,519.1,624.7,533.85,0,2,619.4,519.1
177,5893,5420097,630.4,549.0,620.0,518.8,625.2,533.9,0,2,620.0,518.8
177,5894,5420098,629.8,549.6,620.5,518.2,625.15,533.9,0,2,620.5,518.2
177,5895,5420099,629.0,550.1,620.8,517.6,624.9,533.85,0,2,620.8,517.6
177,5896,5420100,627.5,550.6,621.2,517.1,624.35,533.85,0,2,621.2,517.1
177,5897,5420101,626.0,551.0,621.6,517.0,623.8,534.0,0,2,621.6,517.0
177,5898,5420102,624.5,551.2,621.9,518.4,623.2,534.8,0,2,621.9,518.4
177,5899,5420103,623.3,551.6,622.1,519.9,622.7,535.75,1,2,622.1,519.9
177,5900,5420104,622.5,552.3,622.3,521.7,622.4,537.0,0,2,622.3,521.7
178,5901,5420105,622.6,553.2,622.3,524.0,622.45,538.6,0,2,622.3,524.0
178,5902,5420106,622.7,554.2,622.2,526.7,622.45,540.45,0,2,622.2,526.7
178,5903,5420107,623.9,555.2,621.8,529.4,622.85,542.3,0,2,621.8,529.4
178,5904,5420108,625.1,556.7,621.4,531.5,623.25,544.1,0,2,621.4,531.5
178,5905,5420109,626.3,558.2,620.9,532.0,623.6,545.1,0,2,620.9,532.0
178,5906,5420110,627.3,559.5,620.6,531.4,623.95,545.45,0,2,620.6,531.4
178,5907,5420111,628.3,560.5,620.5,528.6,624.4,544.55,0,2,620.5,528.6
178,5908,5420112,629.0,561.0,620.9,525.6,624.95,543.3,0,2,620.9,525.6
178,5909,5420113,629.8,561.5,621.4,522.4,625.6,541.95,0,2,621.4,522.4
178,5910,5420114,629.8,562.1,622.4,519.3,626.1,540.7,0,2,622.4,519.3
178,5911,5420115,629.9,562.1,623.6,517.4,626.75,539.75,0,2,623.6,517.4
178,5912,5420116,630.0,562.6,625.4,515.6,627.7,539.1,1,2,625.4,515.6
178,5913,5420117,630.1,563.0,627.0,514.9,628.55,538.95,0,2,627.0,514.9
178,5914,5420118,630.2,563.5,628.5,516.0,629.35,539.75,0,2,628.5,516.0
178,5915,5420119,630.3,563.4,628.8,517.0,629.55,540.2,0,2,628.8,517.0
178,5916,5420120,630.4,563.3,629.2,517.8,629.8,540.55,0,2,629.2,517.8
178,5917,5420121,630.5,563.2,629.2,518.3,629.85,540.75,0,2,629.2,518.3
178,5918,5420122,630.5,563.1,628.7,517.9,629.6,540.5,0,2,628.7,517.9
178,5919,5420123,630.3,562.5,627.7,517.4,629.0,539.95,1,2,627.7,517.4
178,5920,5420124,630.1,561.9,626.1,517.1,628.1,539.5,0,2,626.1,517.1
178,5921,5420125,629.9,561.3,624.6,516.7,627.25,539.0,0,2,624.6,516.7
178,5922,5420126,629.7,561.2,623.8,516.1,626.75,538.65,0,2,623.8,516.1
178,5923,5420127,629.5,561.0,623.0,515.5,626.25,538.25,0,2,623.0,515.5
178,5924,5420128,629.6,560.8,622.3,515.1,625.95,537.95,0,2,622.3,515.1
178,5925,5420129,629.8,560.7,621.8,514.9,625.8,537.8,0,2,621.8,514.9
178,5926,5420130,630.1,560.5,621.4,514.7,625.75,537.6,0,2,621.4,514.7
178,5927,5420131,630.4,560.4,621.7,514.5,626.05,537.45,0,2,621.7,514.5
178,5928,5420132,630.7,560.2,622.3,514.3,626.5,537.25,0,2,622.3,514.3
178,5929,5420133,631.0,560.1,622.9,514.5,626.95,537.3,0,2,622.9,514.5
178,5930,5420134,631.2,559.9,623.5,514.8,627.35,537.35,0,2,623.5,514.8
178,5931,5420135,631.1,559.1,624.3,515.2,627.7,537.15,0,2,624.3,515.2
178,5932,5420136,630.9,558.1,625.0,515.4,627.95,536.75,0,2,625.0,515.4
178,5933,5420137,630.9,556.9,625.7,515.9,628.3,536.4,1,2,625.7,515.9
179,5934,5420138,630.8,555.5,626.1,516.5,628.45,536.0,0,2,626.1,516.5
179,5935,5420139,630.7,554.2,626.2,517.2,628.45,535.7,0,2,626.2,517.2
179,5936,5420140,630.8,552.9,626.1,517.8,628.45,535.35,0,2,626.1,517.8
179,5937,5420141,631.0,551.6,625.8,518.4,628.4,535.0,0,2,625.8,518.4
179,5938,5420142,631.2,550.7,624.8,519.0,628.0,534.85,0,2,624.8,519.0
179,5939,5420143,631.4,550.0,623.8,519.5,627.6,534.75,0,2,623.8,519.5
179,5940,5420144,631.6,549.6,622.9,519.9,627.25,534.75,0,2,622.9,519.9
179,5941,5420145,631.7,549.4,622.4,520.0,627.05,534.7,0,2,622.4,520.0
179,5942,5420146,631.8,549.3,622.1,520.1,626.95,534.7,1,2,622.1,520.1
179,5943,5420147,631.7,549.8,621.9,520.3,626.8,535.05,0,2,621.9,520.3
179,5944,5420148,631.7,550.4,622.0,520.5,626.85,535.45,0,2,622.0,520.5
179,5945,5420149,631.7,551.0,622.8,520.5,627.25,535.75,0,2,622.8,520.5
179,5946,5420150,631.9,551.5,623.6,520.6,627.75,536.05,0,2,623.6,520.6
179,5947,5420151,632.3,551.3,624.3,520.7,628.3,536.0,0,2,624.3,520.7
179,5948,5420152,632.7,551.0,624.9,520.9,628.8,535.95,0,2,624.9,520.9
179,5949,5420153,633.1,550.6,625.0,521.0,629.05,535.8,1,2,625.0,521.0
179,5950,5420154,633.5,549.5,624.7,520.8,629.1,535.15,0,2,624.7,520.8
179,5951,5420155,633.8,548.6,624.3,520.5,629.05,534.55,0,2,624.3,520.5
179,5952,5420156,634.0,547.8,623.8,520.2,628.9,534.0,0,2,623.8,520.2
179,5953,5420157,634.2,547.4,623.6,519.7,628.9,533.55,0,2,623.6,519.7
179,5954,5420158,634.2,547.7,623.6,519.1,628.9,533.4,0,2,623.6,519.1
179,5955,5420159,634.3,547.9,623.9,518.4,629.1,533.15,0,2,623.9,518.4
179,5956,5420160,634.6,548.2,624.2,517.6,629.4,532.9,1,2,624.2,517.6
179,5957,5420161,634.9,548.5,624.8,516.9,629.85,532.7,0,2,624.8,516.9
179,5958,5420162,635.2,548.2,625.0,516.3,630.1,532.25,0,2,625.0,516.3
179,5959,5420163,635.5,547.9,625.2,515.6,630.35,531.75,0,2,625.2,515.6
179,5960,5420164,635.9,547.3,625.0,515.2,630.45,531.25,0,2,625.0,515.2
179,5961,5420165,636.2,547.2,624.6,514.8,630.4,531.0,0,2,624.6,514.8
179,5962,5420166,636.4,547.0,624.1,514.4,630.25,530.7,0,2,624.1,514.4
179,5963,5420167,636.6,546.9,623.6,514.2,630.1,530.55,0,2,623.6,514.2
179,5964,5420168,636.6,546.9,623.3,514.0,629.95,530.45,0,2,623.3,514.0
179,5965,5420169,636.8,547.4,623.3,513.7,630.05,530.55,0,2,623.3,513.7
179,5966,5420170,636.8,547.8,623.2,513.6,630.0,530.7,0,2,623.2,513.6
180,5967,5420171,636.8,548.2,623.0,513.5,629.9,530.85,0,2,623.0,513.5
180,5968,5420172,636.8,548.1,622.7,513.4,629.75,530.75,0,2,622.7,513.4
180,5969,5420173,636.6,547.9,622.4,513.3,629.5,530.6,0,2,622.4,513.3
180,5970,5420174,636.4,547.6,622.2,513.2,629.3,530.4,0,2,622.2,513.2
180,5971,5420175,636.2,547.1,622.0,513.0,629.1,530.05,0,2,622.0,513.0
180,5972,5420176,636.1,546.6,621.8,513.2,628.95,529.9,1,2,621.8,513.2
180,5973,5420177,635.9,546.2,621.8,513.5,628.85,529.85,0,2,621.8,513.5
180,5974,5420178,636.0,546.2,622.0,514.8,629.0,530.5,0,2,622.0,514.8
180,5975,5420179,636.2,546.4,622.5,516.1,629.35,531.25,0,2,622.5,516.1
180,5976,5420180,636.5,546.7,623.0,517.4,629.75,532.05,0,2,623.0,517.4
180,5977,5420181,636.8,547.0,623.5,518.8,630.15,532.9,0,2,623.5,518.8
180,5978,5420182,637.1,547.6,624.4,519.9,630.75,533.75,0,2,624.4,519.9
180,5979,5420183,637.3,548.2,625.3,520.8,631.3,534.5,0,2,625.3,520.8
180,5980,5420184,637.6,549.0,626.2,521.6,631.9,535.3,0,2,626.2,521.6
180,5981,5420185,637.7,549.6,626.9,521.0,632.3,535.3,1,2,626.9,521.0
180,5982,5420186,637.7,549.9,627.4,520.3,632.55,535.1,0,2,627.4,520.3
180,5983,5420187,637.7,550.0,627.8,519.5,632.75,534.75,0,2,627.8,519.5
180,5984,5420188,637.8,549.7,628.2,518.6,633.0,534.15,0,2,628.2,518.6
180,5985,5420189,638.2,549.6,628.4,518.1,633.3,533.85,0,2,628.4,518.1
180,5986,5420190,638.4,549.6,628.6,517.7,633.5,533.65,0,2,628.6,517.7
180,5987,5420191,638.7,549.2,628.8,517.3,633.75,533.25,0,2,628.8,517.3
180,5988,5420192,639.1,548.8,629.0,517.4,634.05,533.1,0,2,629.0,517.4
180,5989,5420193,639.4,548.4,629.2,517.5,634.3,532.95,1,2,629.2,517.5
180,5990,5420194,639.7,548.1,629.3,517.6,634.5,532.85,0,2,629.3,517.6
180,5991,5420195,639.9,548.2,629.3,517.7,634.6,532.95,0,2,629.3,517.7
180,5992,5420196,639.8,548.2,629.3,517.7,634.55,532.95,0,2,629.3,517.7
180,5993,5420197,639.8,548.0,629.1,517.5,634.45,532.75,0,2,629.1,517.5
180,5994,5420198,639.6,547.9,629.0,517.4,634.3,532.65,0,2,629.0,517.4
180,5995,5420199,639.4,547.7,629.0,517.2,634.2,532.45,0,2,629.0,517.2
180,5996,5420200,638.8,547.7,629.0,515.8,633.9,531.75,0,2,629.0,515.8
180,5997,5420201,638.3,547.6,628.9,514.4,633.6,531.0,0,2,628.9,514.4
180,5998,5420202,638.0,547.5,628.7,513.2,633.35,530.35,0,2,628.7,513.2
180,5999,5420203,637.8,547.4,628.3,512.2,633.05,529.8,0,2,628.3,512.2
180,6000,5420204,637.5,547.2,627.9,511.1,632.7,529.15,0,2,627.9,511.1
181,6001,5420205,637.4,547.0,627.4,509.9,632.4,528.45,0,2,627.4,509.9
181,6002,5420206,637.3,546.8,626.8,508.5,632.05,527.65,0,2,626.8,508.5
181,6003,5420207,637.6,547.0,626.2,508.4,631.9,527.7,0,2,626.2,508.4
181,6004,5420208,637.9,547.3,625.6,508.1,631.75,527.7,0,2,625.6,508.1
181,6005,5420209,638.1,547.7,625.4,508.8,631.75,528.25,0,2,625.4,508.8
181,6006,5420210,638.3,548.2,625.4,509.2,631.85,528.7,0,2,625.4,509.2
181,6007,5420211,638.5,548.7,625.5,509.9,632.0,529.3,0,2,625.5,509.9
181,6008,5420212,638.8,549.4,625.7,510.9,632.25,530.15,0,2,625.7,510.9
181,6009,5420213,639.0,550.1,625.9,512.0,632.45,531.05,0,2,625.9,512.0
181,6010,5420214,639.5,550.7,626.2,513.4,632.85,532.05,0,2,626.2,513.4
181,6011,5420215,639.8,551.4,626.5,515.5,633.15,533.45,0,2,626.5,515.5
181,6012,5420216,640.1,552.0,626.8,516.9,633.45,534.45,0,2,626.8,516.9
181,6013,5420217,640.5,552.5,627.0,518.1,633.75,535.3,0,2,627.0,518.1
181,6014,5420218,640.8,553.0,627.1,519.6,633.95,536.3,0,2,627.1,519.6
181,6015,5420219,641.1,553.4,627.2,521.1,634.15,537.25,0,2,627.2,521.1
181,6016,5420220,641.3,554.0,627.1,523.4,634.2,538.7,0,2,627.1,523.4
181,6017,5420221,641.4,554.8,627.1,525.5,634.25,540.15,0,2,627.1,525.5
181,6018,5420222,641.5,555.4,627.2,526.8,634.35,541.1,0,2,627.2,526.8
181,6019,5420223,641.5,556.0,627.1,527.7,634.3,541.85,0,2,627.1,527.7
181,6020,5420224,641.7,556.7,627.1,528.6,634.4,542.65,0,2,627.1,528.6
181,6021,5420225,641.8,557.3,627.2,529.1,634.5,543.2,0,2,627.2,529.1
181,6022,5420226,641.9,557.9,627.5,529.3,634.7,543.6,0,2,627.5,529.3
181,6023,5420227,641.9,558.3,627.8,528.5,634.85,543.4,0,2,627.8,528.5
181,6024,5420228,641.9,558.3,628.1,527.8,635.0,543.05,0,2,628.1,527.8
181,6025,5420229,641.9,558.2,628.3,527.1,635.1,542.65,0,2,628.3,527.1
181,6026,5420230,641.8,558.2,628.4,526.7,635.1,542.45,0,2,628.4,526.7
181,6027,5420231,641.7,558.3,628.6,526.3,635.15,542.3,0,2,628.6,526.3
181,6028,5420232,641.7,558.4,629.1,525.9,635.4,542.15,0,2,629.1,525.9
181,6029,5420233,641.8,558.8,629.3,525.3,635.55,542.05,0,2,629.3,525.3
181,6030,5420234,642.2,559.2,629.5,524.8,635.85,542.0,0,2,629.5,524.8
181,6031,5420235,642.6,559.4,629.7,524.1,636.15,541.75,0,2,629.7,524.1
181,6032,5420236,642.9,559.6,630.0,523.5,636.45,541.55,0,2,630.0,523.5
181,6033,5420237,642.7,559.6,630.2,522.6,636.45,541.1,0,2,630.2,522.6
182,6034,5420238,642.8,559.7,630.6,521.7,636.7,540.7,0,2,630.6,521.7
182,6035,5420239,642.8,559.8,630.6,520.9,636.7,540.35,0,2,630.6,520.9
182,6036,5420240,643.1,559.6,630.8,520.4,636.95,540.0,0,2,630.8,520.4
182,6037,5420241,643.1,559.4,631.1,518.9,637.1,539.15,0,2,631.1,518.9
182,6038,5420242,643.2,559.3,631.3,517.5,637.25,538.4,0,2,631.3,517.5
182,6039,5420243,643.2,559.4,631.1,516.0,637.15,537.7,0,2,631.1,516.0
182,6040,5420244,643.7,559.2,630.8,514.5,637.25,536.85,0,2,630.8,514.5
182,6041,5420245,644.0,559.1,630.5,513.0,637.25,536.05,0,2,630.5,513.0
182,6042,5420246,644.0,558.9,630.0,511.6,637.0,535.25,0,2,630.0,511.6
182,6043,5420247,643.7,558.7,629.5,510.2,636.6,534.45,0,2,629.5,510.2
182,6044,5420248,643.4,558.5,629.5,509.7,636.45,534.1,0,2,629.5,509.7
182,6045,5420249,643.2,558.2,629.8,509.1,636.5,533.65,0,2,629.8,509.1
182,6046,5420250,643.0,557.9,630.4,508.5,636.7,533.2,0,2,630.4,508.5
182,6047,5420251,642.7,557.8,631.1,508.4,636.9,533.1,0,2,631.1,508.4
182,6048,5420252,642.6,557.5,631.8,508.7,637.2,533.1,0,2,631.8,508.7
182,6049,5420253,642.6,556.8,632.5,509.0,637.55,532.9,0,2,632.5,509.0
182,6050,5420254,642.5,555.0,632.6,509.4,637.55,532.2,0,2,632.6,509.4
182,6051,5420255,642.2,553.2,632.0,509.7,637.1,531.45,0,2,632.0,509.7
182,6052,5420256,641.9,551.4,631.3,510.3,636.6,530.85,0,2,631.3,510.3
182,6053,5420257,641.6,549.5,630.7,510.7,636.15,530.1,0,2,630.7,510.7
182,6054,5420258,641.4,547.6,630.0,512.1,635.7,529.85,0,2,630.0,512.1
182,6055,5420259,641.2,545.9,629.6,513.1,635.4,529.5,0,2,629.6,513.1
182,6056,5420260,641.1,544.8,630.0,514.4,635.55,529.6,0,2,630.0,514.4
182,6057,5420261,641.0,544.7,630.7,515.8,635.85,530.25,0,2,630.7,515.8
182,6058,5420262,641.0,544.7,631.5,518.2,636.25,531.45,0,2,631.5,518.2
182,6059,5420263,641.1,544.7,632.1,520.7,636.6,532.7,0,2,632.1,520.7
182,6060,5420264,641.4,544.7,632.8,523.2,637.1,533.95,0,2,632.8,523.2
182,6061,5420265,641.5,544.9,633.4,524.9,637.45,534.9,0,2,633.4,524.9
182,6062,5420266,641.6,545.1,633.6,526.5,637.6,535.8,0,2,633.6,526.5
182,6063,5420267,641.0,545.3,633.0,527.8,637.0,536.55,0,2,633.0,527.8
182,6064,5420268,640.3,545.5,632.3,528.7,636.3,537.1,0,2,632.3,528.7
182,6065,5420269,639.6,545.7,631.6,528.1,635.6,536.9,0,2,631.6,528.1
182,6066,5420270,638.8,545.9,631.0,527.2,634.9,536.55,0,2,631.0,527.2
183,6067,5420271,638.0,546.2,630.5,526.1,634.25,536.15,0,2,630.5,526.1
183,6068,5420272,637.4,546.4,630.3,524.8,633.85,535.6,0,2,630.3,524.8
183,6069,5420273,636.9,546.6,630.5,523.2,633.7,534.9,0,2,630.5,523.2
183,6070,5420274,636.9,546.9,630.7,520.8,633.8,533.85,0,2,630.7,520.8
183,6071,5420275,638.1,547.5,631.1,518.7,634.6,533.1,0,2,631.1,518.7
183,6072,5420276,639.4,548.2,631.5,517.1,635.45,532.65,0,2,631.5,517.1
183,6073,5420277,640.6,549.1,631.9,516.2,636.25,532.65,0,2,631.9,516.2
183,6074,5420278,641.9,549.9,632.3,515.3,637.1,532.6,0,2,632.3,515.3
183,6075,5420279,642.9,550.9,632.3,515.3,637.6,533.1,0,2,632.3,515.3
183,6076,5420280,643.8,551.9,632.3,515.5,638.05,533.7,0,2,632.3,515.5
183,6077,5420281,644.6,552.6,632.2,516.6,638.4,534.6,0,2,632.2,516.6
183,6078,5420282,644.4,553.1,632.2,517.7,638.3,535.4,0,2,632.2,517.7
183,6079,5420283,644.0,553.6,632.2,518.5,638.1,536.05,0,2,632.2,518.5
183,6080,5420284,643.7,554.0,632.3,518.7,638.0,536.35,0,2,632.3,518.7
183,6081,5420285,643.3,554.4,632.6,518.6,637.95,536.5,0,2,632.6,518.6
183,6082,5420286,642.9,554.5,633.0,516.6,637.95,535.55,0,2,633.0,516.6
183,6083,5420287,642.5,554.7,633.7,514.0,638.1,534.35,0,2,633.7,514.0
183,6084,5420288,642.2,554.8,634.5,511.3,638.35,533.05,0,2,634.5,511.3
183,6085,5420289,641.9,554.9,635.5,508.7,638.7,531.8,0,2,635.5,508.7
183,6086,5420290,641.8,554.8,636.4,505.8,639.1,530.3,0,2,636.4,505.8
183,6087,5420291,641.9,554.8,637.3,503.1,639.6,528.95,0,2,637.3,503.1
183,6088,5420292,641.9,554.7,637.8,500.7,639.85,527.7,0,2,637.8,500.7
183,6089,5420293,642.3,554.6,638.3,499.6,640.3,527.1,0,2,638.3,499.6
183,6090,5420294,642.6,554.6,638.2,499.2,640.4,526.9,0,2,638.2,499.2
183,6091,5420295,643.0,554.5,637.5,498.8,640.25,526.65,0,2,637.5,498.8
183,6092,5420296,643.3,554.5,636.8,498.5,640.05,526.5,0,2,636.8,498.5
183,6093,5420297,643.7,554.5,635.9,498.7,639.8,526.6,0,2,635.9,498.7
183,6094,5420298,643.9,555.1,634.3,499.0,639.1,527.05,0,2,634.3,499.0
183,6095,5420299,644.1,555.5,632.8,499.2,638.45,527.35,0,2,632.8,499.2
183,6096,5420300,644.3,556.0,631.3,499.3,637.8,527.65,0,2,631.3,499.3
183,6097,5420301,644.4,556.6,630.2,499.2,637.3,527.9,0,2,630.2,499.2
183,6098,5420302,644.5,557.2,629.3,498.8,636.9,528.0,0,2,629.3,498.8
183,6099,5420303,644.6,557.7,628.4,498.2,636.5,527.95,0,2,628.4,498.2
183,6100,5420304,644.5,558.1,627.6,497.6,636.05,527.85,0,2,627.6,497.6
184,6101,5420305,644.5,557.9,627.5,497.1,636.0,527.5,0,2,627.5,497.1
184,6102,5420306,644.5,557.8,627.9,496.7,636.2,527.25,0,2,627.9,496.7
184,6103,5420307,644.5,557.8,629.9,496.8,637.2,527.3,0,2,629.9,496.8
184,6104,5420308,644.8,556.8,631.9,497.1,638.35,526.95,0,2,631.9,497.1
184,6105,5420309,645.1,555.1,634.1,497.8,639.6,526.45,0,2,634.1,497.8
184,6106,5420310,645.4,553.6,636.2,498.6,640.8,526.1,0,2,636.2,498.6
184,6107,5420311,645.8,552.0,638.4,499.7,642.1,525.85,0,2,638.4,499.7
184,6108,5420312,646.1,550.4,640.6,501.1,643.35,525.75,0,2,640.6,501.1
184,6109,5420313,646.4,548.5,642.3,502.3,644.35,525.4,0,2,642.3,502.3
184,6110,5420314,646.6,546.4,642.4,503.5,644.5,524.95,0,2,642.4,503.5
184,6111,5420315,646.5,545.2,642.3,504.6,644.4,524.9,0,2,642.3,504.6
184,6112,5420316,646.4,544.5,642.1,505.8,644.25,525.15,0,2,642.1,505.8
184,6113,5420317,646.3,543.7,641.8,506.8,644.05,525.25,0,2,641.8,506.8
184,6114,5420318,646.2,543.1,641.5,507.6,643.85,525.35,0,2,641.5,507.6
184,6115,5420319,646.1,542.3,640.8,507.9,643.45,525.1,0,2,640.8,507.9
184,6116,5420320,646.0,541.8,639.9,508.1,642.95,524.95,0,2,639.9,508.1
184,6117,5420321,645.8,541.7,639.2,508.1,642.5,524.9,0,2,639.2,508.1
184,6118,5420322,645.7,541.7,638.6,508.0,642.15,524.85,0,2,638.6,508.0
184,6119,5420323,645.6,541.6,638.0,507.8,641.8,524.7,0,2,638.0,507.8
184,6120,5420324,645.5,541.5,637.4,507.4,641.45,524.45,0,2,637.4,507.4
184,6121,5420325,645.3,541.3,636.8,507.0,641.05,524.15,0,2,636.8,507.0
184,6122,5420326,645.2,541.2,636.8,506.7,641.0,523.95,0,2,636.8,506.7
184,6123,5420327,645.2,541.0,636.6,506.6,640.9,523.8,0,2,636.6,506.6
184,6124,5420328,645.3,540.8,636.4,506.9,640.85,523.85,0,2,636.4,506.9
184,6125,5420329,645.4,540.4,636.2,507.3,640.8,523.85,0,2,636.2,507.3
184,6126,5420330,645.7,540.1,635.5,507.6,640.6,523.85,0,2,635.5,507.6
184,6127,5420331,646.2,540.0,634.8,507.9,640.5,523.95,0,2,634.8,507.9
184,6128,5420332,646.6,539.8,634.1,508.1,640.35,523.95,0,2,634.1,508.1
184,6129,5420333,647.1,539.8,633.6,507.4,640.35,523.6,0,2,633.6,507.4
184,6130,5420334,647.6,539.8,633.3,506.6,640.45,523.2,0,2,633.3,506.6
184,6131,5420335,648.0,539.9,633.0,505.4,640.5,522.65,0,2,633.0,505.4
184,6132,5420336,648.0,539.9,632.9,504.3,640.45,522.1,0,2,632.9,504.3
184,6133,5420337,647.8,539.9,633.3,503.3,640.55,521.6,0,2,633.3,503.3
185,6134,5420338,647.6,539.9,633.6,502.4,640.6,521.15,0,2,633.6,502.4
185,6135,5420339,647.3,539.8,634.0,501.6,640.65,520.7,0,2,634.0,501.6
185,6136,5420340,647.0,539.8,634.2,501.7,640.6,520.75,0,2,634.2,501.7
185,6137,5420341,646.7,539.8,634.6,501.7,640.65,520.75,0,2,634.6,501.7
185,6138,5420342,646.6,539.9,635.0,501.4,640.8,520.65,0,2,635.0,501.4
185,6139,5420343,646.7,539.9,635.1,501.1,640.9,520.5,0,2,635.1,501.1
185,6140,5420344,646.8,540.0,635.2,500.7,641.0,520.35,0,2,635.2,500.7
185,6141,5420345,646.9,540.1,635.4,500.4,641.15,520.25,0,2,635.4,500.4
185,6142,5420346,647.0,540.1,635.6,500.3,641.3,520.2,0,2,635.6,500.3
185,6143,5420347,647.0,540.0,635.8,500.2,641.4,520.1,0,2,635.8,500.2
185,6144,5420348,646.9,539.7,635.9,500.0,641.4,519.85,0,2,635.9,500.0
185,6145,5420349,646.8,539.4,636.0,500.0,641.4,519.7,0,2,636.0,500.0
185,6146,5420350,646.6,539.0,636.1,500.0,641.35,519.5,0,2,636.1,500.0
185,6147,5420351,646.4,538.6,636.2,499.7,641.3,519.15,0,2,636.2,499.7
185,6148,5420352,646.2,538.4,636.2,499.5,641.2,518.95,0,2,636.2,499.5
185,6149,5420353,646.1,538.2,636.2,499.1,641.15,518.65,0,2,636.2,499.1
185,6150,5420354,646.0,538.1,636.1,498.8,641.05,518.45,0,2,636.1,498.8
185,6151,5420355,645.9,538.1,636.1,498.6,641.0,518.35,0,2,636.1,498.6
185,6152,5420356,645.8,538.1,635.9,498.4,640.85,518.25,0,2,635.9,498.4
185,6153,5420357,645.7,538.2,635.7,498.3,640.7,518.25,0,2,635.7,498.3
185,6154,5420358,645.7,538.4,635.5,498.3,640.6,518.35,0,2,635.5,498.3
185,6155,5420359,645.8,538.5,635.2,498.4,640.5,518.45,0,2,635.2,498.4
185,6156,5420360,645.8,538.4,635.0,498.5,640.4,518.45,0,2,635.0,498.5
185,6157,5420361,646.0,538.2,634.7,498.4,640.35,518.3,0,2,634.7,498.4
185,6158,5420362,646.1,538.0,634.4,498.5,640.25,518.25,0,2,634.4,498.5
185,6159,5420363,646.4,537.9,634.2,498.5,640.3,518.2,0,2,634.2,498.5
185,6160,5420364,646.6,537.7,633.9,498.7,640.25,518.2,0,2,633.9,498.7
185,6161,5420365,646.7,537.6,633.7,498.8,640.2,518.2,0,2,633.7,498.8
185,6162,5420366,646.9,537.7,633.5,498.9,640.2,518.3,0,2,633.5,498.9
185,6163,5420367,647.0,537.8,633.3,499.2,640.15,518.5,0,2,633.3,499.2
185,6164,5420368,647.1,538.8,633.1,499.7,640.1,519.25,0,2,633.1,499.7
185,6165,5420369,647.2,539.6,632.9,500.5,640.05,520.05,0,2,632.9,500.5
185,6166,5420370,647.2,540.4,632.5,501.2,639.85,520.8,0,2,632.5,501.2
186,6167,5420371,647.2,541.1,632.0,501.8,639.6,521.45,0,2,632.0,501.8
186,6168,5420372,647.1,541.7,631.6,502.3,639.35,522.0,0,2,631.6,502.3
186,6169,5420373,647.0,542.0,631.2,502.8,639.1,522.4,0,2,631.2,502.8
186,6170,5420374,647.0,542.3,630.8,503.0,638.9,522.65,0,2,630.8,503.0
186,6171,5420375,646.9,542.2,630.5,503.0,638.7,522.6,0,2,630.5,503.0
186,6172,5420376,646.9,542.0,630.3,502.6,638.6,522.3,0,2,630.3,502.6
186,6173,5420377,646.8,541.8,630.4,502.2,638.6,522.0,0,2,630.4,502.2
186,6174,5420378,646.9,541.7,631.0,501.8,638.95,521.75,0,2,631.0,501.8
186,6175,5420379,647.1,541.6,631.7,501.5,639.4,521.55,0,2,631.7,501.5
186,6176,5420380,647.5,541.7,632.3,501.2,639.9,521.45,0,2,632.3,501.2
186,6177,5420381,647.9,542.0,633.0,501.6,640.45,521.8,0,2,633.0,501.6
186,6178,5420382,648.3,542.6,633.6,502.0,640.95,522.3,0,2,633.6,502.0
186,6179,5420383,648.7,543.2,634.2,502.9,641.45,523.05,0,2,634.2,502.9
186,6180,5420384,649.1,543.8,634.8,503.9,641.95,523.85,0,2,634.8,503.9
186,6181,5420385,649.6,544.4,634.5,504.9,642.05,524.65,0,2,634.5,504.9
186,6182,5420386,649.9,544.9,634.0,505.8,641.95,525.35,0,2,634.0,505.8
186,6183,5420387,650.1,545.4,633.5,506.7,641.8,526.05,0,2,633.5,506.7
186,6184,5420388,650.3,545.8,633.0,507.3,641.65,526.55,0,2,633.0,507.3
186,6185,5420389,650.4,545.9,632.5,507.8,641.45,526.85,0,2,632.5,507.8
186,6186,5420390,650.6,546.1,632.5,507.7,641.55,526.9,0,2,632.5,507.7
186,6187,5420391,650.6,546.5,632.6,507.3,641.6,526.9,0,2,632.6,507.3
186,6188,5420392,650.3,546.9,633.0,506.8,641.65,526.85,0,2,633.0,506.8
186,6189,5420393,650.1,547.4,633.7,506.3,641.9,526.85,0,2,633.7,506.3
186,6190,5420394,649.8,547.8,634.5,504.9,642.15,526.35,0,2,634.5,504.9
186,6191,5420395,649.5,548.2,635.4,503.6,642.45,525.9,0,2,635.4,503.6
186,6192,5420396,649.4,548.4,636.4,502.4,642.9,525.4,0,2,636.4,502.4
186,6193,5420397,649.5,548.5,636.9,500.5,643.2,524.5,0,2,636.9,500.5
186,6194,5420398,649.8,548.5,637.4,499.0,643.6,523.75,0,2,637.4,499.0
186,6195,5420399,650.2,548.3,637.9,497.1,644.05,522.7,0,2,637.9,497.1
186,6196,5420400,650.6,548.2,638.4,494.7,644.5,521.45,0,2,638.4,494.7
186,6197,5420401,651.0,548.2,638.7,493.2,644.85,520.7,0,2,638.7,493.2
186,6198,5420402,651.3,548.6,639.4,491.3,645.35,519.95,0,2,639.4,491.3
186,6199,5420403,651.6,549.1,640.0,489.5,645.8,519.3,0,2,640.0,489.5
186,6200,5420404,651.5,549.6,641.0,488.4,646.25,519.0,0,2,641.0,488.4
187,6201,5420405,651.4,550.1,642.0,487.3,646.7,518.7,0,2,642.0,487.3
187,6202,5420406,651.4,550.8,643.5,486.7,647.45,518.75,0,2,643.5,486.7
187,6203,5420407,651.3,551.4,644.8,486.9,648.05,519.15,0,2,644.8,486.9
187,6204,5420408,651.2,551.8,646.1,487.1,648.65,519.45,0,2,646.1,487.1
187,6205,5420409,651.0,551.8,647.0,487.6,649.0,519.7,0,2,647.0,487.6
187,6206,5420410,650.7,551.7,647.9,488.5,649.3,520.1,0,2,647.9,488.5
187,6207,5420411,650.3,551.7,647.6,489.4,648.95,520.55,0,2,647.6,489.4
187,6208,5420412,650.0,551.7,647.4,491.0,648.7,521.35,0,2,647.4,491.0
187,6209,5420413,649.6,551.9,646.4,493.0,648.0,522.45,0,2,646.4,493.0
187,6210,5420414,649.3,552.1,645.3,494.7,647.3,523.4,0,2,645.3,494.7
187,6211,5420415,649.1,552.6,644.1,498.1,646.6,525.35,0,2,644.1,498.1
187,6212,5420416,649.2,553.1,642.8,501.4,646.0,527.25,0,2,642.8,501.4
187,6213,5420417,649.5,553.6,641.5,504.3,645.5,528.95,0,2,641.5,504.3
187,6214,5420418,649.9,554.1,640.9,507.2,645.4,530.65,0,2,640.9,507.2
187,6215,5420419,650.4,554.7,640.4,509.5,645.4,532.1,0,2,640.4,509.5
187,6216,5420420,651.1,555.1,640.4,511.3,645.75,533.2,0,2,640.4,511.3
187,6217,5420421,651.9,555.5,640.8,513.3,646.35,534.4,0,2,640.8,513.3
187,6218,5420422,652.6,555.6,641.3,513.6,646.95,534.6,0,2,641.3,513.6
187,6219,5420423,653.1,555.6,642.0,513.9,647.55,534.75,0,2,642.0,513.9
187,6220,5420424,653.5,555.5,642.6,514.0,648.05,534.75,0,2,642.6,514.0
187,6221,5420425,653.8,555.4,643.1,514.2,648.45,534.8,0,2,643.1,514.2
187,6222,5420426,654.0,555.2,643.5,514.4,648.75,534.8,0,2,643.5,514.4
187,6223,5420427,653.9,555.0,643.5,514.6,648.7,534.8,0,2,643.5,514.6
187,6224,5420428,653.7,554.7,642.9,514.6,648.3,534.65,0,2,642.9,514.6
187,6225,5420429,653.5,554.4,641.9,514.4,647.7,534.4,0,2,641.9,514.4
187,6226,5420430,653.2,553.8,640.8,514.1,647.0,533.95,0,2,640.8,514.1
187,6227,5420431,653.1,553.2,639.5,513.1,646.3,533.15,0,2,639.5,513.1
187,6228,5420432,653.0,552.6,638.2,512.1,645.6,532.35,0,2,638.2,512.1
187,6229,5420433,652.8,552.0,637.0,510.9,644.9,531.45,0,2,637.0,510.9
187,6230,5420434,652.8,551.4,636.0,509.5,644.4,530.45,0,2,636.0,509.5
187,6231,5420435,652.7,550.8,635.7,508.0,644.2,529.4,0,2,635.7,508.0
187,6232,5420436,652.7,550.3,635.9,506.6,644.3,528.45,0,2,635.9,506.6
187,6233,5420437,652.7,550.1,636.4,504.9,644.55,527.5,0,2,636.4,504.9
188,6234,5420438,652.7,549.9,637.7,503.9,645.2,526.9,0,2,637.7,503.9
188,6235,5420439,652.7,549.6,639.1,502.5,645.9,526.05,0,2,639.1,502.5
188,6236,5420440,653.1,548.7,640.5,500.6,646.8,524.65,0,2,640.5,500.6
188,6237,5420441,653.7,548.0,641.9,498.8,647.8,523.4,0,2,641.9,498.8
188,6238,5420442,654.3,547.0,642.8,497.2,648.55,522.1,0,2,642.8,497.2
188,6239,5420443,655.0,545.9,643.6,495.6,649.3,520.75,0,2,643.6,495.6
188,6240,5420444,654.6,544.5,643.5,494.6,649.05,519.55,0,2,643.5,494.6
188,6241,5420445,654.3,543.3,642.8,493.5,648.55,518.4,0,2,642.8,493.5
188,6242,5420446,653.8,542.1,642.0,493.0,647.9,517.55,0,2,642.0,493.0
188,6243,5420447,652.9,541.2,641.8,492.9,647.35,517.05,0,2,641.8,492.9
188,6244,5420448,651.8,540.4,641.5,492.9,646.65,516.65,0,2,641.5,492.9
188,6245,5420449,650.7,539.6,641.4,492.8,646.05,516.2,0,2,641.4,492.8
188,6246,5420450,649.5,538.7,641.3,492.8,645.4,515.75,0,2,641.3,492.8
188,6247,5420451,649.3,538.1,641.9,492.5,645.6,515.3,0,2,641.9,492.5
188,6248,5420452,649.1,537.4,642.4,492.5,645.75,514.95,0,2,642.4,492.5
188,6249,5420453,649.1,536.8,643.0,492.8,646.05,514.8,0,2,643.0,492.8
188,6250,5420454,649.4,536.4,642.8,493.9,646.1,515.15,0,2,642.8,493.9
188,6251,5420455,649.6,535.9,642.5,495.0,646.05,515.45,0,2,642.5,495.0
188,6252,5420456,650.2,535.7,642.1,496.1,646.15,515.9,0,2,642.1,496.1
188,6253,5420457,650.8,535.8,641.7,497.5,646.25,516.65,0,2,641.7,497.5
188,6254,5420458,651.4,536.3,641.3,499.1,646.35,517.7,0,2,641.3,499.1
188,6255,5420459,651.9,536.7,640.8,500.5,646.35,518.6,0,2,640.8,500.5
188,6256,5420460,652.5,537.3,640.5,501.6,646.5,519.45,0,2,640.5,501.6
188,6257,5420461,652.9,537.9,640.5,502.1,646.7,520.0,0,2,640.5,502.1
188,6258,5420462,653.5,539.1,641.2,502.5,647.35,520.8,0,2,641.2,502.5
188,6259,5420463,653.9,540.3,641.8,502.9,647.85,521.6,0,2,641.8,502.9
188,6260,5420464,654.3,542.1,642.5,503.2,648.4,522.65,0,2,642.5,503.2
188,6261,5420465,654.8,543.7,643.5,503.5,649.15,523.6,0,2,643.5,503.5
188,6262,5420466,655.3,545.4,644.2,503.4,649.75,524.4,0,2,644.2,503.4
188,6263,5420467,655.9,547.6,644.7,503.4,650.3,525.5,0,2,644.7,503.4
188,6264,5420468,656.3,549.7,644.4,503.1,650.35,526.4,0,2,644.4,503.1
188,6265,5420469,656.6,551.1,643.1,502.6,649.85,526.85,0,2,643.1,502.6
188,6266,5420470,656.8,552.4,641.7,502.1,649.25,527.25,0,2,641.7,502.1
189,6267,5420471,657.1,553.0,640.0,501.5,648.55,527.25,0,2,640.0,501.5
189,6268,5420472,657.5,553.6,638.3,501.0,647.9,527.3,0,2,638.3,501.0
189,6269,5420473,657.9,553.8,637.0,499.8,647.45,526.8,0,2,637.0,499.8
189,6270,5420474,658.2,553.4,636.4,498.4,647.3,525.9,0,2,636.4,498.4
189,6271,5420475,658.3,553.0,636.6,496.8,647.45,524.9,0,2,636.6,496.8
189,6272,5420476,658.3,552.6,637.3,495.4,647.8,524.0,0,2,637.3,495.4
189,6273,5420477,658.3,552.3,638.5,493.9,648.4,523.1,0,2,638.5,493.9
189,6274,5420478,658.1,552.0,640.2,492.6,649.15,522.3,0,2,640.2,492.6
189,6275,5420479,657.6,551.3,641.7,491.3,649.65,521.3,0,2,641.7,491.3
189,6276,5420480,657.2,551.0,643.0,491.4,650.1,521.2,0,2,643.0,491.4
189,6277,5420481,656.8,550.8,643.7,492.0,650.25,521.4,0,2,643.7,492.0
189,6278,5420482,656.6,550.6,644.2,493.7,650.4,522.15,0,2,644.2,493.7
189,6279,5420483,656.5,550.1,644.5,495.9,650.5,523.0,0,2,644.5,495.9
189,6280,5420484,656.4,549.7,644.3,498.9,650.35,524.3,0,2,644.3,498.9
189,6281,5420485,656.5,548.7,644.0,501.9,650.25,525.3,0,2,644.0,501.9
189,6282,5420486,656.7,548.1,643.6,504.9,650.15,526.5,0,2,643.6,504.9
189,6283,5420487,656.9,547.4,643.2,507.3,650.05,527.35,0,2,643.2,507.3
189,6284,5420488,657.6,546.7,642.7,509.4,650.15,528.05,0,2,642.7,509.4
189,6285,5420489,658.3,545.2,642.4,510.7,650.35,527.95,0,2,642.4,510.7
189,6286,5420490,658.9,543.9,642.0,511.5,650.45,527.7,0,2,642.0,511.5
189,6287,5420491,659.1,542.5,641.9,511.5,650.5,527.0,0,2,641.9,511.5
189,6288,5420492,659.2,541.6,641.6,511.5,650.4,526.55,0,2,641.6,511.5
189,6289,5420493,658.7,540.7,641.4,511.7,650.05,526.2,0,2,641.4,511.7
189,6290,5420494,657.3,539.8,641.2,511.9,649.25,525.85,0,2,641.2,511.9
189,6291,5420495,655.4,539.0,641.0,512.2,648.2,525.6,0,2,641.0,512.2
189,6292,5420496,653.5,538.7,641.0,512.6,647.25,525.65,0,2,641.0,512.6
189,6293,5420497,652.4,538.3,641.4,512.8,646.9,525.55,0,2,641.4,512.8
189,6294,5420498,651.9,537.6,642.2,512.9,647.05,525.25,0,2,642.2,512.9
189,6295,5420499,651.8,536.9,643.0,512.9,647.4,524.9,0,2,643.0,512.9
189,6296,5420500,652.5,536.2,643.7,512.6,648.1,524.4,0,2,643.7,512.6
189,6297,5420501,654.1,536.0,644.5,511.9,649.3,523.95,0,2,644.5,511.9
189,6298,5420502,655.8,535.8,645.0,511.3,650.4,523.55,0,2,645.0,511.3
189,6299,5420503,657.5,535.8,645.5,510.6,651.5,523.2,0,2,645.5,510.6
189,6300,5420504,658.4,535.9,645.6,509.5,652.0,522.7,0,2,645.6,509.5
190,6301,5420505,659.2,536.6,645.3,508.0,652.25,522.3,0,2,645.3,508.0
190,6302,5420506,659.6,537.2,644.9,506.0,652.25,521.6,0,2,644.9,506.0
190,6303,5420507,659.7,537.7,644.5,504.0,652.1,520.85,0,2,644.5,504.0
190,6304,5420508,659.5,537.7,644.2,502.4,651.85,520.05,0,2,644.2,502.4
190,6305,5420509,659.4,537.8,643.9,500.6,651.65,519.2,0,2,643.9,500.6
190,6306,5420510,659.3,538.3,643.7,498.9,651.5,518.6,0,2,643.7,498.9
190,6307,5420511,659.1,539.0,643.5,497.1,651.3,518.05,0,2,643.5,497.1
190,6308,5420512,658.9,539.7,643.7,495.9,651.3,517.8,0,2,643.7,495.9
190,6309,5420513,658.7,540.9,643.9,495.1,651.3,518.0,0,2,643.9,495.1
190,6310,5420514,658.8,542.2,644.1,494.2,651.45,518.2,0,2,644.1,494.2
190,6311,5420515,658.8,543.4,644.3,493.3,651.55,518.35,0,2,644.3,493.3
190,6312,5420516,659.0,545.2,644.6,492.5,651.8,518.85,0,2,644.6,492.5
190,6313,5420517,659.1,546.5,644.9,491.6,652.0,519.05,0,2,644.9,491.6
190,6314,5420518,659.4,547.7,645.0,491.4,652.2,519.55,0,2,645.0,491.4
190,6315,5420519,659.8,548.8,644.8,491.1,652.3,519.95,0,2,644.8,491.1
190,6316,5420520,660.1,549.4,644.3,490.8,652.2,520.1,0,2,644.3,490.8
190,6317,5420521,660.4,550.0,643.9,490.5,652.15,520.25,0,2,643.9,490.5
190,6318,5420522,660.7,550.6,643.5,490.3,652.1,520.45,0,2,643.5,490.3
190,6319,5420523,660.8,550.3,643.3,490.2,652.05,520.25,0,2,643.3,490.2
190,6320,5420524,661.0,550.0,643.0,490.3,652.0,520.15,0,2,643.0,490.3
190,6321,5420525,661.2,549.8,642.8,490.3,652.0,520.05,0,2,642.8,490.3
190,6322,5420526,661.2,549.5,642.2,490.5,651.7,520.0,0,2,642.2,490.5
190,6323,5420527,661.5,549.3,642.0,490.9,651.75,520.1,0,2,642.0,490.9
190,6324,5420528,661.7,549.0,641.8,491.5,651.75,520.25,0,2,641.8,491.5
190,6325,5420529,661.8,548.7,641.5,492.8,651.65,520.75,0,2,641.5,492.8
190,6326,5420530,662.0,548.6,641.1,494.0,651.55,521.3,0,2,641.1,494.0
190,6327,5420531,662.0,548.4,641.4,495.0,651.7,521.7,0,2,641.4,495.0
190,6328,5420532,662.1,548.1,641.9,496.0,652.0,522.05,0,2,641.9,496.0
190,6329,5420533,662.0,547.8,642.4,496.8,652.2,522.3,0,2,642.4,496.8
190,6330,5420534,661.6,547.5,642.8,497.2,652.2,522.35,0,2,642.8,497.2
190,6331,5420535,661.3,547.2,642.3,497.4,651.8,522.3,0,2,642.3,497.4
190,6332,5420536,660.9,546.3,641.7,496.9,651.3,521.6,0,2,641.7,496.9
190,6333,5420537,660.5,545.3,641.1,496.5,650.8,520.9,0,2,641.1,496.5
191,6334,5420538,660.7,544.3,639.9,496.1,650.3,520.2,0,2,639.9,496.1
191,6335,5420539,661.2,543.3,639.2,495.7,650.2,519.5,0,2,639.2,495.7
191,6336,5420540,661.8,542.4,639.3,495.5,650.55,518.95,0,2,639.3,495.5
191,6337,5420541,662.4,541.5,640.3,495.8,651.35,518.65,0,2,640.3,495.8
191,6338,5420542,663.1,540.4,642.3,495.9,652.7,518.15,0,2,642.3,495.9
191,6339,5420543,663.6,539.6,644.9,496.0,654.25,517.8,0,2,644.9,496.0
191,6340,5420544,663.4,538.7,647.2,495.6,655.3,517.15,0,2,647.2,495.6
191,6341,5420545,662.1,537.9,649.3,495.1,655.7,516.5,0,2,649.3,495.1
191,6342,5420546,660.4,537.0,649.9,494.5,655.15,515.75,0,2,649.9,494.5
191,6343,5420547,658.8,536.0,648.6,493.9,653.7,514.95,0,2,648.6,493.9
191,6344,5420548,657.4,535.2,646.6,493.0,652.0,514.1,0,2,646.6,493.0
191,6345,5420549,656.8,534.5,644.4,491.9,650.6,513.2,0,2,644.4,491.9
191,6346,5420550,656.8,534.3,642.7,490.6,649.75,512.45,0,2,642.7,490.6
191,6347,5420551,657.6,534.2,641.2,489.6,649.4,511.9,0,2,641.2,489.6
191,6348,5420552,659.5,534.7,640.7,488.5,650.1,511.6,0,2,640.7,488.5
191,6349,5420553,661.2,535.4,641.1,487.3,651.15,511.35,0,2,641.1,487.3
191,6350,5420554,662.8,536.2,643.2,486.1,653.0,511.15,0,2,643.2,486.1
191,6351,5420555,663.2,536.9,645.2,485.1,654.2,511.0,0,2,645.2,485.1
191,6352,5420556,663.0,537.6,647.1,484.4,655.05,511.0,0,2,647.1,484.4
191,6353,5420557,662.5,537.8,648.1,484.2,655.3,511.0,0,2,648.1,484.2
191,6354,5420558,661.8,538.0,648.9,485.4,655.35,511.7,0,2,648.9,485.4
191,6355,5420559,660.7,537.6,648.8,487.0,654.75,512.3,0,2,648.8,487.0
191,6356,5420560,659.9,537.1,648.8,488.6,654.35,512.85,0,2,648.8,488.6
191,6357,5420561,659.3,536.7,648.4,490.4,653.85,513.55,0,2,648.4,490.4
191,6358,5420562,659.6,536.6,648.0,491.5,653.8,514.05,0,2,648.0,491.5
191,6359,5420563,660.0,536.8,647.6,492.5,653.8,514.65,0,2,647.6,492.5
191,6360,5420564,660.5,537.5,647.4,493.3,653.95,515.4,0,2,647.4,493.3
191,6361,5420565,660.9,538.3,647.4,493.1,654.15,515.7,0,2,647.4,493.1
191,6362,5420566,661.3,539.5,647.3,492.7,654.3,516.1,0,2,647.3,492.7
191,6363,5420567,661.8,540.7,647.2,492.3,654.5,516.5,0,2,647.2,492.3
191,6364,5420568,662.2,541.9,647.0,493.1,654.6,517.5,0,2,647.0,493.1
191,6365,5420569,662.6,542.8,646.8,496.5,654.7,519.65,0,2,646.8,496.5
191,6366,5420570,662.8,543.5,646.5,500.1,654.65,521.8,0,2,646.5,500.1
192,6367,5420571,662.8,544.4,646.2,503.6,654.5,524.0,0,2,646.2,503.6
192,6368,5420572,662.7,545.5,646.1,507.0,654.4,526.25,0,2,646.1,507.0
192,6369,5420573,662.6,546.1,646.2,510.4,654.4,528.25,0,2,646.2,510.4
192,6370,5420574,662.3,546.7,646.4,513.7,654.35,530.2,0,2,646.4,513.7
192,6371,5420575,662.0,547.5,646.8,516.0,654.4,531.75,0,2,646.8,516.0
192,6372,5420576,661.8,548.2,647.3,516.1,654.55,532.15,0,2,647.3,516.1
192,6373,5420577,661.7,549.1,647.5,516.0,654.6,532.55,0,2,647.5,516.0
192,6374,5420578,662.1,549.8,647.5,515.3,654.8,532.55,0,2,647.5,515.3
192,6375,5420579,662.4,550.1,647.4,514.5,654.9,532.3,0,2,647.4,514.5
192,6376,5420580,662.8,550.0,647.2,513.6,655.0,531.8,0,2,647.2,513.6
192,6377,5420581,663.2,550.0,646.9,512.8,655.05,531.4,0,2,646.9,512.8
192,6378,5420582,663.6,549.8,646.6,511.4,655.1,530.6,0,2,646.6,511.4
192,6379,5420583,663.9,549.6,646.6,510.1,655.25,529.85,0,2,646.6,510.1
192,6380,5420584,664.1,549.1,647.0,508.3,655.55,528.7,0,2,647.0,508.3
192,6381,5420585,664.0,548.6,647.4,507.0,655.7,527.8,0,2,647.4,507.0
192,6382,5420586,663.9,548.2,648.6,505.8,656.25,527.0,0,2,648.6,505.8
192,6383,5420587,663.8,548.3,649.7,504.6,656.75,526.45,0,2,649.7,504.6
192,6384,5420588,663.7,548.3,650.7,503.4,657.2,525.85,0,2,650.7,503.4
192,6385,5420589,663.6,548.6,651.6,502.8,657.6,525.7,0,2,651.6,502.8
192,6386,5420590,663.6,548.8,652.1,502.2,657.85,525.5,0,2,652.1,502.2
192,6387,5420591,663.5,549.2,652.6,502.1,658.05,525.65,0,2,652.6,502.1
192,6388,5420592,663.5,549.7,653.0,501.9,658.25,525.8,0,2,653.0,501.9
192,6389,5420593,663.4,550.0,652.5,501.6,657.95,525.8,0,2,652.5,501.6
192,6390,5420594,663.2,550.1,651.7,500.9,657.45,525.5,0,2,651.7,500.9
192,6391,5420595,663.0,549.7,650.4,500.1,656.7,524.9,0,2,650.4,500.1
192,6392,5420596,663.0,549.1,649.2,499.3,656.1,524.2,0,2,649.2,499.3
192,6393,5420597,663.0,548.0,648.2,498.6,655.6,523.3,0,2,648.2,498.6
192,6394,5420598,663.0,546.9,647.7,498.0,655.35,522.45,0,2,647.7,498.0
192,6395,5420599,663.2,545.7,647.8,497.6,655.5,521.65,0,2,647.8,497.6
192,6396,5420600,663.4,544.6,648.2,497.1,655.8,520.85,0,2,648.2,497.1
192,6397,5420601,663.3,543.5,648.8,497.0,656.05,520.25,0,2,648.8,497.0
192,6398,5420602,663.2,542.7,650.4,496.9,656.8,519.8,0,2,650.4,496.9
192,6399,5420603,662.9,541.8,651.9,496.6,657.4,519.2,0,2,651.9,496.6
192,6400,5420604,662.6,541.3,653.3,496.4,657.95,518.85,0,2,653.3,496.4
193,6401,5420605,662.1,540.7,653.5,495.7,657.8,518.2,0,2,653.5,495.7
193,6402,5420606,661.7,540.1,653.2,495.0,657.45,517.55,0,2,653.2,495.0
193,6403,5420607,661.3,539.5,652.1,494.4,656.7,516.95,0,2,652.1,494.4
193,6404,5420608,661.5,538.9,651.1,493.5,656.3,516.2,0,2,651.1,493.5
193,6405,5420609,661.8,538.6,649.7,492.6,655.75,515.6,0,2,649.7,492.6
193,6406,5420610,662.2,538.4,648.4,491.9,655.3,515.15,0,2,648.4,491.9
193,6407,5420611,662.8,538.4,647.2,491.2,655.0,514.8,0,2,647.2,491.2
193,6408,5420612,663.5,538.6,647.2,491.0,655.35,514.8,0,2,647.2,491.0
193,6409,5420613,664.3,539.1,647.3,490.8,655.8,514.95,0,2,647.3,490.8
193,6410,5420614,664.8,539.6,648.0,490.7,656.4,515.15,0,2,648.0,490.7
193,6411,5420615,665.0,540.1,648.9,490.9,656.95,515.5,0,2,648.9,490.9
193,6412,5420616,664.7,540.0,649.7,491.1,657.2,515.55,0,2,649.7,491.1
193,6413,5420617,664.2,539.4,650.2,491.2,657.2,515.3,0,2,650.2,491.2
193,6414,5420618,663.4,538.7,650.7,491.1,657.05,514.9,0,2,650.7,491.1
193,6415,5420619,662.3,537.6,650.6,490.8,656.45,514.2,0,2,650.6,490.8
193,6416,5420620,661.2,536.3,650.5,490.4,655.85,513.35,0,2,650.5,490.4
193,6417,5420621,660.1,534.9,650.4,489.8,655.25,512.35,0,2,650.4,489.8
193,6418,5420622,659.6,533.5,650.1,489.4,654.85,511.45,0,2,650.1,489.4
193,6419,5420623,659.7,532.8,649.8,489.1,654.75,510.95,0,2,649.8,489.1
193,6420,5420624,660.2,532.6,649.6,488.8,654.9,510.7,0,2,649.6,488.8
193,6421,5420625,660.8,532.8,649.6,488.5,655.2,510.65,0,2,649.6,488.5
193,6422,5420626,661.8,533.5,650.0,488.5,655.9,511.0,0,2,650.0,488.5
193,6423,5420627,662.8,534.7,650.5,488.5,656.65,511.6,0,2,650.5,488.5
193,6424,5420628,663.8,536.0,651.0,488.5,657.4,512.25,0,2,651.0,488.5
193,6425,5420629,664.5,537.4,651.5,489.2,658.0,513.3,0,2,651.5,489.2
193,6426,5420630,665.3,538.5,652.2,489.9,658.75,514.2,0,2,652.2,489.9
193,6427,5420631,665.6,539.3,652.8,490.6,659.2,514.95,0,2,652.8,490.6
193,6428,5420632,665.9,539.9,653.2,491.4,659.55,515.65,0,2,653.2,491.4
193,6429,5420633,666.0,540.1,652.9,492.2,659.45,516.15,0,2,652.9,492.2
193,6430,5420634,666.1,539.7,652.5,493.0,659.3,516.35,0,2,652.5,493.0
193,6431,5420635,665.9,539.3,652.1,493.9,659.0,516.6,0,2,652.1,493.9
193,6432,5420636,665.8,538.8,652.1,494.1,658.95,516.45,0,2,652.1,494.1
193,6433,5420637,665.5,538.7,652.0,494.4,658.75,516.55,0,2,652.0,494.4
194,6434,5420638,665.3,538.7,652.0,494.8,658.65,516.75,0,2,652.0,494.8
194,6435,5420639,665.1,538.8,652.3,495.4,658.7,517.1,0,2,652.3,495.4
194,6436,5420640,665.0,539.0,652.8,495.9,658.9,517.45,0,2,652.8,495.9
194,6437,5420641,665.0,539.2,653.3,496.3,659.15,517.75,0,2,653.3,496.3
194,6438,5420642,665.0,539.4,653.8,496.5,659.4,517.95,0,2,653.8,496.5
194,6439,5420643,665.1,539.9,654.0,496.7,659.55,518.3,0,2,654.0,496.7
194,6440,5420644,665.2,540.3,653.8,496.8,659.5,518.55,0,2,653.8,496.8
194,6441,5420645,665.3,540.7,653.5,496.6,659.4,518.65,0,2,653.5,496.6
194,6442,5420646,665.5,541.3,653.0,496.2,659.25,518.75,0,2,653.0,496.2
194,6443,5420647,665.7,542.4,652.5,495.8,659.1,519.1,0,2,652.5,495.8
194,6444,5420648,666.0,543.4,651.9,496.5,658.95,519.95,0,2,651.9,496.5
194,6445,5420649,666.4,544.5,651.3,497.7,658.85,521.1,0,2,651.3,497.7
194,6446,5420650,666.7,545.5,650.7,498.9,658.7,522.2,0,2,650.7,498.9
194,6447,5420651,667.0,546.5,650.5,500.1,658.75,523.3,0,2,650.5,500.1
194,6448,5420652,667.4,547.4,650.3,501.5,658.85,524.45,0,2,650.3,501.5
194,6449,5420653,667.6,548.1,650.0,502.7,658.8,525.4,0,2,650.0,502.7
194,6450,5420654,667.8,548.3,650.1,503.7,658.95,526.0,0,2,650.1,503.7
194,6451,5420655,667.8,548.5,650.7,503.2,659.25,525.85,0,2,650.7,503.2
194,6452,5420656,667.9,548.7,651.4,502.4,659.65,525.55,0,2,651.4,502.4
194,6453,5420657,667.9,549.2,652.0,501.6,659.95,525.4,0,2,652.0,501.6
194,6454,5420658,668.1,549.8,652.8,500.8,660.45,525.3,0,2,652.8,500.8
194,6455,5420659,668.5,550.5,653.5,499.9,661.0,525.2,0,2,653.5,499.9
194,6456,5420660,668.9,551.2,654.2,499.0,661.55,525.1,0,2,654.2,499.0
194,6457,5420661,669.2,551.9,654.8,497.9,662.0,524.9,0,2,654.8,497.9
194,6458,5420662,669.4,552.5,654.9,497.1,662.15,524.8,0,2,654.9,497.1
194,6459,5420663,669.7,553.0,655.0,496.5,662.35,524.75,0,2,655.0,496.5
194,6460,5420664,670.0,553.1,655.1,495.9,662.55,524.5,0,2,655.1,495.9
194,6461,5420665,670.0,553.0,654.9,495.4,662.45,524.2,0,2,654.9,495.4
194,6462,5420666,669.8,552.8,654.3,496.1,662.05,524.45,0,2,654.3,496.1
194,6463,5420667,669.3,552.5,653.5,496.7,661.4,524.6,0,2,653.5,496.7
194,6464,5420668,668.9,552.2,652.5,497.9,660.7,525.05,0,2,652.5,497.9
194,6465,5420669,668.5,551.9,651.4,499.1,659.95,525.5,0,2,651.4,499.1
194,6466,5420670,668.3,551.6,650.2,500.2,659.25,525.9,0,2,650.2,500.2
195,6467,5420671,668.2,551.3,649.2,501.3,658.7,526.3,0,2,649.2,501.3
195,6468,5420672,668.1,551.3,648.6,502.4,658.35,526.85,0,2,648.6,502.4
195,6469,5420673,668.1,551.3,648.5,502.7,658.3,527.0,0,2,648.5,502.7
195,6470,5420674,668.3,551.3,648.9,502.9,658.6,527.1,0,2,648.9,502.9
195,6471,5420675,668.6,551.4,649.4,503.0,659.0,527.2,0,2,649.4,503.0
195,6472,5420676,668.8,551.3,650.1,503.0,659.45,527.15,0,2,650.1,503.0
195,6473,5420677,669.0,551.3,650.9,503.1,659.95,527.2,0,2,650.9,503.1
195,6474,5420678,669.0,551.2,651.4,503.3,660.2,527.25,0,2,651.4,503.3
195,6475,5420679,669.1,551.1,652.0,503.3,660.55,527.2,0,2,652.0,503.3
195,6476,5420680,669.3,551.1,652.6,503.0,660.95,527.05,0,2,652.6,503.0
195,6477,5420681,669.6,551.0,652.8,502.7,661.2,526.85,0,2,652.8,502.7
195,6478,5420682,669.9,551.0,653.1,501.9,661.5,526.45,0,2,653.1,501.9
195,6479,5420683,670.2,551.0,653.4,501.0,661.8,526.0,0,2,653.4,501.0
195,6480,5420684,670.5,551.2,653.8,500.2,662.15,525.7,0,2,653.8,500.2
195,6481,5420685,670.7,551.5,654.1,499.2,662.4,525.35,0,2,654.1,499.2
195,6482,5420686,670.9,551.8,654.2,498.1,662.55,524.95,0,2,654.2,498.1
195,6483,5420687,671.0,552.1,654.2,497.2,662.6,524.65,0,2,654.2,497.2
195,6484,5420688,671.0,552.4,654.2,496.4,662.6,524.4,0,2,654.2,496.4
195,6485,5420689,670.9,552.7,653.9,496.3,662.4,524.5,0,2,653.9,496.3
195,6486,5420690,670.8,553.0,653.4,496.1,662.1,524.55,0,2,653.4,496.1
195,6487,5420691,670.7,553.2,652.8,495.9,661.75,524.55,0,2,652.8,495.9
195,6488,5420692,670.5,553.2,652.2,496.0,661.35,524.6,0,2,652.2,496.0
195,6489,5420693,670.3,553.3,651.7,496.4,661.0,524.85,0,2,651.7,496.4
195,6490,5420694,670.2,553.4,651.1,497.9,660.65,525.65,0,2,651.1,497.9
195,6491,5420695,670.2,553.2,651.6,499.4,660.9,526.3,0,2,651.6,499.4
195,6492,5420696,670.4,553.0,653.1,500.9,661.75,526.95,0,2,653.1,500.9
195,6493,5420697,671.6,552.7,655.0,502.4,663.3,527.55,0,2,655.0,502.4
195,6494,5420698,674.0,552.4,658.6,503.8,666.3,528.1,0,2,658.6,503.8
195,6495,5420699,677.0,552.1,664.1,504.9,670.55,528.5,0,2,664.1,504.9
195,6496,5420700,681.7,551.7,672.0,505.7,676.85,528.7,0,2,672.0,505.7
195,6497,5420701,687.4,551.2,680.7,505.3,684.05,528.25,0,2,680.7,505.3
195,6498,5420702,694.5,551.0,691.3,504.6,692.9,527.8,0,2,691.3,504.6
195,6499,5420703,703.3,549.6,703.2,503.3,703.25,526.45,0,2,703.2,503.3
195,6500,5420704,712.8,547.8,716.9,502.0,714.85,524.9,0,2,716.9,502.0
196,6501,5420705,722.5,546.0,731.3,499.6,726.9,522.8,0,2,731.3,499.6
196,6502,5420706,734.9,544.1,746.5,497.1,740.7,520.6,0,2,746.5,497.1
196,6503,5420707,747.4,542.2,761.1,494.5,754.25,518.35,0,2,761.1,494.5
196,6504,5420708,761.2,540.3,777.9,491.9,769.55,516.1,0,2,777.9,491.9
196,6505,5420709,776.3,538.5,794.0,489.3,785.15,513.9,0,2,794.0,489.3
196,6506,5420710,791.3,537.7,810.0,487.4,800.65,512.55,0,2,810.0,487.4
196,6507,5420711,807.3,537.5,826.0,485.5,816.65,511.5,0,2,826.0,485.5
196,6508,5420712,824.6,537.2,842.6,484.6,833.6,510.9,0,2,842.6,484.6
196,6509,5420713,841.2,536.9,858.5,483.6,849.85,510.25,0,2,858.5,483.6
196,6510,5420714,857.8,537.0,875.8,482.9,866.8,509.95,0,2,875.8,482.9
196,6511,5420715,874.2,538.4,891.1,483.4,882.65,510.9,0,2,891.1,483.4
196,6512,5420716,889.9,539.7,905.8,483.8,897.85,511.75,0,2,905.8,483.8
196,6513,5420717,906.3,540.8,920.2,485.1,913.25,512.95,0,2,920.2,485.1
196,6514,5420718,922.1,542.1,934.0,486.4,928.05,514.25,0,2,934.0,486.4
196,6515,5420719,936.9,544.0,946.3,488.1,941.6,516.05,0,2,946.3,488.1
196,6516,5420720,950.7,545.9,957.9,490.1,954.3,518.0,0,2,957.9,490.1
196,6517,5420721,964.3,547.4,968.4,492.4,966.35,519.9,0,2,968.4,492.4
196,6518,5420722,976.3,547.9,977.7,493.9,977.0,520.9,0,2,977.7,493.9
196,6519,5420723,987.3,548.4,986.5,495.7,986.9,522.05,0,2,986.5,495.7
196,6520,5420724,996.2,549.7,993.9,497.0,995.05,523.35,0,2,993.9,497.0
196,6521,5420725,1003.8,550.8,999.9,499.8,1001.85,525.3,0,2,999.9,499.8
196,6522,5420726,1010.1,551.3,1004.7,502.3,1007.4,526.8,0,2,1004.7,502.3
196,6523,5420727,1015.8,551.8,1008.4,504.6,1012.1,528.2,0,2,1008.4,504.6
196,6524,5420728,1020.1,552.2,1010.8,507.4,1015.45,529.8,0,2,1010.8,507.4
196,6525,5420729,1024.1,552.7,1013.7,510.0,1018.9,531.35,0,2,1013.7,510.0
196,6526,5420730,1027.0,553.2,1016.5,512.3,1021.75,532.75,0,2,1016.5,512.3
196,6527,5420731,1029.5,553.1,1019.3,514.5,1024.4,533.8,0,2,1019.3,514.5
196,6528,5420732,1031.4,553.4,1022.0,515.4,1026.7,534.4,0,2,1022.0,515.4
196,6529,5420733,1033.0,553.6,1024.5,516.3,1028.75,534.95,0,2,1024.5,516.3
196,6530,5420734,1033.8,554.0,1026.7,517.5,1030.25,535.75,0,2,1026.7,517.5
196,6531,5420735,1034.4,554.6,1028.9,517.7,1031.65,536.15,0,2,1028.9,517.7
196,6532,5420736,1034.8,555.3,1030.4,517.9,1032.6,536.6,0,2,1030.4,517.9
196,6533,5420737,1035.0,555.9,1031.2,517.9,1033.1,536.9,0,2,1031.2,517.9
197,6534,5420738,1035.0,556.4,1031.7,517.8,1033.35,537.1,0,2,1031.7,517.8
197,6535,5420739,1034.8,556.2,1032.2,517.6,1033.5,536.9,0,2,1032.2,517.6
197,6536,5420740,1034.1,556.1,1032.0,517.3,1033.05,536.7,0,2,1032.0,517.3
197,6537,5420741,1033.5,555.7,1031.6,516.8,1032.55,536.25,0,2,1031.6,516.8
197,6538,5420742,1032.1,555.2,1030.8,516.3,1031.45,535.75,0,2,1030.8,516.3
197,6539,5420743,1030.6,554.6,1029.3,515.9,1029.95,535.25,0,2,1029.3,515.9
197,6540,5420744,1029.3,554.3,1027.7,515.7,1028.5,535.0,0,2,1027.7,515.7
197,6541,5420745,1028.4,554.1,1026.1,515.5,1027.25,534.8,0,2,1026.1,515.5
197,6542,5420746,1027.7,554.2,1024.4,515.4,1026.05,534.8,0,2,1024.4,515.4
197,6543,5420747,1027.3,554.3,1023.4,515.4,1025.35,534.85,0,2,1023.4,515.4
197,6544,5420748,1027.0,554.7,1022.6,515.4,1024.8,535.05,0,2,1022.6,515.4
197,6545,5420749,1028.1,555.1,1021.9,515.6,1025.0,535.35,0,2,1021.9,515.6
197,6546,5420750,1029.8,555.2,1022.4,515.7,1026.1,535.45,0,2,1022.4,515.7
197,6547,5420751,1031.4,555.4,1022.8,515.8,1027.1,535.6,0,2,1022.8,515.8
197,6548,5420752,1032.9,555.3,1023.2,515.9,1028.05,535.6,0,2,1023.2,515.9
197,6549,5420753,1034.4,555.2,1023.6,515.9,1029.0,535.55,0,2,1023.6,515.9
197,6550,5420754,1036.0,554.6,1023.9,515.8,1029.95,535.2,0,2,1023.9,515.8
197,6551,5420755,1037.5,553.9,1024.0,515.8,1030.75,534.85,0,2,1024.0,515.8
197,6552,5420756,1038.5,553.3,1023.9,515.8,1031.2,534.55,0,2,1023.9,515.8
197,6553,5420757,1039.0,552.7,1023.5,516.1,1031.25,534.4,0,2,1023.5,516.1
197,6554,5420758,1039.4,552.0,1023.1,516.6,1031.25,534.3,0,2,1023.1,516.6
197,6555,5420759,1039.8,551.4,1022.7,517.3,1031.25,534.35,0,2,1022.7,517.3
197,6556,5420760,1040.1,550.8,1022.3,517.9,1031.2,534.35,0,2,1022.3,517.9
197,6557,5420761,1040.4,550.6,1022.2,518.5,1031.3,534.55,0,2,1022.2,518.5
197,6558,5420762,1040.6,550.5,1022.4,519.1,1031.5,534.8,0,2,1022.4,519.1
197,6559,5420763,1040.5,550.5,1022.6,519.7,1031.55,535.1,0,2,1022.6,519.7
197,6560,5420764,1040.4,550.5,1023.0,520.1,1031.7,535.3,0,2,1023.0,520.1
197,6561,5420765,1039.9,550.6,1023.3,520.3,1031.6,535.45,0,2,1023.3,520.3
197,6562,5420766,1039.3,550.9,1023.5,520.5,1031.4,535.7,0,2,1023.5,520.5
197,6563,5420767,1038.7,551.2,1023.7,520.7,1031.2,535.95,0,2,1023.7,520.7
197,6564,5420768,1038.0,551.5,1023.8,520.8,1030.9,536.15,0,2,1023.8,520.8
197,6565,5420769,1037.4,551.8,1023.8,521.1,1030.6,536.45,0,2,1023.8,521.1
197,6566,5420770,1037.0,552.0,1023.8,521.3,1030.4,536.65,0,2,1023.8,521.3
198,6567,5420771,1036.7,552.2,1024.2,521.7,1030.45,536.95,0,2,1024.2,521.7
198,6568,5420772,1036.7,552.1,1024.7,522.2,1030.7,537.15,0,2,1024.7,522.2
198,6569,5420773,1036.9,551.9,1025.2,522.7,1031.05,537.3,0,2,1025.2,522.7
198,6570,5420774,1037.0,551.8,1025.8,523.1,1031.4,537.45,0,2,1025.8,523.1
198,6571,5420775,1037.2,551.6,1026.3,523.6,1031.75,537.6,0,2,1026.3,523.6
198,6572,5420776,1037.1,551.4,1026.9,524.0,1032.0,537.7,0,2,1026.9,524.0
198,6573,5420777,1036.9,551.1,1027.7,524.4,1032.3,537.75,0,2,1027.7,524.4
198,6574,5420778,1036.5,550.7,1028.3,524.8,1032.4,537.75,0,2,1028.3,524.8
198,6575,5420779,1036.2,550.5,1028.9,525.1,1032.55,537.8,0,2,1028.9,525.1
198,6576,5420780,1035.8,549.9,1029.5,525.6,1032.65,537.75,0,2,1029.5,525.6
198,6577,5420781,1035.4,549.5,1030.1,526.1,1032.75,537.8,0,2,1030.1,526.1
198,6578,5420782,1035.1,549.1,1030.6,526.5,1032.85,537.8,0,2,1030.6,526.5
198,6579,5420783,1035.0,549.1,1031.2,526.8,1033.1,537.95,0,2,1031.2,526.8
198,6580,5420784,1034.8,549.2,1031.4,527.1,1033.1,538.15,0,2,1031.4,527.1
198,6581,5420785,1035.0,549.5,1031.5,527.3,1033.25,538.4,0,2,1031.5,527.3
198,6582,5420786,1035.1,549.3,1031.6,527.3,1033.35,538.3,0,2,1031.6,527.3
198,6583,5420787,1035.2,549.4,1031.8,527.3,1033.5,538.35,0,2,1031.8,527.3
198,6584,5420788,1035.3,549.4,1032.0,527.3,1033.65,538.35,0,2,1032.0,527.3
198,6585,5420789,1035.4,549.3,1032.2,527.6,1033.8,538.45,0,2,1032.2,527.6
198,6586,5420790,1035.6,548.8,1032.4,528.0,1034.0,538.4,0,2,1032.4,528.0
198,6587,5420791,1035.7,548.5,1032.4,529.0,1034.05,538.75,0,2,1032.4,529.0
198,6588,5420792,1035.8,548.4,1032.4,530.0,1034.1,539.2,0,2,1032.4,530.0
198,6589,5420793,1036.1,549.3,1032.3,530.9,1034.2,540.1,0,2,1032.3,530.9
198,6590,5420794,1036.5,550.2,1032.0,531.8,1034.25,541.0,0,2,1032.0,531.8
198,6591,5420795,1036.8,551.0,1031.6,532.7,1034.2,541.85,0,2,1031.6,532.7
198,6592,5420796,1037.2,551.8,1031.2,533.0,1034.2,542.4,0,2,1031.2,533.0
198,6593,5420797,1037.6,552.7,1030.7,533.2,1034.15,542.95,0,2,1030.7,533.2
198,6594,5420798,1037.9,553.4,1030.1,532.9,1034.0,543.15,0,2,1030.1,532.9
198,6595,5420799,1038.2,553.9,1029.5,532.6,1033.85,543.25,0,2,1029.5,532.6
198,6596,5420800,1038.5,553.9,1028.6,532.4,1033.55,543.15,0,2,1028.6,532.4
198,6597,5420801,1039.1,553.8,1027.8,532.1,1033.45,542.95,0,2,1027.8,532.1
198,6598,5420802,1039.6,553.8,1027.1,532.0,1033.35,542.9,0,2,1027.1,532.0
198,6599,5420803,1040.1,553.8,1026.4,532.1,1033.25,542.95,0,2,1026.4,532.1
198,6600,5420804,1040.5,553.4,1025.9,532.5,1033.2,542.95,0,2,1025.9,532.5
199,6601,5420805,1041.0,553.0,1025.5,532.9,1033.25,542.95,0,2,1025.5,532.9
199,6602,5420806,1041.5,552.4,1025.1,533.4,1033.3,542.9,0,2,1025.1,533.4
199,6603,5420807,1041.9,552.0,1025.0,533.9,1033.45,542.95,0,2,1025.0,533.9
199,6604,5420808,1041.9,551.8,1024.9,534.4,1033.4,543.1,0,2,1024.9,534.4
199,6605,5420809,1041.9,551.6,1024.7,535.0,1033.3,543.3,0,2,1024.7,535.0
199,6606,5420810,1042.1,551.5,1024.6,535.4,1033.35,543.45,0,2,1024.6,535.4
199,6607,5420811,1042.2,552.1,1024.5,535.7,1033.35,543.9,0,2,1024.5,535.7
199,6608,5420812,1042.3,552.8,1024.6,535.9,1033.45,544.35,0,2,1024.6,535.9
199,6609,5420813,1042.4,553.5,1024.6,536.0,1033.5,544.75,0,2,1024.6,536.0
199,6610,5420814,1042.5,554.2,1024.8,536.0,1033.65,545.1,0,2,1024.8,536.0
199,6611,5420815,1042.8,554.8,1025.1,535.3,1033.95,545.05,0,2,1025.1,535.3
199,6612,5420816,1043.0,555.3,1025.4,534.7,1034.2,545.0,0,2,1025.4,534.7
199,6613,5420817,1043.3,555.7,1025.8,534.1,1034.55,544.9,0,2,1025.8,534.1
199,6614,5420818,1043.5,555.4,1026.2,533.9,1034.85,544.65,0,2,1026.2,533.9
199,6615,5420819,1043.7,555.0,1026.5,533.6,1035.1,544.3,0,2,1026.5,533.6
199,6616,5420820,1043.8,554.6,1026.8,533.3,1035.3,543.95,0,2,1026.8,533.3
199,6617,5420821,1043.7,554.2,1027.0,532.8,1035.35,543.5,0,2,1027.0,532.8
199,6618,5420822,1043.4,553.9,1027.0,532.9,1035.2,543.4,0,2,1027.0,532.9
199,6619,5420823,1043.1,553.7,1026.9,533.0,1035.0,543.35,0,2,1026.9,533.0
199,6620,5420824,1042.9,553.7,1026.7,532.9,1034.8,543.3,0,2,1026.7,532.9
199,6621,5420825,1042.8,554.2,1026.6,531.7,1034.7,542.95,0,2,1026.6,531.7
199,6622,5420826,1042.7,555.1,1026.4,530.6,1034.55,542.85,0,2,1026.4,530.6
199,6623,5420827,1042.6,555.9,1026.4,529.6,1034.5,542.75,0,2,1026.4,529.6
199,6624,5420828,1042.8,556.6,1026.4,528.9,1034.6,542.75,0,2,1026.4,528.9
199,6625,5420829,1042.8,557.4,1026.4,528.2,1034.6,542.8,0,2,1026.4,528.2
199,6626,5420830,1042.9,558.0,1026.6,527.7,1034.75,542.85,0,2,1026.6,527.7
199,6627,5420831,1042.8,558.5,1026.8,527.0,1034.8,542.75,0,2,1026.8,527.0
199,6628,5420832,1042.8,558.8,1026.9,526.9,1034.85,542.85,0,2,1026.9,526.9
199,6629,5420833,1043.0,558.6,1026.9,526.8,1034.95,542.7,0,2,1026.9,526.8
199,6630,5420834,1043.2,558.4,1026.8,526.7,1035.0,542.55,0,2,1026.8,526.7
199,6631,5420835,1043.4,558.2,1026.4,526.4,1034.9,542.3,0,2,1026.4,526.4
199,6632,5420836,1043.7,558.0,1026.0,525.9,1034.85,541.95,0,2,1026.0,525.9
199,6633,5420837,1044.1,557.8,1025.6,525.4,1034.85,541.6,0,2,1025.6,525.4
200,6634,5420838,1044.4,557.6,1025.1,524.9,1034.75,541.25,0,2,1025.1,524.9
