1,1,2060396,592.6,345.8,660.5,387.4,626.55,366.6,0,1,592.6,345.8
1,2,2060397,592.7,345.5,660.1,388.5,626.4,367.0,0,1,592.7,345.5
1,3,2060398,592.5,345.1,660.3,389.6,626.4,367.35,0,1,592.5,345.1
1,4,2060399,592.4,344.9,660.4,390.6,626.4,367.75,0,1,592.4,344.9
1,5,2060400,592.4,344.8,660.6,391.5,626.5,368.15,0,1,592.4,344.8
1,6,2060401,592.4,344.7,660.8,391.7,626.6,368.2,0,1,592.4,344.7
1,7,2060402,592.4,344.7,661.0,391.8,626.7,368.25,0,1,592.4,344.7
1,8,2060403,592.5,344.5,661.3,391.7,626.9,368.1,0,1,592.5,344.5
1,9,2060404,592.4,344.3,661.6,391.3,627.0,367.8,0,1,592.4,344.3
1,10,2060405,592.5,344.1,661.8,391.2,627.15,367.65,0,1,592.5,344.1
1,11,2060406,592.5,343.9,662.4,390.9,627.45,367.4,0,1,592.5,343.9
1,12,2060407,592.6,343.4,663.0,390.5,627.8,366.95,0,1,592.6,343.4
1,13,2060408,592.7,343.0,663.5,390.8,628.1,366.9,0,1,592.7,343.0
1,14,2060409,592.7,342.6,664.1,391.1,628.4,366.85,0,1,592.7,342.6
1,15,2060410,592.8,342.4,664.6,391.2,628.7,366.8,0,1,592.8,342.4
1,16,2060411,592.9,342.0,665.0,391.2,628.95,366.6,0,1,592.9,342.0
1,17,2060412,592.8,341.7,665.3,390.9,629.05,366.3,0,1,592.8,341.7
1,18,2060413,592.6,341.3,665.2,390.8,628.9,366.05,0,1,592.6,341.3
1,19,2060414,592.5,341.0,665.0,390.7,628.75,365.85,0,1,592.5,341.0
1,20,2060415,592.2,340.7,664.9,390.9,628.55,365.8,0,1,592.2,340.7
1,21,2060416,592.0,340.7,664.7,391.0,628.35,365.85,0,1,592.0,340.7
1,22,2060417,591.7,341.1,664.7,391.3,628.2,366.2,0,1,591.7,341.1
1,23,2060418,591.6,341.6,664.6,391.6,628.1,366.6,0,1,591.6,341.6
1,24,2060419,591.6,342.1,664.6,391.9,628.1,367.0,0,1,591.6,342.1
1,25,2060420,591.7,342.8,664.7,392.3,628.2,367.55,0,1,591.7,342.8
1,26,2060421,592.1,343.4,664.7,392.5,628.4,367.95,0,1,592.1,343.4
1,27,2060422,592.4,344.0,664.7,392.5,628.55,368.25,0,1,592.4,344.0
1,28,2060423,592.9,344.4,664.7,392.4,628.8,368.4,0,1,592.9,344.4
1,29,2060424,593.9,344.2,664.5,392.1,629.2,368.15,0,1,593.9,344.2
1,30,2060425,594.8,344.1,664.4,391.7,629.6,367.9,0,1,594.8,344.1
1,31,2060426,595.6,344.1,664.4,391.4,630.0,367.75,0,1,595.6,344.1
1,32,2060427,595.9,344.2,664.4,390.9,630.15,367.55,0,1,595.9,344.2
1,33,2060428,596.2,344.3,664.4,390.6,630.3,367.45,0,1,596.2,344.3
2,34,2060429,596.4,344.4,664.7,390.3,630.55,367.35,0,1,596.4,344.4
2,35,2060430,596.4,344.5,665.1,390.3,630.75,367.4,0,1,596.4,344.5
2,36,2060431,596.1,344.7,665.5,390.3,630.8,367.5,0,1,596.1,344.7
2,37,2060432,596.1,344.8,665.9,390.4,631.0,367.6,0,1,596.1,344.8
2,38,2060433,596.1,344.9,666.2,390.5,631.15,367.7,0,1,596.1,344.9
2,39,2060434,596.4,344.8,666.1,390.4,631.25,367.6,0,1,596.4,344.8
2,40,2060435,596.6,344.6,666.1,389.7,631.35,367.15,0,1,596.6,344.6
2,41,2060436,597.1,344.4,665.9,389.1,631.5,366.75,0,1,597.1,344.4
2,42,2060437,597.4,344.1,665.4,388.3,631.4,366.2,0,1,597.4,344.1
2,43,2060438,597.7,343.9,665.0,387.6,631.35,365.75,0,1,597.7,343.9
2,44,2060439,597.7,343.6,664.7,386.9,631.2,365.25,0,1,597.7,343.6
2,45,2060440,597.6,343.4,664.3,386.4,630.95,364.9,0,1,597.6,343.4
2,46,2060441,597.5,343.4,664.3,386.0,630.9,364.7,0,1,597.5,343.4
2,47,2060442,597.4,343.4,664.3,386.2,630.85,364.8,0,1,597.4,343.4
2,48,2060443,596.9,343.3,664.4,386.1,630.65,364.7,0,1,596.9,343.3
2,49,2060444,596.5,343.2,664.6,386.2,630.55,364.7,0,1,596.5,343.2
2,50,2060445,596.1,343.1,664.8,386.5,630.45,364.8,0,1,596.1,343.1
2,51,2060446,595.9,343.1,665.0,386.6,630.45,364.85,0,1,595.9,343.1
2,52,2060447,595.7,343.2,665.1,386.8,630.4,365.0,0,1,595.7,343.2
2,53,2060448,595.7,343.7,665.1,386.9,630.4,365.3,0,1,595.7,343.7
2,54,2060449,595.6,344.2,665.1,387.0,630.35,365.6,0,1,595.6,344.2
2,55,2060450,595.8,344.9,665.1,387.3,630.45,366.1,0,1,595.8,344.9
2,56,2060451,595.9,345.6,665.1,387.5,630.5,366.55,0,1,595.9,345.6
2,57,2060452,595.9,346.2,665.2,387.5,630.55,366.85,0,1,595.9,346.2
2,58,2060453,596.0,346.5,665.2,387.5,630.6,367.0,0,1,596.0,346.5
2,59,2060454,596.1,346.3,665.3,387.5,630.7,366.9,0,1,596.1,346.3
2,60,2060455,596.2,345.7,665.5,387.6,630.85,366.65,0,1,596.2,345.7
2,61,2060456,596.3,345.0,665.6,387.9,630.95,366.45,0,1,596.3,345.0
2,62,2060457,596.0,345.0,665.8,388.1,630.9,366.55,0,1,596.0,345.0
2,63,2060458,595.8,345.0,665.8,388.3,630.8,366.65,0,1,595.8,345.0
2,64,2060459,595.8,345.3,665.9,388.5,630.85,366.9,0,1,595.8,345.3
2,65,2060460,595.6,345.7,666.0,388.8,630.8,367.25,0,1,595.6,345.7
2,66,2060461,595.4,346.5,666.3,389.2,630.85,367.85,0,1,595.4,346.5
3,67,2060462,595.3,347.4,666.9,389.6,631.1,368.5,0,1,595.3,347.4
3,68,2060463,595.4,348.0,667.4,389.9,631.4,368.95,0,1,595.4,348.0
3,69,2060464,595.8,347.9,667.8,390.6,631.8,369.25,0,1,595.8,347.9
3,70,2060465,596.1,347.8,668.1,391.3,632.1,369.55,0,1,596.1,347.8
3,71,2060466,596.4,347.6,668.4,391.8,632.4,369.7,0,1,596.4,347.6
3,72,2060467,596.6,347.2,668.6,392.2,632.6,369.7,0,1,596.6,347.2
3,73,2060468,596.7,346.7,668.6,392.0,632.65,369.35,0,1,596.7,346.7
3,74,2060469,596.8,346.2,668.3,391.7,632.55,368.95,0,1,596.8,346.2
3,75,2060470,596.6,346.2,668.1,391.2,632.35,368.7,0,1,596.6,346.2
3,76,2060471,596.5,346.2,668.0,390.4,632.25,368.3,0,1,596.5,346.2
3,77,2060472,596.3,346.2,668.0,389.5,632.15,367.85,0,1,596.3,346.2
3,78,2060473,596.5,346.2,668.0,388.9,632.25,367.55,0,1,596.5,346.2
3,79,2060474,596.7,346.0,668.0,388.6,632.35,367.3,0,1,596.7,346.0
3,80,2060475,596.9,346.0,667.9,388.8,632.4,367.4,0,1,596.9,346.0
3,81,2060476,597.1,346.0,667.8,388.8,632.45,367.4,0,1,597.1,346.0
3,82,2060477,597.1,345.6,667.7,389.0,632.4,367.3,0,1,597.1,345.6
3,83,2060478,597.0,345.0,667.5,389.2,632.25,367.1,0,1,597.0,345.0
3,84,2060479,596.9,344.5,667.3,389.4,632.1,366.95,0,1,596.9,344.5
3,85,2060480,596.6,344.1,667.2,389.6,631.9,366.85,0,1,596.6,344.1
3,86,2060481,596.2,343.9,667.1,389.6,631.65,366.75,0,1,596.2,343.9
3,87,2060482,596.0,343.8,667.1,389.6,631.55,366.7,0,1,596.0,343.8
3,88,2060483,595.8,343.6,667.0,389.9,631.4,366.75,0,1,595.8,343.6
3,89,2060484,595.7,343.7,667.0,390.1,631.35,366.9,0,1,595.7,343.7
3,90,2060485,595.8,343.7,667.1,390.5,631.45,367.1,0,1,595.8,343.7
3,91,2060486,595.9,343.7,667.2,391.0,631.55,367.35,0,1,595.9,343.7
3,92,2060487,596.0,343.6,667.4,391.6,631.7,367.6,0,1,596.0,343.6
3,93,2060488,596.1,343.8,667.6,392.2,631.85,368.0,0,1,596.1,343.8
3,94,2060489,596.0,343.8,667.9,392.9,631.95,368.35,0,1,596.0,343.8
3,95,2060490,596.0,343.9,668.2,393.5,632.1,368.7,0,1,596.0,343.9
3,96,2060491,595.8,344.0,668.5,394.1,632.15,369.05,0,1,595.8,344.0
3,97,2060492,595.6,344.2,668.8,394.6,632.2,369.4,0,1,595.6,344.2
3,98,2060493,595.3,344.4,668.9,395.0,632.1,369.7,0,1,595.3,344.4
3,99,2060494,595.0,344.5,669.1,395.1,632.05,369.8,0,1,595.0,344.5
3,100,2060495,594.7,344.4,669.1,395.2,631.9,369.8,0,1,594.7,344.4
4,101,2060496,594.5,344.3,669.2,395.1,631.85,369.7,0,1,594.5,344.3
4,102,2060497,594.3,344.1,669.2,395.0,631.75,369.55,0,1,594.3,344.1
4,103,2060498,594.4,343.9,669.2,394.9,631.8,369.4,0,1,594.4,343.9
4,104,2060499,594.4,343.6,669.1,394.8,631.75,369.2,0,1,594.4,343.6
4,105,2060500,594.6,343.4,669.0,394.9,631.8,369.15,0,1,594.6,343.4
4,106,2060501,594.8,343.0,668.8,395.2,631.8,369.1,0,1,594.8,343.0
4,107,2060502,594.9,342.7,668.6,395.5,631.75,369.1,0,1,594.9,342.7
4,108,2060503,594.9,342.5,668.5,396.0,631.7,369.25,0,1,594.9,342.5
4,109,2060504,595.0,341.9,668.2,396.5,631.6,369.2,0,1,595.0,341.9
4,110,2060505,594.9,341.2,668.0,397.0,631.45,369.1,0,1,594.9,341.2
4,111,2060506,594.8,340.4,667.9,397.5,631.35,368.95,0,1,594.8,340.4
4,112,2060507,594.6,339.7,667.7,397.8,631.15,368.75,0,1,594.6,339.7
4,113,2060508,594.5,339.2,667.6,397.8,631.05,368.5,0,1,594.5,339.2
4,114,2060509,594.4,338.9,667.6,397.7,631.0,368.3,0,1,594.4,338.9
4,115,2060510,594.5,338.5,667.4,397.4,630.95,367.95,0,1,594.5,338.5
4,116,2060511,594.5,338.6,667.4,397.2,630.95,367.9,0,1,594.5,338.6
4,117,2060512,594.6,339.0,667.3,396.9,630.95,367.95,0,1,594.6,339.0
4,118,2060513,594.8,339.6,667.2,396.9,631.0,368.25,0,1,594.8,339.6
4,119,2060514,594.9,340.1,667.2,396.8,631.05,368.45,0,1,594.9,340.1
4,120,2060515,595.0,340.6,667.1,397.0,631.05,368.8,0,1,595.0,340.6
4,121,2060516,595.2,340.9,666.8,397.3,631.0,369.1,0,1,595.2,340.9
4,122,2060517,595.2,341.1,666.6,397.5,630.9,369.3,0,1,595.2,341.1
4,123,2060518,595.1,341.2,666.3,397.8,630.7,369.5,0,1,595.1,341.2
4,124,2060519,595.0,340.9,666.0,398.0,630.5,369.45,0,1,595.0,340.9
4,125,2060520,594.8,340.5,665.7,398.0,630.25,369.25,0,1,594.8,340.5
4,126,2060521,594.7,340.0,665.4,398.0,630.05,369.0,0,1,594.7,340.0
4,127,2060522,594.5,339.6,665.1,397.8,629.8,368.7,0,1,594.5,339.6
4,128,2060523,594.6,339.1,664.8,397.8,629.7,368.45,0,1,594.6,339.1
4,129,2060524,594.7,338.8,664.3,397.9,629.5,368.35,0,1,594.7,338.8
4,130,2060525,594.8,338.8,664.2,398.2,629.5,368.5,0,1,594.8,338.8
4,131,2060526,594.9,339.0,664.1,398.5,629.5,368.75,0,1,594.9,339.0
4,132,2060527,595.0,339.3,664.0,398.5,629.5,368.9,0,1,595.0,339.3
4,133,2060528,595.2,339.6,664.0,398.2,629.6,368.9,0,1,595.2,339.6
5,134,2060529,595.7,339.9,664.0,396.5,629.85,368.2,0,1,595.7,339.9
5,135,2060530,596.0,340.3,664.0,394.7,630.0,367.5,0,1,596.0,340.3
5,136,2060531,596.3,340.7,664.1,392.7,630.2,366.7,0,1,596.3,340.7
5,137,2060532,596.7,340.9,664.0,390.7,630.35,365.8,0,1,596.7,340.9
5,138,2060533,597.1,341.3,663.6,388.8,630.35,365.05,0,1,597.1,341.3
5,139,2060534,597.4,341.8,663.0,387.3,630.2,364.55,0,1,597.4,341.8
5,140,2060535,597.7,342.2,662.3,386.2,630.0,364.2,0,1,597.7,342.2
5,141,2060536,597.6,342.6,661.6,386.5,629.6,364.55,0,1,597.6,342.6
5,142,2060537,597.2,342.9,660.6,386.8,628.9,364.85,0,1,597.2,342.9
5,143,2060538,596.9,343.0,659.7,387.3,628.3,365.15,0,1,596.9,343.0
5,144,2060539,596.6,343.1,658.8,387.9,627.7,365.5,0,1,596.6,343.1
5,145,2060540,596.6,343.1,658.2,388.2,627.4,365.65,0,1,596.6,343.1
5,146,2060541,596.6,343.1,657.8,388.3,627.2,365.7,0,1,596.6,343.1
5,147,2060542,596.6,343.4,657.6,388.3,627.1,365.85,0,1,596.6,343.4
5,148,2060543,596.7,343.8,657.5,388.3,627.1,366.05,0,1,596.7,343.8
5,149,2060544,597.0,344.1,657.8,388.3,627.4,366.2,0,1,597.0,344.1
5,150,2060545,597.3,344.4,658.0,388.1,627.65,366.25,0,1,597.3,344.4
5,151,2060546,597.5,344.8,658.2,387.7,627.85,366.25,0,1,597.5,344.8
5,152,2060547,597.6,345.2,658.5,387.4,628.05,366.3,0,1,597.6,345.2
5,153,2060548,598.4,345.5,658.9,387.3,628.65,366.4,0,1,598.4,345.5
5,154,2060549,599.0,345.6,659.3,386.5,629.15,366.05,0,1,599.0,345.6
5,155,2060550,599.6,345.9,659.6,385.8,629.6,365.85,0,1,599.6,345.9
5,156,2060551,599.8,346.2,660.1,384.9,629.95,365.55,0,1,599.8,346.2
5,157,2060552,600.0,346.5,660.6,384.0,630.3,365.25,0,1,600.0,346.5
5,158,2060553,599.7,347.0,661.2,383.0,630.45,365.0,0,1,599.7,347.0
5,159,2060554,598.3,347.4,661.7,382.0,630.0,364.7,0,1,598.3,347.4
5,160,2060555,595.7,347.8,661.3,380.9,628.5,364.35,0,1,595.7,347.8
5,161,2060556,591.1,348.1,659.7,380.3,625.4,364.2,0,1,591.1,348.1
5,162,2060557,585.6,349.0,657.3,379.3,621.45,364.15,0,1,585.6,349.0
5,163,2060558,579.6,349.9,652.2,378.6,615.9,364.25,0,1,579.6,349.9
5,164,2060559,572.8,350.9,644.3,378.0,608.55,364.45,0,1,572.8,350.9
5,165,2060560,564.0,351.7,634.7,377.6,599.35,364.65,0,1,564.0,351.7
5,166,2060561,555.2,352.5,623.0,376.8,589.1,364.65,0,1,555.2,352.5
6,167,2060562,546.2,353.2,609.5,375.7,577.85,364.45,0,1,546.2,353.2
6,168,2060563,538.4,354.0,594.5,373.4,566.45,363.7,0,1,538.4,354.0
6,169,2060564,529.3,353.9,579.0,370.9,554.15,362.4,0,1,529.3,353.9
6,170,2060565,520.8,353.7,565.9,367.7,543.35,360.7,0,1,520.8,353.7
6,171,2060566,511.6,353.5,555.6,364.4,533.6,358.95,0,1,511.6,353.5
6,172,2060567,504.1,353.2,547.0,361.0,525.55,357.1,0,1,504.1,353.2
6,173,2060568,497.7,352.9,540.5,357.9,519.1,355.4,0,1,497.7,352.9
6,174,2060569,491.3,351.3,536.6,353.8,513.95,352.55,0,1,491.3,351.3
6,175,2060570,485.6,349.7,535.3,350.5,510.45,350.1,0,1,485.6,349.7
6,176,2060571,482.2,348.2,535.4,347.7,508.8,347.95,0,1,482.2,348.2
6,177,2060572,479.2,346.6,535.1,345.5,507.15,346.05,0,1,479.2,346.6
6,178,2060573,477.6,344.8,534.3,343.2,505.95,344.0,0,1,477.6,344.8
6,179,2060574,476.6,342.3,532.9,340.9,504.75,341.6,0,1,476.6,342.3
6,180,2060575,474.9,339.9,530.9,338.2,502.9,339.05,0,1,474.9,339.9
6,181,2060576,474.0,338.5,528.4,336.5,501.2,337.5,0,1,474.0,338.5
6,182,2060577,473.3,337.1,524.8,335.5,499.05,336.3,0,1,473.3,337.1
6,183,2060578,472.5,335.3,521.3,334.3,496.9,334.8,0,1,472.5,335.3
6,184,2060579,471.7,333.4,518.3,332.8,495.0,333.1,0,1,471.7,333.4
6,185,2060580,471.0,331.6,515.5,329.6,493.25,330.6,0,1,471.0,331.6
6,186,2060581,470.4,330.2,513.3,326.5,491.85,328.35,0,1,470.4,330.2
6,187,2060582,470.5,328.7,511.0,324.0,490.75,326.35,0,1,470.5,328.7
6,188,2060583,470.5,327.5,509.0,321.8,489.75,324.65,0,1,470.5,327.5
6,189,2060584,470.6,326.2,507.9,320.3,489.25,323.25,0,1,470.6,326.2
6,190,2060585,470.6,325.3,506.8,318.9,488.7,322.1,0,1,470.6,325.3
6,191,2060586,470.8,324.7,505.6,317.8,488.2,321.25,0,1,470.8,324.7
6,192,2060587,471.0,324.2,504.8,318.0,487.9,321.1,0,1,471.0,324.2
6,193,2060588,471.3,323.9,504.0,318.3,487.65,321.1,0,1,471.3,323.9
6,194,2060589,471.6,323.7,503.9,318.5,487.75,321.1,0,1,471.6,323.7
6,195,2060590,472.5,323.4,503.8,318.6,488.15,321.0,0,1,472.5,323.4
6,196,2060591,473.3,323.2,503.9,318.4,488.6,320.8,0,1,473.3,323.2
6,197,2060592,474.2,322.9,504.2,319.1,489.2,321.0,0,1,474.2,322.9
6,198,2060593,475.1,322.5,505.0,319.8,490.05,321.15,0,1,475.1,322.5
6,199,2060594,476.4,322.0,505.7,321.0,491.05,321.5,0,1,476.4,322.0
6,200,2060595,477.7,321.6,506.3,322.1,492.0,321.85,0,1,477.7,321.6
7,201,2060596,479.0,321.3,506.9,323.2,492.95,322.25,0,1,479.0,321.3
7,202,2060597,479.6,321.0,507.5,324.3,493.55,322.65,0,1,479.6,321.0
7,203,2060598,480.2,320.8,507.9,325.1,494.05,322.95,0,1,480.2,320.8
7,204,2060599,480.9,320.0,508.1,325.3,494.5,322.65,0,1,480.9,320.0
7,205,2060600,481.5,319.2,507.8,325.8,494.65,322.5,0,1,481.5,319.2
7,206,2060601,481.6,318.6,507.3,326.3,494.45,322.45,0,1,481.6,318.6
7,207,2060602,481.6,319.8,506.8,326.7,494.2,323.25,0,1,481.6,319.8
7,208,2060603,481.5,321.1,506.5,327.0,494.0,324.05,0,1,481.5,321.1
7,209,2060604,481.5,322.2,506.1,327.0,493.8,324.6,0,1,481.5,322.2
7,210,2060605,481.6,323.3,505.5,326.9,493.55,325.1,0,1,481.6,323.3
7,211,2060606,481.6,324.8,505.0,326.6,493.3,325.7,0,1,481.6,324.8
7,212,2060607,481.7,326.3,504.5,326.0,493.1,326.15,0,1,481.7,326.3
7,213,2060608,481.7,327.7,504.3,325.3,493.0,326.5,0,1,481.7,327.7
7,214,2060609,481.7,327.3,504.0,324.7,492.85,326.0,0,1,481.7,327.3
7,215,2060610,481.6,327.0,503.8,324.4,492.7,325.7,0,1,481.6,327.0
7,216,2060611,481.5,326.7,503.7,324.3,492.6,325.5,0,1,481.5,326.7
7,217,2060612,481.4,326.6,503.8,324.4,492.6,325.5,0,1,481.4,326.6
7,218,2060613,481.1,327.0,503.8,324.7,492.45,325.85,0,1,481.1,327.0
7,219,2060614,480.9,327.4,504.0,325.1,492.45,326.25,0,1,480.9,327.4
7,220,2060615,480.7,327.6,504.1,325.4,492.4,326.5,0,1,480.7,327.6
7,221,2060616,480.6,327.6,503.9,325.7,492.25,326.65,0,1,480.6,327.6
7,222,2060617,480.6,327.4,503.7,325.8,492.15,326.6,0,1,480.6,327.4
7,223,2060618,480.7,327.2,503.5,325.9,492.1,326.55,0,1,480.7,327.2
7,224,2060619,480.7,326.7,503.4,325.9,492.05,326.3,0,1,480.7,326.7
7,225,2060620,480.7,326.0,503.3,325.8,492.0,325.9,0,1,480.7,326.0
7,226,2060621,480.6,325.3,503.1,325.8,491.85,325.55,0,1,480.6,325.3
7,227,2060622,480.5,324.8,503.0,326.0,491.75,325.4,0,1,480.5,324.8
7,228,2060623,480.4,324.6,503.0,326.2,491.7,325.4,0,1,480.4,324.6
7,229,2060624,480.4,324.9,503.0,326.6,491.7,325.75,0,1,480.4,324.9
7,230,2060625,480.3,325.5,502.8,327.3,491.55,326.4,0,1,480.3,325.5
7,231,2060626,480.2,326.2,502.5,328.1,491.35,327.15,0,1,480.2,326.2
7,232,2060627,480.1,327.3,502.0,328.9,491.05,328.1,0,1,480.1,327.3
7,233,2060628,480.2,328.4,501.5,330.1,490.85,329.25,0,1,480.2,328.4
8,234,2060629,480.2,329.5,500.9,331.2,490.55,330.35,0,1,480.2,329.5
8,235,2060630,480.2,330.3,500.4,332.1,490.3,331.2,0,1,480.2,330.3
8,236,2060631,480.2,330.3,499.8,333.0,490.0,331.65,0,1,480.2,330.3
8,237,2060632,480.1,330.1,499.3,333.6,489.7,331.85,0,1,480.1,330.1
8,238,2060633,480.1,329.7,498.9,334.0,489.5,331.85,0,1,480.1,329.7
8,239,2060634,480.0,328.8,498.6,334.2,489.3,331.5,0,1,480.0,328.8
8,240,2060635,479.8,327.9,498.4,334.0,489.1,330.95,0,1,479.8,327.9
8,241,2060636,479.5,327.2,498.3,333.7,488.9,330.45,0,1,479.5,327.2
8,242,2060637,479.3,326.5,498.5,333.5,488.9,330.0,0,1,479.3,326.5
8,243,2060638,479.0,326.3,498.6,333.3,488.8,329.8,0,1,479.0,326.3
8,244,2060639,478.7,326.1,498.7,333.2,488.7,329.65,0,1,478.7,326.1
8,245,2060640,478.3,326.3,498.7,333.6,488.5,329.95,0,1,478.3,326.3
8,246,2060641,477.5,326.6,498.8,334.0,488.15,330.3,0,1,477.5,326.6
8,247,2060642,476.8,327.4,498.9,334.4,487.85,330.9,0,1,476.8,327.4
8,248,2060643,476.0,328.3,498.9,334.6,487.45,331.45,0,1,476.0,328.3
8,249,2060644,475.3,329.3,498.9,334.6,487.1,331.95,0,1,475.3,329.3
8,250,2060645,474.5,330.3,498.8,334.4,486.65,332.35,0,1,474.5,330.3
8,251,2060646,474.0,331.3,498.8,334.3,486.4,332.8,0,1,474.0,331.3
8,252,2060647,473.6,332.0,498.9,333.8,486.25,332.9,0,1,473.6,332.0
8,253,2060648,473.7,332.6,498.9,333.4,486.3,333.0,0,1,473.7,332.6
8,254,2060649,473.8,332.6,498.4,333.1,486.1,332.85,0,1,473.8,332.6
8,255,2060650,473.9,332.6,497.8,333.3,485.85,332.95,0,1,473.9,332.6
8,256,2060651,474.1,332.4,497.2,333.8,485.65,333.1,0,1,474.1,332.4
8,257,2060652,474.2,332.1,496.7,334.3,485.45,333.2,0,1,474.2,332.1
8,258,2060653,474.1,331.9,496.2,334.9,485.15,333.4,0,1,474.1,331.9
8,259,2060654,473.9,331.7,495.7,335.3,484.8,333.5,0,1,473.9,331.7
8,260,2060655,473.5,331.6,495.2,335.8,484.35,333.7,0,1,473.5,331.6
8,261,2060656,473.1,331.5,495.2,336.2,484.15,333.85,0,1,473.1,331.5
8,262,2060657,472.8,331.3,495.2,336.3,484.0,333.8,0,1,472.8,331.3
8,263,2060658,472.5,330.9,494.4,337.3,483.45,334.1,0,1,472.5,330.9
8,264,2060659,472.2,330.6,493.6,338.8,482.9,334.7,0,1,472.2,330.6
8,265,2060660,472.0,330.2,492.7,340.3,482.35,335.25,0,1,472.0,330.2
8,266,2060661,472.0,329.7,491.9,341.9,481.95,335.8,0,1,472.0,329.7
9,267,2060662,472.1,329.3,491.2,343.2,481.65,336.25,0,1,472.1,329.3
9,268,2060663,472.3,328.8,490.7,344.5,481.5,336.65,0,1,472.3,328.8
9,269,2060664,472.4,328.4,490.2,345.7,481.3,337.05,0,1,472.4,328.4
9,270,2060665,472.6,328.2,490.5,346.2,481.55,337.2,0,1,472.6,328.2
9,271,2060666,472.7,327.6,490.5,346.6,481.6,337.1,0,1,472.7,327.6
9,272,2060667,472.7,327.1,490.3,347.0,481.5,337.05,0,1,472.7,327.1
9,273,2060668,472.7,326.6,490.1,347.1,481.4,336.85,0,1,472.7,326.6
9,274,2060669,472.8,326.0,489.8,347.4,481.3,336.7,0,1,472.8,326.0
9,275,2060670,472.8,325.6,489.4,348.0,481.1,336.8,0,1,472.8,325.6
9,276,2060671,472.5,325.2,489.0,348.8,480.75,337.0,0,1,472.5,325.2
9,277,2060672,472.3,324.8,488.6,349.5,480.45,337.15,0,1,472.3,324.8
9,278,2060673,472.1,324.8,488.4,349.8,480.25,337.3,0,1,472.1,324.8
9,279,2060674,471.9,324.7,488.4,349.9,480.15,337.3,0,1,471.9,324.7
9,280,2060675,471.9,324.7,488.4,350.2,480.15,337.45,0,1,471.9,324.7
9,281,2060676,472.0,324.7,488.1,350.5,480.05,337.6,0,1,472.0,324.7
9,282,2060677,472.1,324.6,487.7,350.6,479.9,337.6,0,1,472.1,324.6
9,283,2060678,472.3,324.7,487.3,350.2,479.8,337.45,0,1,472.3,324.7
9,284,2060679,472.5,324.8,486.8,349.9,479.65,337.35,0,1,472.5,324.8
9,285,2060680,472.7,325.0,486.3,349.7,479.5,337.35,0,1,472.7,325.0
9,286,2060681,472.9,324.6,485.8,349.8,479.35,337.2,0,1,472.9,324.6
9,287,2060682,472.9,324.2,485.2,349.9,479.05,337.05,0,1,472.9,324.2
9,288,2060683,473.0,322.9,484.8,350.3,478.9,336.6,0,1,473.0,322.9
9,289,2060684,473.1,321.5,484.7,350.8,478.9,336.15,0,1,473.1,321.5
9,290,2060685,473.4,320.3,484.6,351.4,479.0,335.85,0,1,473.4,320.3
9,291,2060686,473.6,319.3,484.6,352.1,479.1,335.7,0,1,473.6,319.3
9,292,2060687,473.8,319.2,484.6,352.9,479.2,336.05,0,1,473.8,319.2
9,293,2060688,473.9,319.7,484.7,353.4,479.3,336.55,0,1,473.9,319.7
9,294,2060689,474.0,320.3,484.7,353.9,479.35,337.1,0,1,474.0,320.3
9,295,2060690,474.0,321.8,484.7,354.1,479.35,337.95,0,1,474.0,321.8
9,296,2060691,473.9,323.4,484.6,354.3,479.25,338.85,0,1,473.9,323.4
9,297,2060692,473.9,324.6,484.3,354.6,479.1,339.6,0,1,473.9,324.6
9,298,2060693,473.8,325.7,484.0,355.0,478.9,340.35,0,1,473.8,325.7
9,299,2060694,473.9,325.8,483.6,355.3,478.75,340.55,0,1,473.9,325.8
9,300,2060695,474.2,325.8,483.2,355.7,478.7,340.75,0,1,474.2,325.8
10,301,2060696,474.4,325.7,483.0,356.0,478.7,340.85,0,1,474.4,325.7
10,302,2060697,474.7,325.5,482.7,357.6,478.7,341.55,0,1,474.7,325.5
10,303,2060698,475.0,325.6,482.4,359.6,478.7,342.6,0,1,475.0,325.6
10,304,2060699,475.3,325.9,482.2,361.5,478.75,343.7,0,1,475.3,325.9
10,305,2060700,475.5,326.1,482.1,363.0,478.8,344.55,0,1,475.5,326.1
10,306,2060701,475.7,326.8,482.0,364.2,478.85,345.5,0,1,475.7,326.8
10,307,2060702,475.8,327.6,481.8,365.3,478.8,346.45,0,1,475.8,327.6
10,308,2060703,475.7,328.4,481.6,366.4,478.65,347.4,0,1,475.7,328.4
10,309,2060704,475.6,329.0,481.4,366.2,478.5,347.6,0,1,475.6,329.0
10,310,2060705,475.5,329.0,481.2,365.6,478.35,347.3,0,1,475.5,329.0
10,311,2060706,475.8,328.8,480.9,365.9,478.35,347.35,0,1,475.8,328.8
10,312,2060707,476.0,327.4,480.6,366.3,478.3,346.85,0,1,476.0,327.4
10,313,2060708,476.3,325.7,480.3,367.1,478.3,346.4,0,1,476.3,325.7
10,314,2060709,476.4,323.9,480.0,367.5,478.2,345.7,0,1,476.4,323.9
10,315,2060710,476.7,322.0,479.9,368.1,478.3,345.05,0,1,476.7,322.0
10,316,2060711,477.0,320.4,479.9,368.8,478.45,344.6,0,1,477.0,320.4
10,317,2060712,477.2,319.0,480.0,369.7,478.6,344.35,0,1,477.2,319.0
10,318,2060713,477.2,318.0,480.3,369.8,478.75,343.9,0,1,477.2,318.0
10,319,2060714,477.0,318.1,480.5,370.0,478.75,344.05,0,1,477.0,318.1
10,320,2060715,476.9,318.3,480.7,370.2,478.8,344.25,0,1,476.9,318.3
10,321,2060716,476.8,319.7,481.0,370.7,478.9,345.2,0,1,476.8,319.7
10,322,2060717,476.7,321.2,481.2,371.1,478.95,346.15,0,1,476.7,321.2
10,323,2060718,476.7,322.6,481.5,371.4,479.1,347.0,0,1,476.7,322.6
10,324,2060719,476.7,323.7,481.8,371.4,479.25,347.55,0,1,476.7,323.7
10,325,2060720,476.6,324.5,482.0,371.4,479.3,347.95,0,1,476.6,324.5
10,326,2060721,476.6,325.3,482.5,371.4,479.55,348.35,0,1,476.6,325.3
10,327,2060722,476.6,325.9,483.1,371.5,479.85,348.7,0,1,476.6,325.9
10,328,2060723,476.6,325.3,483.6,371.6,480.1,348.45,0,1,476.6,325.3
10,329,2060724,476.7,324.6,484.3,371.7,480.5,348.15,0,1,476.7,324.6
10,330,2060725,476.9,323.8,484.8,372.0,480.85,347.9,0,1,476.9,323.8
10,331,2060726,477.0,323.3,485.4,372.4,481.2,347.85,0,1,477.0,323.3
10,332,2060727,477.1,322.8,485.9,372.7,481.5,347.75,0,1,477.1,322.8
10,333,2060728,477.2,322.3,486.3,372.8,481.75,347.55,0,1,477.2,322.3
11,334,2060729,477.3,321.6,486.6,372.4,481.95,347.0,0,1,477.3,321.6
11,335,2060730,477.3,320.8,486.8,372.0,482.05,346.4,0,1,477.3,320.8
11,336,2060731,477.1,320.3,486.8,371.7,481.95,346.0,0,1,477.1,320.3
11,337,2060732,476.8,320.0,486.8,371.3,481.8,345.65,0,1,476.8,320.0
11,338,2060733,476.4,320.1,486.9,370.8,481.65,345.45,0,1,476.4,320.1
11,339,2060734,476.0,320.2,486.9,370.4,481.45,345.3,0,1,476.0,320.2
11,340,2060735,475.7,320.5,487.0,369.6,481.35,345.05,0,1,475.7,320.5
11,341,2060736,475.4,320.9,487.0,369.1,481.2,345.0,0,1,475.4,320.9
11,342,2060737,475.1,321.3,487.1,368.4,481.1,344.85,0,1,475.1,321.3
11,343,2060738,474.8,321.5,487.1,367.8,480.95,344.65,0,1,474.8,321.5
11,344,2060739,474.5,321.7,486.9,367.2,480.7,344.45,0,1,474.5,321.7
11,345,2060740,474.3,321.3,486.8,366.6,480.55,343.95,0,1,474.3,321.3
11,346,2060741,473.8,320.9,486.8,366.1,480.3,343.5,0,1,473.8,320.9
11,347,2060742,473.3,320.4,487.4,367.5,480.35,343.95,0,1,473.3,320.4
11,348,2060743,472.9,319.8,489.2,369.0,481.05,344.4,0,1,472.9,319.8
11,349,2060744,472.6,319.5,492.6,370.6,482.6,345.05,0,1,472.6,319.5
11,350,2060745,472.5,319.1,497.7,372.2,485.1,345.65,0,1,472.5,319.1
11,351,2060746,474.6,318.8,505.5,373.7,490.05,346.25,0,1,474.6,318.8
11,352,2060747,478.6,318.5,515.1,376.8,496.85,347.65,0,1,478.6,318.5
11,353,2060748,484.9,319.0,526.5,379.8,505.7,349.4,0,1,484.9,319.0
11,354,2060749,493.4,320.9,541.2,382.1,517.3,351.5,0,1,493.4,320.9
11,355,2060750,503.0,324.4,557.9,384.9,530.45,354.65,0,1,503.0,324.4
11,356,2060751,513.9,328.3,575.7,388.7,544.8,358.5,0,1,513.9,328.3
11,357,2060752,526.8,334.1,594.1,393.4,560.45,363.75,0,1,526.8,334.1
11,358,2060753,540.9,339.9,613.2,398.7,577.05,369.3,0,1,540.9,339.9
11,359,2060754,555.9,347.2,633.1,402.2,594.5,374.7,0,1,555.9,347.2
11,360,2060755,571.4,357.4,654.1,406.9,612.75,382.15,0,1,571.4,357.4
11,361,2060756,587.7,367.2,672.9,411.7,630.3,389.45,0,1,587.7,367.2
11,362,2060757,603.5,376.6,690.9,415.8,647.2,396.2,0,1,603.5,376.6
11,363,2060758,619.7,386.7,708.0,419.4,663.85,403.05,0,1,619.7,386.7
11,364,2060759,635.4,396.3,723.9,422.1,679.65,409.2,0,1,635.4,396.3
11,365,2060760,649.1,406.1,738.1,425.6,693.6,415.85,0,1,649.1,406.1
11,366,2060761,660.6,415.7,750.4,429.3,705.5,422.5,0,1,660.6,415.7
12,367,2060762,671.9,422.6,759.4,431.8,715.65,427.2,0,1,671.9,422.6
12,368,2060763,680.5,430.7,767.8,433.6,724.15,432.15,0,1,680.5,430.7
12,369,2060764,690.0,438.2,774.6,435.5,732.3,436.85,0,1,690.0,438.2
12,370,2060765,699.0,444.8,780.0,437.3,739.5,441.05,0,1,699.0,444.8
12,371,2060766,706.9,449.9,784.6,439.0,745.75,444.45,0,1,706.9,449.9
12,372,2060767,713.8,455.1,788.4,439.3,751.1,447.2,0,1,713.8,455.1
12,373,2060768,720.2,459.0,791.2,439.7,755.7,449.35,0,1,720.2,459.0
12,374,2060769,725.2,463.2,794.7,440.0,759.95,451.6,0,1,725.2,463.2
12,375,2060770,730.0,465.3,797.3,440.4,763.65,452.85,0,1,730.0,465.3
12,376,2060771,733.2,467.2,799.1,440.7,766.15,453.95,0,1,733.2,467.2
12,377,2060772,735.4,468.9,800.6,440.8,768.0,454.85,0,1,735.4,468.9
12,378,2060773,736.9,470.4,801.9,440.9,769.4,455.65,0,1,736.9,470.4
12,379,2060774,738.2,470.8,802.8,441.0,770.5,455.9,0,1,738.2,470.8
12,380,2060775,739.3,471.0,803.8,441.1,771.55,456.05,0,1,739.3,471.0
12,381,2060776,738.7,470.2,804.2,441.2,771.45,455.7,0,1,738.7,470.2
12,382,2060777,738.0,469.0,804.6,441.3,771.3,455.15,0,1,738.0,469.0
12,383,2060778,735.9,467.6,804.7,441.4,770.3,454.5,0,1,735.9,467.6
12,384,2060779,733.5,466.2,804.4,441.3,768.95,453.75,0,1,733.5,466.2
12,385,2060780,731.1,465.0,803.6,440.1,767.35,452.55,0,1,731.1,465.0
12,386,2060781,728.5,464.5,802.1,439.0,765.3,451.75,0,1,728.5,464.5
12,387,2060782,725.7,464.0,800.7,437.8,763.2,450.9,0,1,725.7,464.0
12,388,2060783,723.6,463.6,799.2,436.5,761.4,450.05,0,1,723.6,463.6
12,389,2060784,721.3,463.3,797.6,435.0,759.45,449.15,0,1,721.3,463.3
12,390,2060785,720.3,462.9,796.1,432.7,758.2,447.8,0,1,720.3,462.9
12,391,2060786,719.0,462.5,794.4,430.4,756.7,446.45,0,1,719.0,462.5
12,392,2060787,717.7,462.1,793.1,429.3,755.4,445.7,0,1,717.7,462.1
12,393,2060788,716.7,461.7,792.4,428.1,754.55,444.9,0,1,716.7,461.7
12,394,2060789,715.7,461.4,791.6,426.9,753.65,444.15,0,1,715.7,461.4
12,395,2060790,714.9,461.1,790.7,425.7,752.8,443.4,0,1,714.9,461.1
12,396,2060791,714.2,461.0,789.9,424.7,752.05,442.85,0,1,714.2,461.0
12,397,2060792,713.7,460.9,789.1,424.3,751.4,442.6,0,1,713.7,460.9
12,398,2060793,713.8,461.0,788.9,423.9,751.35,442.45,0,1,713.8,461.0
12,399,2060794,714.2,461.1,788.4,423.5,751.3,442.3,0,1,714.2,461.1
12,400,2060795,714.8,461.1,788.0,423.1,751.4,442.1,0,1,714.8,461.1
13,401,2060796,715.4,460.8,787.7,422.8,751.55,441.8,0,1,715.4,460.8
13,402,2060797,716.2,460.4,787.4,422.9,751.8,441.65,0,1,716.2,460.4
13,403,2060798,717.0,460.0,787.1,423.6,752.05,441.8,0,1,717.0,460.0
13,404,2060799,717.7,459.4,786.8,425.0,752.25,442.2,0,1,717.7,459.4
13,405,2060800,718.5,458.8,786.4,426.5,752.45,442.65,0,1,718.5,458.8
13,406,2060801,718.9,458.4,786.2,428.0,752.55,443.2,0,1,718.9,458.4
13,407,2060802,719.3,458.2,785.9,429.5,752.6,443.85,0,1,719.3,458.2
13,408,2060803,719.6,458.5,785.6,430.8,752.6,444.65,0,1,719.6,458.5
13,409,2060804,719.8,458.9,785.0,432.0,752.4,445.45,0,1,719.8,458.9
13,410,2060805,720.0,459.6,784.6,432.7,752.3,446.15,0,1,720.0,459.6
13,411,2060806,720.3,460.3,783.8,432.8,752.05,446.55,0,1,720.3,460.3
13,412,2060807,720.4,461.0,783.2,432.9,751.8,446.95,0,1,720.4,461.0
13,413,2060808,720.6,461.4,782.7,432.9,751.65,447.15,0,1,720.6,461.4
13,414,2060809,720.7,461.7,782.2,432.8,751.45,447.25,0,1,720.7,461.7
13,415,2060810,720.9,461.8,781.7,432.7,751.3,447.25,0,1,720.9,461.8
13,416,2060811,720.8,461.9,781.4,432.5,751.1,447.2,0,1,720.8,461.9
13,417,2060812,720.8,461.6,781.0,432.3,750.9,446.95,0,1,720.8,461.6
13,418,2060813,720.8,461.3,780.7,432.0,750.75,446.65,0,1,720.8,461.3
13,419,2060814,720.8,461.1,780.2,432.1,750.5,446.6,0,1,720.8,461.1
13,420,2060815,720.8,461.0,779.5,432.8,750.15,446.9,0,1,720.8,461.0
13,421,2060816,720.9,461.0,778.4,433.6,749.65,447.3,0,1,720.9,461.0
13,422,2060817,720.9,461.1,777.3,434.5,749.1,447.8,0,1,720.9,461.1
13,423,2060818,720.9,461.2,776.2,435.4,748.55,448.3,0,1,720.9,461.2
13,424,2060819,720.8,461.3,775.0,436.2,747.9,448.75,0,1,720.8,461.3
13,425,2060820,720.6,461.5,773.8,436.8,747.2,449.15,0,1,720.6,461.5
13,426,2060821,720.4,461.7,772.7,436.9,746.55,449.3,0,1,720.4,461.7
13,427,2060822,720.2,461.8,771.8,436.6,746.0,449.2,0,1,720.2,461.8
13,428,2060823,720.0,462.0,771.3,436.3,745.65,449.15,0,1,720.0,462.0
13,429,2060824,719.6,462.1,770.9,435.9,745.25,449.0,0,1,719.6,462.1
13,430,2060825,719.3,462.1,770.4,435.7,744.85,448.9,0,1,719.3,462.1
13,431,2060826,718.9,462.0,770.1,435.8,744.5,448.9,0,1,718.9,462.0
13,432,2060827,718.6,461.9,770.1,436.2,744.35,449.05,0,1,718.6,461.9
13,433,2060828,718.4,461.7,770.0,436.7,744.2,449.2,0,1,718.4,461.7
14,434,2060829,718.1,461.5,769.9,437.4,744.0,449.45,0,1,718.1,461.5
14,435,2060830,717.8,461.4,769.8,438.2,743.8,449.8,0,1,717.8,461.4
14,436,2060831,717.6,461.2,769.7,439.0,743.65,450.1,0,1,717.6,461.2
14,437,2060832,717.4,461.2,769.7,439.5,743.55,450.35,0,1,717.4,461.2
14,438,2060833,717.4,461.4,769.8,439.8,743.6,450.6,0,1,717.4,461.4
14,439,2060834,717.4,461.6,769.9,439.9,743.65,450.75,0,1,717.4,461.6
14,440,2060835,717.3,462.0,770.0,439.9,743.65,450.95,0,1,717.3,462.0
14,441,2060836,717.4,462.3,770.0,439.7,743.7,451.0,0,1,717.4,462.3
14,442,2060837,717.4,462.5,770.0,439.4,743.7,450.95,0,1,717.4,462.5
14,443,2060838,717.5,462.6,770.0,439.2,743.75,450.9,0,1,717.5,462.6
14,444,2060839,717.7,462.2,769.5,438.8,743.6,450.5,0,1,717.7,462.2
14,445,2060840,717.7,461.5,769.0,438.7,743.35,450.1,0,1,717.7,461.5
14,446,2060841,717.6,460.6,768.5,438.7,743.05,449.65,0,1,717.6,460.6
14,447,2060842,717.3,459.6,768.0,439.2,742.65,449.4,0,1,717.3,459.6
14,448,2060843,716.9,458.5,767.6,439.8,742.25,449.15,0,1,716.9,458.5
14,449,2060844,716.5,457.5,767.2,440.5,741.85,449.0,0,1,716.5,457.5
14,450,2060845,716.0,456.5,766.9,441.2,741.45,448.85,0,1,716.0,456.5
14,451,2060846,715.5,456.0,767.1,442.1,741.3,449.05,0,1,715.5,456.0
14,452,2060847,715.0,455.6,767.2,442.9,741.1,449.25,0,1,715.0,455.6
14,453,2060848,714.6,455.2,767.4,443.6,741.0,449.4,0,1,714.6,455.2
14,454,2060849,714.5,454.8,767.6,444.0,741.05,449.4,0,1,714.5,454.8
14,455,2060850,714.0,454.4,768.0,444.2,741.0,449.3,0,1,714.0,454.4
14,456,2060851,713.6,453.9,768.4,444.4,741.0,449.15,0,1,713.6,453.9
14,457,2060852,713.1,453.3,769.1,445.1,741.1,449.2,0,1,713.1,453.3
14,458,2060853,712.7,452.6,769.7,445.8,741.2,449.2,0,1,712.7,452.6
14,459,2060854,712.2,452.1,770.3,446.5,741.25,449.3,0,1,712.2,452.1
14,460,2060855,711.8,451.8,770.9,447.3,741.35,449.55,0,1,711.8,451.8
14,461,2060856,711.0,451.5,771.5,448.2,741.25,449.85,0,1,711.0,451.5
14,462,2060857,710.6,451.0,771.9,449.1,741.25,450.05,0,1,710.6,451.0
14,463,2060858,710.2,450.8,772.3,449.8,741.25,450.3,0,1,710.2,450.8
14,464,2060859,709.9,450.7,772.4,450.1,741.15,450.4,0,1,709.9,450.7
14,465,2060860,709.6,450.6,772.5,450.1,741.05,450.35,0,1,709.6,450.6
14,466,2060861,709.3,450.4,772.4,450.1,740.85,450.25,0,1,709.3,450.4
15,467,2060862,709.1,450.3,772.2,449.9,740.65,450.1,0,1,709.1,450.3
15,468,2060863,709.1,450.1,772.0,449.6,740.55,449.85,0,1,709.1,450.1
15,469,2060864,709.2,450.0,771.6,449.4,740.4,449.7,0,1,709.2,450.0
15,470,2060865,709.0,449.7,771.2,449.3,740.1,449.5,0,1,709.0,449.7
15,471,2060866,708.8,449.4,770.9,449.6,739.85,449.5,0,1,708.8,449.4
15,472,2060867,708.7,449.3,770.6,450.0,739.65,449.65,0,1,708.7,449.3
15,473,2060868,708.5,448.9,770.5,450.5,739.5,449.7,0,1,708.5,448.9
15,474,2060869,708.4,448.4,770.4,451.1,739.4,449.75,0,1,708.4,448.4
15,475,2060870,708.4,447.8,770.4,451.7,739.4,449.75,0,1,708.4,447.8
15,476,2060871,708.4,447.2,770.5,452.3,739.45,449.75,0,1,708.4,447.2
15,477,2060872,708.6,446.9,770.5,452.8,739.55,449.85,0,1,708.6,446.9
15,478,2060873,708.7,446.6,770.5,453.0,739.6,449.8,0,1,708.7,446.6
15,479,2060874,708.8,446.4,770.4,453.3,739.6,449.85,0,1,708.8,446.4
15,480,2060875,708.9,446.4,770.3,453.3,739.6,449.85,0,1,708.9,446.4
15,481,2060876,708.9,446.3,770.2,453.4,739.55,449.85,0,1,708.9,446.3
15,482,2060877,708.9,446.3,770.3,453.4,739.6,449.85,0,1,708.9,446.3
15,483,2060878,708.9,446.4,770.6,453.8,739.75,450.1,0,1,708.9,446.4
15,484,2060879,709.0,446.4,770.9,454.8,739.95,450.6,0,1,709.0,446.4
15,485,2060880,709.1,446.4,771.0,455.9,740.05,451.15,0,1,709.1,446.4
15,486,2060881,709.3,446.4,770.9,456.9,740.1,451.65,0,1,709.3,446.4
15,487,2060882,709.6,446.3,770.7,458.0,740.15,452.15,0,1,709.6,446.3
15,488,2060883,709.9,446.3,770.5,459.2,740.2,452.75,0,1,709.9,446.3
15,489,2060884,710.2,446.4,770.2,460.5,740.2,453.45,0,1,710.2,446.4
15,490,2060885,710.8,446.4,769.4,461.2,740.1,453.8,0,1,710.8,446.4
15,491,2060886,711.4,446.4,768.9,461.3,740.15,453.85,0,1,711.4,446.4
15,492,2060887,711.9,446.3,768.4,461.2,740.15,453.75,0,1,711.9,446.3
15,493,2060888,712.4,446.1,768.4,461.2,740.4,453.65,0,1,712.4,446.1
15,494,2060889,713.0,446.0,768.4,461.2,740.7,453.6,0,1,713.0,446.0
15,495,2060890,713.4,445.9,768.5,461.3,740.95,453.6,0,1,713.4,445.9
15,496,2060891,713.7,445.7,768.6,461.3,741.15,453.5,0,1,713.7,445.7
15,497,2060892,713.8,445.2,768.8,461.2,741.3,453.2,0,1,713.8,445.2
15,498,2060893,714.0,444.9,769.0,461.3,741.5,453.1,0,1,714.0,444.9
15,499,2060894,714.4,444.8,769.2,461.6,741.8,453.2,0,1,714.4,444.8
15,500,2060895,714.8,444.8,769.3,461.9,742.05,453.35,0,1,714.8,444.8
16,501,2060896,715.1,444.8,769.6,462.1,742.35,453.45,0,1,715.1,444.8
16,502,2060897,715.3,445.0,769.8,462.2,742.55,453.6,0,1,715.3,445.0
16,503,2060898,715.6,445.2,770.1,462.2,742.85,453.7,0,1,715.6,445.2
16,504,2060899,715.7,445.6,770.3,462.8,743.0,454.2,0,1,715.7,445.6
16,505,2060900,715.8,445.8,770.5,463.3,743.15,454.55,0,1,715.8,445.8
16,506,2060901,715.6,445.8,770.6,463.9,743.1,454.85,0,1,715.6,445.8
16,507,2060902,715.6,445.9,770.6,464.2,743.1,455.05,0,1,715.6,445.9
16,508,2060903,715.7,446.0,770.1,464.4,742.9,455.2,0,1,715.7,446.0
16,509,2060904,715.9,445.9,769.5,464.2,742.7,455.05,0,1,715.9,445.9
16,510,2060905,716.1,445.9,768.9,464.0,742.5,454.95,0,1,716.1,445.9
16,511,2060906,716.5,445.9,768.3,463.4,742.4,454.65,0,1,716.5,445.9
16,512,2060907,716.7,445.6,767.7,462.9,742.2,454.25,0,1,716.7,445.6
16,513,2060908,716.9,445.4,767.2,462.8,742.05,454.1,0,1,716.9,445.4
16,514,2060909,717.0,445.1,766.7,463.0,741.85,454.05,0,1,717.0,445.1
16,515,2060910,717.0,444.7,766.6,463.3,741.8,454.0,0,1,717.0,444.7
16,516,2060911,717.1,444.2,766.4,464.1,741.75,454.15,0,1,717.1,444.2
16,517,2060912,717.1,443.8,766.1,464.9,741.6,454.35,0,1,717.1,443.8
16,518,2060913,717.1,443.3,765.8,465.6,741.45,454.45,0,1,717.1,443.3
16,519,2060914,717.0,443.3,765.1,466.3,741.05,454.8,0,1,717.0,443.3
16,520,2060915,716.8,443.2,764.4,466.3,740.6,454.75,0,1,716.8,443.2
16,521,2060916,716.5,443.4,763.8,466.4,740.15,454.9,0,1,716.5,443.4
16,522,2060917,716.3,443.6,763.2,466.4,739.75,455.0,0,1,716.3,443.6
16,523,2060918,716.3,443.9,762.6,466.3,739.45,455.1,0,1,716.3,443.9
16,524,2060919,716.4,444.3,762.2,466.3,739.3,455.3,0,1,716.4,444.3
16,525,2060920,716.6,444.5,761.8,466.5,739.2,455.5,0,1,716.6,444.5
16,526,2060921,716.7,444.9,761.8,466.8,739.25,455.85,0,1,716.7,444.9
16,527,2060922,717.2,445.3,761.8,467.3,739.5,456.3,0,1,717.2,445.3
16,528,2060923,717.6,445.7,761.7,467.8,739.65,456.75,0,1,717.6,445.7
16,529,2060924,718.1,445.9,761.7,468.3,739.9,457.1,0,1,718.1,445.9
16,530,2060925,718.4,446.1,761.8,468.8,740.1,457.45,0,1,718.4,446.1
16,531,2060926,718.6,446.0,761.9,469.2,740.25,457.6,0,1,718.6,446.0
16,532,2060927,718.8,445.8,762.2,469.4,740.5,457.6,0,1,718.8,445.8
16,533,2060928,718.9,445.4,762.6,469.5,740.75,457.45,0,1,718.9,445.4
17,534,2060929,719.1,445.2,762.9,469.4,741.0,457.3,0,1,719.1,445.2
17,535,2060930,719.2,444.8,763.3,468.5,741.25,456.65,0,1,719.2,444.8
17,536,2060931,719.3,444.7,763.5,467.5,741.4,456.1,0,1,719.3,444.7
17,537,2060932,719.4,444.5,763.7,466.5,741.55,455.5,0,1,719.4,444.5
17,538,2060933,719.4,444.5,763.8,465.7,741.6,455.1,0,1,719.4,444.5
17,539,2060934,719.8,444.8,763.6,465.0,741.7,454.9,0,1,719.8,444.8
17,540,2060935,720.1,445.2,763.3,464.4,741.7,454.8,0,1,720.1,445.2
17,541,2060936,720.4,445.7,763.0,463.8,741.7,454.75,0,1,720.4,445.7
17,542,2060937,720.7,446.3,762.6,465.6,741.65,455.95,0,1,720.7,446.3
17,543,2060938,720.8,446.5,762.1,467.3,741.45,456.9,0,1,720.8,446.5
17,544,2060939,720.8,446.7,761.5,468.9,741.15,457.8,0,1,720.8,446.7
17,545,2060940,720.8,446.9,761.0,470.5,740.9,458.7,0,1,720.8,446.9
17,546,2060941,720.5,447.2,760.6,471.9,740.55,459.55,0,1,720.5,447.2
17,547,2060942,720.2,447.5,760.3,473.2,740.25,460.35,0,1,720.2,447.5
17,548,2060943,720.1,447.9,760.0,474.5,740.05,461.2,0,1,720.1,447.9
17,549,2060944,720.0,448.0,759.9,474.5,739.95,461.25,0,1,720.0,448.0
17,550,2060945,720.1,448.2,759.8,474.5,739.95,461.35,0,1,720.1,448.2
17,551,2060946,720.4,448.4,760.0,474.4,740.2,461.4,0,1,720.4,448.4
17,552,2060947,720.7,448.5,760.1,474.4,740.4,461.45,0,1,720.7,448.5
17,553,2060948,721.1,448.5,760.2,474.3,740.65,461.4,0,1,721.1,448.5
17,554,2060949,721.3,448.0,760.2,474.2,740.75,461.1,0,1,721.3,448.0
17,555,2060950,721.4,447.5,760.3,474.1,740.85,460.8,0,1,721.4,447.5
17,556,2060951,721.3,447.1,760.2,474.0,740.75,460.55,0,1,721.3,447.1
17,557,2060952,721.2,446.7,760.1,473.9,740.65,460.3,0,1,721.2,446.7
17,558,2060953,720.9,446.4,759.9,473.8,740.4,460.1,0,1,720.9,446.4
17,559,2060954,720.6,446.3,759.7,473.8,740.15,460.05,0,1,720.6,446.3
17,560,2060955,720.4,446.1,759.5,473.8,739.95,459.95,0,1,720.4,446.1
17,561,2060956,720.2,446.0,759.3,473.8,739.75,459.9,0,1,720.2,446.0
17,562,2060957,720.0,446.0,759.1,473.9,739.55,459.95,0,1,720.0,446.0
17,563,2060958,719.7,445.7,759.0,473.6,739.35,459.65,0,1,719.7,445.7
17,564,2060959,719.4,445.4,759.0,473.5,739.2,459.45,0,1,719.4,445.4
17,565,2060960,719.1,444.8,759.1,473.4,739.1,459.1,0,1,719.1,444.8
17,566,2060961,718.7,444.2,759.1,473.8,738.9,459.0,0,1,718.7,444.2
18,567,2060962,718.3,443.6,759.1,474.2,738.7,458.9,0,1,718.3,443.6
18,568,2060963,717.9,443.0,758.8,475.0,738.35,459.0,0,1,717.9,443.0
18,569,2060964,717.5,442.5,758.4,475.7,737.95,459.1,0,1,717.5,442.5
18,570,2060965,717.3,442.2,758.1,476.8,737.7,459.5,0,1,717.3,442.2
18,571,2060966,717.2,441.8,757.9,477.6,737.55,459.7,0,1,717.2,441.8
18,572,2060967,717.1,441.5,757.7,478.3,737.4,459.9,0,1,717.1,441.5
18,573,2060968,717.1,441.1,757.6,478.5,737.35,459.8,0,1,717.1,441.1
18,574,2060969,717.4,440.7,757.5,478.6,737.45,459.65,0,1,717.4,440.7
18,575,2060970,717.7,440.3,757.7,478.4,737.7,459.35,0,1,717.7,440.3
18,576,2060971,718.1,439.8,758.0,478.3,738.05,459.05,0,1,718.1,439.8
18,577,2060972,718.3,439.6,757.9,478.0,738.1,458.8,0,1,718.3,439.6
18,578,2060973,718.4,439.5,757.8,477.7,738.1,458.6,0,1,718.4,439.5
18,579,2060974,718.5,439.7,757.6,477.3,738.05,458.5,0,1,718.5,439.7
18,580,2060975,718.3,439.9,757.4,476.9,737.85,458.4,0,1,718.3,439.9
18,581,2060976,717.9,440.0,757.1,476.4,737.5,458.2,0,1,717.9,440.0
18,582,2060977,717.5,440.0,756.8,475.8,737.15,457.9,0,1,717.5,440.0
18,583,2060978,717.1,440.1,756.2,475.4,736.65,457.75,0,1,717.1,440.1
18,584,2060979,716.8,440.2,755.9,475.4,736.35,457.8,0,1,716.8,440.2
18,585,2060980,716.6,440.2,755.5,475.5,736.05,457.85,0,1,716.6,440.2
18,586,2060981,716.3,440.1,755.7,475.6,736.0,457.85,0,1,716.3,440.1
18,587,2060982,716.1,439.9,756.0,475.8,736.05,457.85,0,1,716.1,439.9
18,588,2060983,715.8,439.9,756.4,476.2,736.1,458.05,0,1,715.8,439.9
18,589,2060984,715.5,440.0,756.9,476.5,736.2,458.25,0,1,715.5,440.0
18,590,2060985,715.2,440.0,757.6,476.7,736.4,458.35,0,1,715.2,440.0
18,591,2060986,715.0,439.9,758.4,476.8,736.7,458.35,0,1,715.0,439.9
18,592,2060987,714.7,439.8,759.1,477.0,736.9,458.4,0,1,714.7,439.8
18,593,2060988,714.3,439.5,759.3,477.2,736.8,458.35,0,1,714.3,439.5
18,594,2060989,714.0,439.3,759.3,477.4,736.65,458.35,0,1,714.0,439.3
18,595,2060990,713.9,438.8,759.5,477.6,736.7,458.2,0,1,713.9,438.8
18,596,2060991,713.8,438.3,759.7,477.6,736.75,457.95,0,1,713.8,438.3
18,597,2060992,713.8,437.9,760.0,477.2,736.9,457.55,0,1,713.8,437.9
18,598,2060993,713.9,437.0,760.3,476.9,737.1,456.95,0,1,713.9,437.0
18,599,2060994,713.9,436.3,760.6,476.5,737.25,456.4,0,1,713.9,436.3
18,600,2060995,714.1,435.6,760.9,476.5,737.5,456.05,0,1,714.1,435.6
19,601,2060996,714.4,434.3,761.3,476.6,737.85,455.45,0,1,714.4,434.3
19,602,2060997,714.6,433.3,761.4,476.7,738.0,455.0,0,1,714.6,433.3
19,603,2060998,714.6,432.3,761.7,476.8,738.15,454.55,0,1,714.6,432.3
19,604,2060999,714.6,431.4,761.9,477.2,738.25,454.3,0,1,714.6,431.4
19,605,2061000,714.2,430.8,762.1,477.5,738.15,454.15,0,1,714.2,430.8
19,606,2061001,713.9,430.4,762.3,477.5,738.1,453.95,0,1,713.9,430.4
19,607,2061002,713.5,430.3,762.4,477.2,737.95,453.75,0,1,713.5,430.3
19,608,2061003,713.1,431.0,762.3,476.9,737.7,453.95,0,1,713.1,431.0
19,609,2061004,712.7,431.7,762.1,476.6,737.4,454.15,0,1,712.7,431.7
19,610,2061005,712.3,432.4,761.9,476.3,737.1,454.35,0,1,712.3,432.4
19,611,2061006,712.0,433.1,761.8,476.0,736.9,454.55,0,1,712.0,433.1
19,612,2061007,711.7,433.9,761.8,475.8,736.75,454.85,0,1,711.7,433.9
19,613,2061008,711.4,434.6,761.7,475.6,736.55,455.1,0,1,711.4,434.6
19,614,2061009,711.2,435.1,761.7,475.4,736.45,455.25,0,1,711.2,435.1
19,615,2061010,711.2,434.9,761.6,475.2,736.4,455.05,0,1,711.2,434.9
19,616,2061011,711.1,434.8,761.4,475.1,736.25,454.95,0,1,711.1,434.8
19,617,2061012,711.1,434.7,761.3,475.1,736.2,454.9,0,1,711.1,434.7
19,618,2061013,711.1,434.5,761.1,475.0,736.1,454.75,0,1,711.1,434.5
19,619,2061014,711.3,434.2,760.7,475.0,736.0,454.6,0,1,711.3,434.2
19,620,2061015,711.3,433.8,760.4,475.0,735.85,454.4,0,1,711.3,433.8
19,621,2061016,711.0,433.4,759.8,475.0,735.4,454.2,0,1,711.0,433.4
19,622,2061017,710.5,433.0,759.4,475.0,734.95,454.0,0,1,710.5,433.0
19,623,2061018,710.0,432.7,759.1,475.0,734.55,453.85,0,1,710.0,432.7
19,624,2061019,709.5,432.4,758.8,474.9,734.15,453.65,0,1,709.5,432.4
19,625,2061020,708.9,432.2,758.5,474.8,733.7,453.5,0,1,708.9,432.2
19,626,2061021,708.5,432.0,758.2,474.7,733.35,453.35,0,1,708.5,432.0
19,627,2061022,708.3,431.9,758.1,474.6,733.2,453.25,0,1,708.3,431.9
19,628,2061023,708.4,432.0,758.2,474.2,733.3,453.1,0,1,708.4,432.0
19,629,2061024,708.5,432.2,758.3,473.8,733.4,453.0,0,1,708.5,432.2
19,630,2061025,708.6,432.6,758.4,473.3,733.5,452.95,0,1,708.6,432.6
19,631,2061026,708.6,433.0,758.4,472.9,733.5,452.95,0,1,708.6,433.0
19,632,2061027,708.6,433.4,758.4,472.5,733.5,452.95,0,1,708.6,433.4
19,633,2061028,708.5,433.8,758.4,471.9,733.45,452.85,0,1,708.5,433.8
20,634,2061029,708.3,434.1,758.4,471.4,733.35,452.75,0,1,708.3,434.1
20,635,2061030,708.0,434.3,758.6,471.1,733.3,452.7,0,1,708.0,434.3
20,636,2061031,707.8,434.6,758.8,470.8,733.3,452.7,0,1,707.8,434.6
20,637,2061032,707.5,434.9,759.1,470.5,733.3,452.7,0,1,707.5,434.9
20,638,2061033,707.3,435.4,759.3,470.2,733.3,452.8,0,1,707.3,435.4
20,639,2061034,707.1,435.8,759.5,470.0,733.3,452.9,0,1,707.1,435.8
20,640,2061035,706.7,436.2,759.7,470.1,733.2,453.15,0,1,706.7,436.2
20,641,2061036,706.4,436.5,759.8,470.1,733.1,453.3,0,1,706.4,436.5
20,642,2061037,706.0,436.8,759.6,470.5,732.8,453.65,0,1,706.0,436.8
20,643,2061038,705.6,436.9,759.5,471.1,732.55,454.0,0,1,705.6,436.9
20,644,2061039,705.2,436.9,759.3,471.7,732.25,454.3,0,1,705.2,436.9
20,645,2061040,704.7,436.7,759.1,472.2,731.9,454.45,0,1,704.7,436.7
20,646,2061041,704.4,436.5,758.9,472.7,731.65,454.6,0,1,704.4,436.5
20,647,2061042,704.1,436.2,758.4,473.1,731.25,454.65,0,1,704.1,436.2
20,648,2061043,703.9,436.1,757.9,473.6,730.9,454.85,0,1,703.9,436.1
20,649,2061044,703.7,436.0,757.5,473.5,730.6,454.75,0,1,703.7,436.0
20,650,2061045,703.6,436.1,757.0,473.4,730.3,454.75,0,1,703.6,436.1
20,651,2061046,703.6,436.2,756.6,473.0,730.1,454.6,0,1,703.6,436.2
20,652,2061047,703.6,436.3,756.3,472.7,729.95,454.5,0,1,703.6,436.3
20,653,2061048,703.6,436.4,755.9,472.4,729.75,454.4,0,1,703.6,436.4
20,654,2061049,703.6,436.7,756.0,472.1,729.8,454.4,0,1,703.6,436.7
20,655,2061050,703.5,437.0,755.8,471.8,729.65,454.4,0,1,703.5,437.0
20,656,2061051,703.3,437.2,755.7,471.5,729.5,454.35,0,1,703.3,437.2
20,657,2061052,703.1,437.4,755.6,471.3,729.35,454.35,0,1,703.1,437.4
20,658,2061053,702.9,437.6,755.5,471.2,729.2,454.4,0,1,702.9,437.6
20,659,2061054,702.8,437.9,755.3,471.2,729.05,454.55,0,1,702.8,437.9
20,660,2061055,702.7,438.3,755.1,471.1,728.9,454.7,0,1,702.7,438.3
20,661,2061056,702.6,438.5,755.0,471.2,728.8,454.85,0,1,702.6,438.5
20,662,2061057,702.7,438.8,754.9,471.3,728.8,455.05,0,1,702.7,438.8
20,663,2061058,702.8,439.1,754.8,471.5,728.8,455.3,0,1,702.8,439.1
20,664,2061059,702.9,439.4,754.6,471.9,728.75,455.65,0,1,702.9,439.4
20,665,2061060,703.0,439.5,754.4,472.4,728.7,455.95,0,1,703.0,439.5
20,666,2061061,703.1,439.5,754.2,473.0,728.65,456.25,0,1,703.1,439.5
21,667,2061062,703.2,438.6,753.9,473.5,728.55,456.05,0,1,703.2,438.6
21,668,2061063,703.3,437.9,753.7,473.9,728.5,455.9,0,1,703.3,437.9
21,669,2061064,703.2,437.3,753.5,473.7,728.35,455.5,0,1,703.2,437.3
21,670,2061065,703.0,437.2,753.4,473.5,728.2,455.35,0,1,703.0,437.2
21,671,2061066,702.7,437.2,753.2,473.3,727.95,455.25,0,1,702.7,437.2
21,672,2061067,702.4,437.5,753.1,473.2,727.75,455.35,0,1,702.4,437.5
21,673,2061068,702.0,438.3,752.8,473.0,727.4,455.65,0,1,702.0,438.3
21,674,2061069,701.7,439.8,752.5,472.9,727.1,456.35,0,1,701.7,439.8
21,675,2061070,701.5,441.3,752.3,472.8,726.9,457.05,0,1,701.5,441.3
21,676,2061071,701.4,442.6,752.0,473.1,726.7,457.85,0,1,701.4,442.6
21,677,2061072,701.5,443.2,751.7,473.3,726.6,458.25,0,1,701.5,443.2
21,678,2061073,701.7,443.5,751.5,473.4,726.6,458.45,0,1,701.7,443.5
21,679,2061074,701.9,443.5,751.0,473.3,726.45,458.4,0,1,701.9,443.5
21,680,2061075,702.2,442.9,750.8,473.2,726.5,458.05,0,1,702.2,442.9
21,681,2061076,702.3,442.4,750.6,473.0,726.45,457.7,0,1,702.3,442.4
21,682,2061077,702.5,441.8,750.4,473.0,726.45,457.4,0,1,702.5,441.8
21,683,2061078,702.6,441.3,750.3,473.2,726.45,457.25,0,1,702.6,441.3
21,684,2061079,702.5,441.1,750.1,473.6,726.3,457.35,0,1,702.5,441.1
21,685,2061080,702.3,441.1,750.0,473.9,726.15,457.5,0,1,702.3,441.1
21,686,2061081,702.1,441.4,750.1,474.3,726.1,457.85,0,1,702.1,441.4
21,687,2061082,701.9,441.9,750.1,474.6,726.0,458.25,0,1,701.9,441.9
21,688,2061083,701.8,442.4,749.9,475.1,725.85,458.75,0,1,701.8,442.4
21,689,2061084,701.6,442.9,749.5,475.5,725.55,459.2,0,1,701.6,442.9
21,690,2061085,701.5,443.4,749.0,475.5,725.25,459.45,0,1,701.5,443.4
21,691,2061086,701.6,443.7,748.3,475.6,724.95,459.65,0,1,701.6,443.7
21,692,2061087,701.7,444.1,747.5,475.5,724.6,459.8,0,1,701.7,444.1
21,693,2061088,701.9,444.2,746.8,475.3,724.35,459.75,0,1,701.9,444.2
21,694,2061089,702.1,444.3,746.1,475.1,724.1,459.7,0,1,702.1,444.3
21,695,2061090,702.3,444.4,745.6,474.9,723.95,459.65,0,1,702.3,444.4
21,696,2061091,702.4,444.4,745.2,474.9,723.8,459.65,0,1,702.4,444.4
21,697,2061092,702.5,444.4,744.9,475.4,723.7,459.9,0,1,702.5,444.4
21,698,2061093,702.5,444.3,744.8,476.0,723.65,460.15,0,1,702.5,444.3
21,699,2061094,702.6,444.2,744.7,476.6,723.65,460.4,0,1,702.6,444.2
21,700,2061095,702.5,444.0,744.6,477.1,723.55,460.55,0,1,702.5,444.0
22,701,2061096,702.4,443.8,744.5,477.8,723.45,460.8,0,1,702.4,443.8
22,702,2061097,702.3,443.7,744.3,478.2,723.3,460.95,0,1,702.3,443.7
22,703,2061098,702.2,443.5,744.2,478.3,723.2,460.9,0,1,702.2,443.5
22,704,2061099,702.1,443.3,744.1,477.8,723.1,460.55,0,1,702.1,443.3
22,705,2061100,702.0,443.1,743.8,477.3,722.9,460.2,0,1,702.0,443.1
22,706,2061101,701.9,443.5,743.4,476.9,722.65,460.2,0,1,701.9,443.5
22,707,2061102,702.0,444.0,743.0,476.7,722.5,460.35,0,1,702.0,444.0
22,708,2061103,702.2,444.4,742.6,476.5,722.4,460.45,0,1,702.2,444.4
22,709,2061104,702.3,444.9,742.2,476.6,722.25,460.75,0,1,702.3,444.9
22,710,2061105,702.4,445.4,742.1,476.8,722.25,461.1,0,1,702.4,445.4
22,711,2061106,702.2,445.8,742.0,477.1,722.1,461.45,0,1,702.2,445.8
22,712,2061107,702.0,446.3,742.1,477.4,722.05,461.85,0,1,702.0,446.3
22,713,2061108,701.8,446.2,742.3,477.7,722.05,461.95,0,1,701.8,446.2
22,714,2061109,701.4,446.1,742.6,478.0,722.0,462.05,0,1,701.4,446.1
22,715,2061110,700.8,446.0,742.8,478.2,721.8,462.1,0,1,700.8,446.0
22,716,2061111,700.3,446.4,742.9,478.3,721.6,462.35,0,1,700.3,446.4
22,717,2061112,699.8,446.7,742.8,478.4,721.3,462.55,0,1,699.8,446.7
22,718,2061113,700.1,447.2,742.7,478.4,721.4,462.8,0,1,700.1,447.2
22,719,2061114,700.4,447.6,742.4,478.7,721.4,463.15,0,1,700.4,447.6
22,720,2061115,700.7,448.0,742.1,479.0,721.4,463.5,0,1,700.7,448.0
22,721,2061116,701.0,448.5,741.8,479.2,721.4,463.85,0,1,701.0,448.5
22,722,2061117,701.3,449.1,741.7,478.9,721.5,464.0,0,1,701.3,449.1
22,723,2061118,701.8,449.2,741.6,478.7,721.7,463.95,0,1,701.8,449.2
22,724,2061119,702.2,449.2,741.6,478.6,721.9,463.9,0,1,702.2,449.2
22,725,2061120,702.2,448.8,741.6,478.4,721.9,463.6,0,1,702.2,448.8
22,726,2061121,702.3,448.3,741.8,478.0,722.05,463.15,0,1,702.3,448.3
22,727,2061122,702.3,447.9,742.0,477.6,722.15,462.75,0,1,702.3,447.9
22,728,2061123,702.4,447.3,742.2,477.1,722.3,462.2,0,1,702.4,447.3
22,729,2061124,702.5,446.6,742.4,477.1,722.45,461.85,0,1,702.5,446.6
22,730,2061125,702.6,446.1,742.1,477.1,722.35,461.6,0,1,702.6,446.1
22,731,2061126,702.8,445.7,741.9,477.0,722.35,461.35,0,1,702.8,445.7
22,732,2061127,703.0,445.6,741.5,476.8,722.25,461.2,0,1,703.0,445.6
22,733,2061128,703.3,445.6,741.1,476.6,722.2,461.1,0,1,703.3,445.6
23,734,2061129,703.7,445.5,740.7,476.5,722.2,461.0,0,1,703.7,445.5
23,735,2061130,704.1,445.3,740.2,476.5,722.15,460.9,0,1,704.1,445.3
23,736,2061131,704.5,445.3,739.6,476.5,722.05,460.9,0,1,704.5,445.3
23,737,2061132,704.7,445.3,739.3,476.5,722.0,460.9,0,1,704.7,445.3
23,738,2061133,705.0,445.6,739.1,476.6,722.05,461.1,0,1,705.0,445.6
23,739,2061134,705.4,445.9,738.8,476.8,722.1,461.35,0,1,705.4,445.9
23,740,2061135,705.5,446.2,738.6,477.4,722.05,461.8,0,1,705.5,446.2
23,741,2061136,705.5,446.4,738.4,477.9,721.95,462.15,0,1,705.5,446.4
23,742,2061137,705.5,446.5,738.3,478.3,721.9,462.4,0,1,705.5,446.5
23,743,2061138,705.5,446.5,738.3,478.9,721.9,462.7,0,1,705.5,446.5
23,744,2061139,705.6,446.3,738.3,479.6,721.95,462.95,0,1,705.6,446.3
23,745,2061140,705.7,445.5,738.4,480.1,722.05,462.8,0,1,705.7,445.5
23,746,2061141,705.6,444.7,738.4,480.4,722.0,462.55,0,1,705.6,444.7
23,747,2061142,705.6,444.0,738.5,480.4,722.05,462.2,0,1,705.6,444.0
23,748,2061143,705.7,443.4,738.5,480.5,722.1,461.95,0,1,705.7,443.4
23,749,2061144,705.7,443.0,738.5,480.8,722.1,461.9,0,1,705.7,443.0
23,750,2061145,705.8,442.9,738.3,480.9,722.05,461.9,0,1,705.8,442.9
23,751,2061146,705.8,443.0,738.0,481.0,721.9,462.0,0,1,705.8,443.0
23,752,2061147,705.9,444.2,737.8,481.0,721.85,462.6,0,1,705.9,444.2
23,753,2061148,706.1,445.3,737.5,481.0,721.8,463.15,0,1,706.1,445.3
23,754,2061149,706.5,446.6,737.2,480.5,721.85,463.55,0,1,706.5,446.6
23,755,2061150,706.8,448.2,736.9,479.9,721.85,464.05,0,1,706.8,448.2
23,756,2061151,707.1,449.7,736.9,479.2,722.0,464.45,0,1,707.1,449.7
23,757,2061152,707.5,450.8,737.0,478.5,722.25,464.65,0,1,707.5,450.8
23,758,2061153,707.8,451.5,737.1,477.7,722.45,464.6,0,1,707.8,451.5
23,759,2061154,708.1,451.4,737.2,477.1,722.65,464.25,0,1,708.1,451.4
23,760,2061155,708.3,451.1,737.3,476.6,722.8,463.85,0,1,708.3,451.1
23,761,2061156,708.4,450.3,737.4,476.6,722.9,463.45,0,1,708.4,450.3
23,762,2061157,708.5,449.2,737.3,476.7,722.9,462.95,0,1,708.5,449.2
23,763,2061158,708.9,448.1,737.2,477.0,723.05,462.55,0,1,708.9,448.1
23,764,2061159,709.3,446.3,737.0,477.6,723.15,461.95,0,1,709.3,446.3
23,765,2061160,710.0,444.8,736.7,478.2,723.35,461.5,0,1,710.0,444.8
23,766,2061161,710.6,443.3,736.4,478.8,723.5,461.05,0,1,710.6,443.3
24,767,2061162,711.1,442.0,736.2,479.5,723.65,460.75,0,1,711.1,442.0
24,768,2061163,711.6,441.0,736.0,480.4,723.8,460.7,0,1,711.6,441.0
24,769,2061164,712.0,440.2,736.2,481.5,724.1,460.85,0,1,712.0,440.2
24,770,2061165,712.1,439.5,736.4,482.4,724.25,460.95,0,1,712.1,439.5
24,771,2061166,712.1,440.1,736.4,483.1,724.25,461.6,0,1,712.1,440.1
24,772,2061167,711.9,440.8,736.5,482.5,724.2,461.65,0,1,711.9,440.8
24,773,2061168,711.7,441.4,736.8,481.9,724.25,461.65,0,1,711.7,441.4
24,774,2061169,711.5,442.2,737.0,481.3,724.25,461.75,0,1,711.5,442.2
24,775,2061170,711.3,443.1,737.3,480.6,724.3,461.85,0,1,711.3,443.1
24,776,2061171,711.0,444.0,737.4,479.6,724.2,461.8,0,1,711.0,444.0
24,777,2061172,710.8,444.6,737.5,478.6,724.15,461.6,0,1,710.8,444.6
24,778,2061173,710.6,445.0,737.7,477.8,724.15,461.4,0,1,710.6,445.0
24,779,2061174,710.7,445.3,737.8,478.4,724.25,461.85,0,1,710.7,445.3
24,780,2061175,710.7,445.7,737.7,478.8,724.2,462.25,0,1,710.7,445.7
24,781,2061176,710.7,445.8,737.6,479.3,724.15,462.55,0,1,710.7,445.8
24,782,2061177,710.8,445.6,737.2,479.6,724.0,462.6,0,1,710.8,445.6
24,783,2061178,710.8,445.4,736.8,480.1,723.8,462.75,0,1,710.8,445.4
24,784,2061179,710.7,445.2,736.4,480.7,723.55,462.95,0,1,710.7,445.2
24,785,2061180,710.6,445.0,736.0,481.5,723.3,463.25,0,1,710.6,445.0
24,786,2061181,710.4,444.7,735.7,482.1,723.05,463.4,0,1,710.4,444.7
24,787,2061182,710.1,444.6,735.6,482.7,722.85,463.65,0,1,710.1,444.6
24,788,2061183,710.0,444.6,735.5,482.9,722.75,463.75,0,1,710.0,444.6
24,789,2061184,709.9,444.7,735.4,483.1,722.65,463.9,0,1,709.9,444.7
24,790,2061185,709.9,444.8,735.4,483.2,722.65,464.0,0,1,709.9,444.8
24,791,2061186,709.9,445.0,735.5,483.1,722.7,464.05,0,1,709.9,445.0
24,792,2061187,709.9,445.0,736.2,482.7,723.05,463.85,0,1,709.9,445.0
24,793,2061188,709.9,445.0,736.8,482.4,723.35,463.7,0,1,709.9,445.0
24,794,2061189,710.0,444.8,737.5,482.2,723.75,463.5,0,1,710.0,444.8
24,795,2061190,709.9,444.5,737.8,482.4,723.85,463.45,0,1,709.9,444.5
24,796,2061191,709.9,444.2,738.2,482.6,724.05,463.4,0,1,709.9,444.2
24,797,2061192,710.0,443.9,738.5,482.7,724.25,463.3,0,1,710.0,443.9
24,798,2061193,709.5,443.6,738.8,482.8,724.15,463.2,0,1,709.5,443.6
24,799,2061194,708.8,443.3,738.6,483.0,723.7,463.15,0,1,708.8,443.3
24,800,2061195,706.2,443.1,738.4,483.2,722.3,463.15,0,1,706.2,443.1
25,801,2061196,702.1,442.9,737.7,483.6,719.9,463.25,0,1,702.1,442.9
25,802,2061197,697.0,442.7,736.2,484.0,716.6,463.35,0,1,697.0,442.7
25,803,2061198,690.8,442.5,733.4,484.6,712.1,463.55,0,1,690.8,442.5
25,804,2061199,683.1,442.3,729.2,485.2,706.15,463.75,0,1,683.1,442.3
25,805,2061200,673.3,442.3,722.8,485.9,698.05,464.1,0,1,673.3,442.3
25,806,2061201,661.7,442.3,714.9,486.4,688.3,464.35,0,1,661.7,442.3
25,807,2061202,648.0,442.3,704.6,486.6,676.3,464.45,0,1,648.0,442.3
25,808,2061203,632.5,442.2,690.8,486.5,661.65,464.35,0,1,632.5,442.2
25,809,2061204,615.8,442.2,674.8,486.0,645.3,464.1,0,1,615.8,442.2
25,810,2061205,597.5,442.1,657.2,485.3,627.35,463.7,0,1,597.5,442.1
25,811,2061206,579.5,441.1,637.5,484.3,608.5,462.7,0,1,579.5,441.1
25,812,2061207,560.9,439.1,617.4,482.2,589.15,460.65,0,1,560.9,439.1
25,813,2061208,541.6,437.1,595.6,480.1,568.6,458.6,0,1,541.6,437.1
25,814,2061209,523.8,434.9,572.5,478.1,548.15,456.5,0,1,523.8,434.9
25,815,2061210,508.5,432.5,553.4,476.0,530.95,454.25,0,1,508.5,432.5
25,816,2061211,493.4,430.2,537.6,474.2,515.5,452.2,0,1,493.4,430.2
25,817,2061212,480.5,427.8,522.7,472.6,501.6,450.2,0,1,480.5,427.8
25,818,2061213,467.1,426.3,509.9,471.2,488.5,448.75,0,1,467.1,426.3
25,819,2061214,454.4,425.4,498.7,470.8,476.55,448.1,0,1,454.4,425.4
25,820,2061215,443.3,424.3,489.1,470.4,466.2,447.35,0,1,443.3,424.3
25,821,2061216,431.9,423.2,479.7,470.1,455.8,446.65,0,1,431.9,423.2
25,822,2061217,419.9,422.1,468.3,470.2,444.1,446.15,0,1,419.9,422.1
25,823,2061218,408.0,421.0,455.2,470.0,431.6,445.5,0,1,408.0,421.0
25,824,2061219,394.4,419.8,440.7,469.6,417.55,444.7,0,1,394.4,419.8
25,825,2061220,380.1,418.7,424.2,469.2,402.15,443.95,0,1,380.1,418.7
25,826,2061221,365.4,417.6,405.3,468.8,385.35,443.2,0,1,365.4,417.6
25,827,2061222,350.2,416.9,385.2,468.3,367.7,442.6,0,1,350.2,416.9
25,828,2061223,336.2,416.3,364.6,467.6,350.4,441.95,0,1,336.2,416.3
25,829,2061224,320.9,415.7,342.9,466.8,331.9,441.25,0,1,320.9,415.7
25,830,2061225,306.2,415.2,319.4,465.9,312.8,440.55,0,1,306.2,415.2
25,831,2061226,292.2,414.6,297.0,464.7,294.6,439.65,0,1,292.2,414.6
25,832,2061227,279.9,414.0,276.2,463.2,278.05,438.6,0,1,279.9,414.0
25,833,2061228,268.6,413.4,257.3,461.6,262.95,437.5,0,1,268.6,413.4
26,834,2061229,258.8,412.8,241.2,460.1,250.0,436.45,0,1,258.8,412.8
26,835,2061230,249.8,412.0,228.8,458.8,239.3,435.4,0,1,249.8,412.0
26,836,2061231,242.9,411.0,218.8,457.5,230.85,434.25,0,1,242.9,411.0
26,837,2061232,236.6,410.1,212.3,457.0,224.45,433.55,0,1,236.6,410.1
26,838,2061233,231.8,409.2,208.1,457.0,219.95,433.1,0,1,231.8,409.2
26,839,2061234,227.6,407.9,205.8,457.4,216.7,432.65,0,1,227.6,407.9
26,840,2061235,225.4,406.0,205.1,458.0,215.25,432.0,0,1,225.4,406.0
26,841,2061236,223.5,404.3,205.1,458.6,214.3,431.45,0,1,223.5,404.3
26,842,2061237,222.5,401.7,206.0,459.2,214.25,430.45,0,1,222.5,401.7
26,843,2061238,222.1,399.4,208.8,460.1,215.45,429.75,0,1,222.1,399.4
26,844,2061239,222.6,397.2,211.5,460.7,217.05,428.95,0,1,222.6,397.2
26,845,2061240,223.3,394.9,214.3,461.1,218.8,428.0,0,1,223.3,394.9
26,846,2061241,224.1,393.0,217.3,461.4,220.7,427.2,0,1,224.1,393.0
26,847,2061242,225.0,391.7,220.0,461.6,222.5,426.65,0,1,225.0,391.7
26,848,2061243,226.2,390.3,223.9,461.7,225.05,426.0,0,1,226.2,390.3
26,849,2061244,227.5,388.6,227.1,461.6,227.3,425.1,0,1,227.5,388.6
26,850,2061245,229.5,387.0,229.2,460.7,229.35,423.85,0,1,229.5,387.0
26,851,2061246,231.4,385.4,231.2,459.9,231.3,422.65,0,1,231.4,385.4
26,852,2061247,233.0,383.8,233.1,459.1,233.05,421.45,0,1,233.0,383.8
26,853,2061248,234.7,382.4,234.9,458.4,234.8,420.4,0,1,234.7,382.4
26,854,2061249,236.6,381.3,236.4,457.7,236.5,419.5,0,1,236.6,381.3
26,855,2061250,238.2,380.2,236.2,456.9,237.2,418.55,0,1,238.2,380.2
26,856,2061251,239.7,380.5,236.0,455.7,237.85,418.1,0,1,239.7,380.5
26,857,2061252,240.4,380.8,235.4,455.1,237.9,417.95,0,1,240.4,380.8
26,858,2061253,241.0,381.1,234.8,454.4,237.9,417.75,0,1,241.0,381.1
26,859,2061254,241.4,381.7,234.3,453.5,237.85,417.6,0,1,241.4,381.7
26,860,2061255,241.6,382.1,233.8,452.6,237.7,417.35,0,1,241.6,382.1
26,861,2061256,241.5,382.5,233.1,452.0,237.3,417.25,0,1,241.5,382.5
26,862,2061257,241.2,383.1,232.5,451.7,236.85,417.4,0,1,241.2,383.1
26,863,2061258,240.9,383.9,231.9,452.3,236.4,418.1,0,1,240.9,383.9
26,864,2061259,240.6,384.7,231.7,452.9,236.15,418.8,0,1,240.6,384.7
26,865,2061260,240.2,385.6,231.6,453.5,235.9,419.55,0,1,240.2,385.6
26,866,2061261,240.1,386.3,231.8,454.5,235.95,420.4,0,1,240.1,386.3
27,867,2061262,239.8,388.3,232.0,455.5,235.9,421.9,0,1,239.8,388.3
27,868,2061263,239.0,390.4,232.4,456.4,235.7,423.4,0,1,239.0,390.4
27,869,2061264,238.2,392.2,232.8,457.0,235.5,424.6,0,1,238.2,392.2
27,870,2061265,237.4,393.9,233.2,457.2,235.3,425.55,0,1,237.4,393.9
27,871,2061266,236.9,395.4,233.5,457.4,235.2,426.4,0,1,236.9,395.4
27,872,2061267,236.3,397.2,233.8,457.3,235.05,427.25,0,1,236.3,397.2
27,873,2061268,235.8,399.1,233.7,456.9,234.75,428.0,0,1,235.8,399.1
27,874,2061269,235.4,399.7,233.6,456.4,234.5,428.05,0,1,235.4,399.7
27,875,2061270,235.5,400.4,233.5,455.8,234.5,428.1,0,1,235.5,400.4
27,876,2061271,235.7,401.2,233.4,455.3,234.55,428.25,0,1,235.7,401.2
27,877,2061272,235.9,402.1,233.4,454.8,234.65,428.45,0,1,235.9,402.1
27,878,2061273,235.9,403.0,233.3,454.2,234.6,428.6,0,1,235.9,403.0
27,879,2061274,235.9,403.6,233.3,453.8,234.6,428.7,0,1,235.9,403.6
27,880,2061275,235.9,404.1,233.3,453.3,234.6,428.7,0,1,235.9,404.1
27,881,2061276,235.9,404.5,233.3,452.8,234.6,428.65,0,1,235.9,404.5
27,882,2061277,235.9,404.8,233.0,452.3,234.45,428.55,0,1,235.9,404.8
27,883,2061278,235.8,405.0,232.6,451.8,234.2,428.4,0,1,235.8,405.0
27,884,2061279,235.6,405.0,232.1,451.3,233.85,428.15,0,1,235.6,405.0
27,885,2061280,235.6,404.9,231.7,451.0,233.65,427.95,0,1,235.6,404.9
27,886,2061281,235.5,404.8,231.2,451.1,233.35,427.95,0,1,235.5,404.8
27,887,2061282,235.4,404.7,230.8,451.3,233.1,428.0,0,1,235.4,404.7
27,888,2061283,235.3,404.9,230.4,451.6,232.85,428.25,0,1,235.3,404.9
27,889,2061284,235.3,405.1,230.3,451.9,232.8,428.5,0,1,235.3,405.1
27,890,2061285,235.4,405.5,230.4,452.2,232.9,428.85,0,1,235.4,405.5
27,891,2061286,235.5,405.9,230.6,452.6,233.05,429.25,0,1,235.5,405.9
27,892,2061287,235.5,406.4,230.7,452.8,233.1,429.6,0,1,235.5,406.4
27,893,2061288,235.3,407.0,230.9,453.0,233.1,430.0,0,1,235.3,407.0
27,894,2061289,235.2,407.5,230.9,453.0,233.05,430.25,0,1,235.2,407.5
27,895,2061290,235.3,407.9,230.9,452.9,233.1,430.4,0,1,235.3,407.9
27,896,2061291,235.5,408.3,230.5,452.8,233.0,430.55,0,1,235.5,408.3
27,897,2061292,235.6,408.8,230.1,452.6,232.85,430.7,0,1,235.6,408.8
27,898,2061293,235.7,409.2,229.6,452.4,232.65,430.8,0,1,235.7,409.2
27,899,2061294,235.9,409.6,229.2,452.0,232.55,430.8,0,1,235.9,409.6
27,900,2061295,236.1,410.0,228.7,451.6,232.4,430.8,0,1,236.1,410.0
28,901,2061296,236.3,410.3,228.3,450.6,232.3,430.45,0,1,236.3,410.3
28,902,2061297,235.8,410.3,228.0,449.7,231.9,430.0,0,1,235.8,410.3
28,903,2061298,235.3,410.4,228.0,448.8,231.65,429.6,0,1,235.3,410.4
28,904,2061299,234.6,410.4,228.1,448.1,231.35,429.25,0,1,234.6,410.4
28,905,2061300,234.0,410.3,228.3,447.2,231.15,428.75,0,1,234.0,410.3
28,906,2061301,233.4,410.2,228.4,446.5,230.9,428.35,0,1,233.4,410.2
28,907,2061302,232.8,410.2,228.5,446.0,230.65,428.1,0,1,232.8,410.2
28,908,2061303,232.2,410.1,228.3,446.0,230.25,428.05,0,1,232.2,410.1
28,909,2061304,232.1,410.1,228.1,446.0,230.1,428.05,0,1,232.1,410.1
28,910,2061305,232.1,409.7,228.0,446.0,230.05,427.85,0,1,232.1,409.7
28,911,2061306,232.1,409.3,227.8,446.0,229.95,427.65,0,1,232.1,409.3
28,912,2061307,232.0,409.0,227.8,445.8,229.9,427.4,0,1,232.0,409.0
28,913,2061308,231.8,408.6,227.8,445.4,229.8,427.0,0,1,231.8,408.6
28,914,2061309,231.5,408.0,227.8,444.2,229.65,426.1,0,1,231.5,408.0
28,915,2061310,231.2,407.8,227.9,443.0,229.55,425.4,0,1,231.2,407.8
28,916,2061311,230.9,407.7,228.0,441.9,229.45,424.8,0,1,230.9,407.7
28,917,2061312,230.6,408.0,228.2,441.0,229.4,424.5,0,1,230.6,408.0
28,918,2061313,230.2,409.1,228.3,440.3,229.25,424.7,0,1,230.2,409.1
28,919,2061314,230.0,410.2,228.3,439.8,229.15,425.0,0,1,230.0,410.2
28,920,2061315,229.9,411.4,228.2,439.5,229.05,425.45,0,1,229.9,411.4
28,921,2061316,229.9,412.3,228.1,440.1,229.0,426.2,0,1,229.9,412.3
28,922,2061317,230.2,412.9,227.9,440.6,229.05,426.75,0,1,230.2,412.9
28,923,2061318,230.4,413.2,227.8,440.8,229.1,427.0,0,1,230.4,413.2
28,924,2061319,230.6,413.4,227.6,440.8,229.1,427.1,0,1,230.6,413.4
28,925,2061320,231.0,412.4,226.9,440.4,228.95,426.4,0,1,231.0,412.4
28,926,2061321,231.3,411.3,226.2,439.8,228.75,425.55,0,1,231.3,411.3
28,927,2061322,231.7,410.2,225.5,439.2,228.6,424.7,0,1,231.7,410.2
28,928,2061323,232.1,409.6,224.9,438.6,228.5,424.1,0,1,232.1,409.6
28,929,2061324,232.6,409.2,225.1,438.1,228.85,423.65,0,1,232.6,409.2
28,930,2061325,233.0,409.0,225.2,437.6,229.1,423.3,0,1,233.0,409.0
28,931,2061326,233.5,408.9,225.2,437.7,229.35,423.3,0,1,233.5,408.9
28,932,2061327,233.9,409.3,225.7,438.2,229.8,423.75,0,1,233.9,409.3
28,933,2061328,234.1,409.7,226.1,438.8,230.1,424.25,0,1,234.1,409.7
29,934,2061329,234.2,410.3,226.5,439.5,230.35,424.9,0,1,234.2,410.3
29,935,2061330,234.2,410.9,226.9,440.1,230.55,425.5,0,1,234.2,410.9
29,936,2061331,234.0,411.3,226.7,440.6,230.35,425.95,0,1,234.0,411.3
29,937,2061332,233.8,411.7,226.5,441.1,230.15,426.4,0,1,233.8,411.7
29,938,2061333,233.6,412.1,226.5,440.4,230.05,426.25,0,1,233.6,412.1
29,939,2061334,233.5,412.5,226.6,439.5,230.05,426.0,0,1,233.5,412.5
29,940,2061335,233.6,412.9,226.9,438.5,230.25,425.7,0,1,233.6,412.9
29,941,2061336,233.8,413.1,227.2,437.4,230.5,425.25,0,1,233.8,413.1
29,942,2061337,234.5,413.1,227.5,436.0,231.0,424.55,0,1,234.5,413.1
29,943,2061338,235.1,413.2,227.8,434.6,231.45,423.9,0,1,235.1,413.2
29,944,2061339,235.6,413.3,228.0,433.4,231.8,423.35,0,1,235.6,413.3
29,945,2061340,236.2,413.9,227.6,432.9,231.9,423.4,0,1,236.2,413.9
29,946,2061341,236.7,414.5,227.2,432.6,231.95,423.55,0,1,236.7,414.5
29,947,2061342,237.1,415.0,226.6,432.4,231.85,423.7,0,1,237.1,415.0
29,948,2061343,237.3,415.5,225.9,432.4,231.6,423.95,0,1,237.3,415.5
29,949,2061344,237.3,416.0,225.2,432.6,231.25,424.3,0,1,237.3,416.0
29,950,2061345,237.3,416.3,224.7,432.8,231.0,424.55,0,1,237.3,416.3
29,951,2061346,237.3,416.4,224.1,433.0,230.7,424.7,0,1,237.3,416.4
29,952,2061347,237.3,416.0,223.9,433.1,230.6,424.55,0,1,237.3,416.0
29,953,2061348,237.3,415.6,223.8,433.1,230.55,424.35,0,1,237.3,415.6
29,954,2061349,237.5,415.0,223.6,433.1,230.55,424.05,0,1,237.5,415.0
29,955,2061350,237.6,414.3,223.6,433.1,230.6,423.7,0,1,237.6,414.3
29,956,2061351,237.7,413.9,223.6,433.1,230.65,423.5,0,1,237.7,413.9
29,957,2061352,237.8,413.7,223.5,433.1,230.65,423.4,0,1,237.8,413.7
29,958,2061353,237.9,414.2,223.4,433.1,230.65,423.65,0,1,237.9,414.2
29,959,2061354,238.0,414.8,223.1,433.1,230.55,423.95,0,1,238.0,414.8
29,960,2061355,238.1,415.4,222.7,433.1,230.4,424.25,0,1,238.1,415.4
29,961,2061356,238.2,416.1,222.3,433.0,230.25,424.55,0,1,238.2,416.1
29,962,2061357,238.3,416.8,221.8,432.9,230.05,424.85,0,1,238.3,416.8
29,963,2061358,238.4,416.9,221.4,432.9,229.9,424.9,0,1,238.4,416.9
29,964,2061359,238.6,416.7,221.1,433.0,229.85,424.85,0,1,238.6,416.7
29,965,2061360,238.7,415.8,221.0,433.4,229.85,424.6,0,1,238.7,415.8
29,966,2061361,238.8,415.0,221.2,434.3,230.0,424.65,0,1,238.8,415.0
30,967,2061362,238.9,414.2,221.5,435.1,230.2,424.65,0,1,238.9,414.2
30,968,2061363,239.0,413.5,221.7,436.0,230.35,424.75,0,1,239.0,413.5
30,969,2061364,239.0,412.7,221.9,436.9,230.45,424.8,0,1,239.0,412.7
30,970,2061365,239.0,412.6,222.1,437.9,230.55,425.25,0,1,239.0,412.6
30,971,2061366,238.9,412.5,221.7,439.2,230.3,425.85,0,1,238.9,412.5
30,972,2061367,238.9,412.5,221.1,440.2,230.0,426.35,0,1,238.9,412.5
30,973,2061368,238.6,412.3,220.5,440.8,229.55,426.55,0,1,238.6,412.3
30,974,2061369,238.4,412.2,219.9,441.4,229.15,426.8,0,1,238.4,412.2
30,975,2061370,238.1,412.0,219.3,442.1,228.7,427.05,0,1,238.1,412.0
30,976,2061371,237.7,412.0,218.7,442.7,228.2,427.35,0,1,237.7,412.0
30,977,2061372,237.1,412.0,218.1,443.2,227.6,427.6,0,1,237.1,412.0
30,978,2061373,236.5,411.9,218.0,443.4,227.25,427.65,0,1,236.5,411.9
30,979,2061374,235.9,412.0,217.8,443.6,226.85,427.8,0,1,235.9,412.0
30,980,2061375,235.5,412.0,217.6,443.7,226.55,427.85,0,1,235.5,412.0
30,981,2061376,235.0,412.0,217.5,444.1,226.25,428.05,0,1,235.0,412.0
30,982,2061377,234.6,412.1,217.6,444.3,226.1,428.2,0,1,234.6,412.1
30,983,2061378,234.3,412.3,217.7,444.6,226.0,428.45,0,1,234.3,412.3
30,984,2061379,234.3,412.4,217.8,444.8,226.05,428.6,0,1,234.3,412.4
30,985,2061380,234.3,412.5,217.4,445.4,225.85,428.95,0,1,234.3,412.5
30,986,2061381,234.4,412.7,217.2,445.9,225.8,429.3,0,1,234.4,412.7
30,987,2061382,234.4,412.9,216.8,446.3,225.6,429.6,0,1,234.4,412.9
30,988,2061383,234.3,413.7,216.4,446.3,225.35,430.0,0,1,234.3,413.7
30,989,2061384,234.1,414.4,215.8,446.3,224.95,430.35,0,1,234.1,414.4
30,990,2061385,233.7,415.0,215.2,446.2,224.45,430.6,0,1,233.7,415.0
30,991,2061386,233.4,415.3,214.6,446.2,224.0,430.75,0,1,233.4,415.3
30,992,2061387,233.0,415.7,214.4,445.9,223.7,430.8,0,1,233.0,415.7
30,993,2061388,232.6,415.9,214.3,445.5,223.45,430.7,0,1,232.6,415.9
30,994,2061389,232.1,416.2,214.1,445.5,223.1,430.85,0,1,232.1,416.2
30,995,2061390,231.6,415.8,214.1,445.7,222.85,430.75,0,1,231.6,415.8
30,996,2061391,231.3,415.6,214.0,446.2,222.65,430.9,0,1,231.3,415.6
30,997,2061392,231.0,415.4,213.9,446.7,222.45,431.05,0,1,231.0,415.4
30,998,2061393,230.7,415.6,213.8,447.1,222.25,431.35,0,1,230.7,415.6
30,999,2061394,230.4,415.8,213.7,447.4,222.05,431.6,0,1,230.4,415.8
30,1000,2061395,230.0,416.0,213.7,447.9,221.85,431.95,0,1,230.0,416.0
31,1001,2061396,229.7,416.7,213.5,448.4,221.6,432.55,0,1,229.7,416.7
31,1002,2061397,229.4,417.4,213.3,449.1,221.35,433.25,0,1,229.4,417.4
31,1003,2061398,229.1,417.9,213.1,449.7,221.1,433.8,0,1,229.1,417.9
31,1004,2061399,228.8,418.4,212.9,450.3,220.85,434.35,0,1,228.8,418.4
31,1005,2061400,228.6,418.7,212.6,451.0,220.6,434.85,0,1,228.6,418.7
31,1006,2061401,228.3,419.1,212.2,451.9,220.25,435.5,0,1,228.3,419.1
31,1007,2061402,228.0,419.5,211.7,452.7,219.85,436.1,0,1,228.0,419.5
31,1008,2061403,227.5,419.4,211.3,453.5,219.4,436.45,0,1,227.5,419.4
31,1009,2061404,227.2,419.1,210.9,453.9,219.05,436.5,0,1,227.2,419.1
31,1010,2061405,226.8,418.8,210.4,454.3,218.6,436.55,0,1,226.8,418.8
31,1011,2061406,226.5,418.2,209.9,454.7,218.2,436.45,0,1,226.5,418.2
31,1012,2061407,226.1,417.5,209.4,455.1,217.75,436.3,0,1,226.1,417.5
31,1013,2061408,225.8,416.8,209.1,455.3,217.45,436.05,0,1,225.8,416.8
31,1014,2061409,225.5,416.1,208.6,455.6,217.05,435.85,0,1,225.5,416.1
31,1015,2061410,225.3,415.9,208.2,456.0,216.75,435.95,0,1,225.3,415.9
31,1016,2061411,225.0,415.8,207.8,456.3,216.4,436.05,0,1,225.0,415.8
31,1017,2061412,224.8,415.8,207.4,456.4,216.1,436.1,0,1,224.8,415.8
31,1018,2061413,224.5,416.1,207.2,456.3,215.85,436.2,0,1,224.5,416.1
31,1019,2061414,224.2,416.4,207.0,456.2,215.6,436.3,0,1,224.2,416.4
31,1020,2061415,223.9,416.7,206.8,456.1,215.35,436.4,0,1,223.9,416.7
31,1021,2061416,223.7,417.2,206.8,456.0,215.25,436.6,0,1,223.7,417.2
31,1022,2061417,223.7,417.6,206.8,455.9,215.25,436.75,0,1,223.7,417.6
31,1023,2061418,223.9,418.2,206.8,455.8,215.35,437.0,0,1,223.9,418.2
31,1024,2061419,224.1,419.0,206.7,456.0,215.4,437.5,0,1,224.1,419.0
31,1025,2061420,224.4,419.6,206.6,456.4,215.5,438.0,0,1,224.4,419.6
31,1026,2061421,224.7,419.9,206.4,456.7,215.55,438.3,0,1,224.7,419.9
31,1027,2061422,224.9,420.4,206.2,456.7,215.55,438.55,0,1,224.9,420.4
31,1028,2061423,225.0,420.6,206.1,455.9,215.55,438.25,0,1,225.0,420.6
31,1029,2061424,224.7,420.5,206.0,455.1,215.35,437.8,0,1,224.7,420.5
31,1030,2061425,224.2,420.3,206.0,454.3,215.1,437.3,0,1,224.2,420.3
31,1031,2061426,223.6,419.8,205.9,453.4,214.75,436.6,0,1,223.6,419.8
31,1032,2061427,223.0,419.6,205.7,452.5,214.35,436.05,0,1,223.0,419.6
31,1033,2061428,222.3,419.6,205.2,452.0,213.75,435.8,0,1,222.3,419.6
32,1034,2061429,221.7,419.6,204.6,451.7,213.15,435.65,0,1,221.7,419.6
32,1035,2061430,221.2,419.7,204.0,452.2,212.6,435.95,0,1,221.2,419.7
32,1036,2061431,221.0,420.0,203.6,452.8,212.3,436.4,0,1,221.0,420.0
32,1037,2061432,221.0,420.0,203.2,453.4,212.1,436.7,0,1,221.0,420.0
32,1038,2061433,221.3,419.8,202.8,454.1,212.05,436.95,0,1,221.3,419.8
32,1039,2061434,221.6,419.6,202.7,454.7,212.15,437.15,0,1,221.6,419.6
32,1040,2061435,221.8,419.4,203.0,455.0,212.4,437.2,0,1,221.8,419.4
32,1041,2061436,221.9,419.2,203.3,455.4,212.6,437.3,0,1,221.9,419.2
32,1042,2061437,221.7,418.9,203.5,455.8,212.6,437.35,0,1,221.7,418.9
32,1043,2061438,221.4,418.4,203.6,456.0,212.5,437.2,0,1,221.4,418.4
32,1044,2061439,221.1,418.2,203.6,456.1,212.35,437.15,0,1,221.1,418.2
32,1045,2061440,220.5,418.3,203.6,456.2,212.05,437.25,0,1,220.5,418.3
32,1046,2061441,220.0,418.3,203.5,456.4,211.75,437.35,0,1,220.0,418.3
32,1047,2061442,219.6,418.3,203.3,456.6,211.45,437.45,0,1,219.6,418.3
32,1048,2061443,219.3,418.3,203.2,456.7,211.25,437.5,0,1,219.3,418.3
32,1049,2061444,219.4,418.2,203.0,456.8,211.2,437.5,0,1,219.4,418.2
32,1050,2061445,219.5,418.2,202.8,457.1,211.15,437.65,0,1,219.5,418.2
32,1051,2061446,219.6,418.4,202.2,457.5,210.9,437.95,0,1,219.6,418.4
32,1052,2061447,219.7,418.6,201.7,457.8,210.7,438.2,0,1,219.7,418.6
32,1053,2061448,219.8,418.8,201.1,457.9,210.45,438.35,0,1,219.8,418.8
32,1054,2061449,219.7,419.0,200.4,458.0,210.05,438.5,0,1,219.7,419.0
32,1055,2061450,219.4,418.6,199.7,458.0,209.55,438.3,0,1,219.4,418.6
32,1056,2061451,219.3,417.7,198.9,457.8,209.1,437.75,0,1,219.3,417.7
32,1057,2061452,219.1,416.8,198.3,457.5,208.7,437.15,0,1,219.1,416.8
32,1058,2061453,219.0,415.7,197.8,457.1,208.4,436.4,0,1,219.0,415.7
32,1059,2061454,218.9,414.6,197.4,456.8,208.15,435.7,0,1,218.9,414.6
32,1060,2061455,218.7,413.5,197.2,456.6,207.95,435.05,0,1,218.7,413.5
32,1061,2061456,218.8,412.4,197.0,456.3,207.9,434.35,0,1,218.8,412.4
32,1062,2061457,218.7,411.9,196.9,456.0,207.8,433.95,0,1,218.7,411.9
32,1063,2061458,218.5,412.2,196.9,455.8,207.7,434.0,0,1,218.5,412.2
32,1064,2061459,218.2,412.8,196.8,455.6,207.5,434.2,0,1,218.2,412.8
32,1065,2061460,217.9,414.0,196.8,456.2,207.35,435.1,0,1,217.9,414.0
32,1066,2061461,217.6,415.3,196.8,456.8,207.2,436.05,0,1,217.6,415.3
33,1067,2061462,217.3,416.6,197.2,457.7,207.25,437.15,0,1,217.3,416.6
33,1068,2061463,217.1,417.8,197.5,458.7,207.3,438.25,0,1,217.1,417.8
33,1069,2061464,216.9,419.1,197.9,459.6,207.4,439.35,0,1,216.9,419.1
33,1070,2061465,216.7,420.1,198.3,460.6,207.5,440.35,0,1,216.7,420.1
33,1071,2061466,216.4,420.8,198.6,461.5,207.5,441.15,0,1,216.4,420.8
33,1072,2061467,216.2,420.9,199.1,461.5,207.65,441.2,0,1,216.2,420.9
33,1073,2061468,215.9,421.1,199.6,461.1,207.75,441.1,0,1,215.9,421.1
33,1074,2061469,215.6,421.4,199.8,460.5,207.7,440.95,0,1,215.6,421.4
33,1075,2061470,215.3,421.8,200.0,459.8,207.65,440.8,0,1,215.3,421.8
33,1076,2061471,214.9,422.1,200.2,459.0,207.55,440.55,0,1,214.9,422.1
33,1077,2061472,214.7,422.4,200.5,457.8,207.6,440.1,0,1,214.7,422.4
33,1078,2061473,214.6,422.2,200.9,456.7,207.75,439.45,0,1,214.6,422.2
33,1079,2061474,214.5,422.0,201.3,455.6,207.9,438.8,0,1,214.5,422.0
33,1080,2061475,214.4,421.9,201.5,454.9,207.95,438.4,0,1,214.4,421.9
33,1081,2061476,214.4,422.1,201.7,454.2,208.05,438.15,0,1,214.4,422.1
33,1082,2061477,214.5,422.4,201.7,453.7,208.1,438.05,0,1,214.5,422.4
33,1083,2061478,214.5,422.6,201.7,453.3,208.1,437.95,0,1,214.5,422.6
33,1084,2061479,214.6,422.7,201.7,453.4,208.15,438.05,0,1,214.6,422.7
33,1085,2061480,214.6,423.2,201.5,453.5,208.05,438.35,0,1,214.6,423.2
33,1086,2061481,214.6,423.5,201.5,454.1,208.05,438.8,0,1,214.6,423.5
33,1087,2061482,214.7,423.7,201.5,454.6,208.1,439.15,0,1,214.7,423.7
33,1088,2061483,214.7,423.2,201.8,455.2,208.25,439.2,0,1,214.7,423.2
33,1089,2061484,214.7,422.7,202.6,455.7,208.65,439.2,0,1,214.7,422.7
33,1090,2061485,214.7,422.2,203.3,456.1,209.0,439.15,0,1,214.7,422.2
33,1091,2061486,214.7,421.8,204.0,456.3,209.35,439.05,0,1,214.7,421.8
33,1092,2061487,214.7,421.5,204.6,456.5,209.65,439.0,0,1,214.7,421.5
33,1093,2061488,214.6,421.1,204.9,456.1,209.75,438.6,0,1,214.6,421.1
33,1094,2061489,214.6,420.8,205.3,455.6,209.95,438.2,0,1,214.6,420.8
33,1095,2061490,214.8,420.3,205.2,455.0,210.0,437.65,0,1,214.8,420.3
33,1096,2061491,215.0,419.6,205.0,453.7,210.0,436.65,0,1,215.0,419.6
33,1097,2061492,215.2,418.6,204.8,452.4,210.0,435.5,0,1,215.2,418.6
33,1098,2061493,215.5,417.5,204.6,450.6,210.05,434.05,0,1,215.5,417.5
33,1099,2061494,215.8,416.4,204.4,448.8,210.1,432.6,0,1,215.8,416.4
33,1100,2061495,216.1,414.6,204.4,447.1,210.25,430.85,0,1,216.1,414.6
34,1101,2061496,216.4,412.9,204.6,445.6,210.5,429.25,0,1,216.4,412.9
34,1102,2061497,216.6,411.5,205.1,444.1,210.85,427.8,0,1,216.6,411.5
34,1103,2061498,216.6,410.6,205.6,443.4,211.1,427.0,0,1,216.6,410.6
34,1104,2061499,216.6,410.2,206.3,442.6,211.45,426.4,0,1,216.6,410.2
34,1105,2061500,216.6,409.8,207.2,442.8,211.9,426.3,0,1,216.6,409.8
34,1106,2061501,216.6,409.5,208.0,443.0,212.3,426.25,0,1,216.6,409.5
34,1107,2061502,216.5,409.8,208.9,443.2,212.7,426.5,0,1,216.5,409.8
34,1108,2061503,216.4,410.1,209.7,443.3,213.05,426.7,0,1,216.4,410.1
34,1109,2061504,216.5,410.3,210.2,442.9,213.35,426.6,0,1,216.5,410.3
34,1110,2061505,216.9,409.9,210.6,442.2,213.75,426.05,0,1,216.9,409.9
34,1111,2061506,217.3,409.4,210.6,441.4,213.95,425.4,0,1,217.3,409.4
34,1112,2061507,217.6,409.2,210.4,440.6,214.0,424.9,0,1,217.6,409.2
34,1113,2061508,217.9,409.4,210.2,439.8,214.05,424.6,0,1,217.9,409.4
34,1114,2061509,218.2,409.6,210.0,439.5,214.1,424.55,0,1,218.2,409.6
34,1115,2061510,218.4,410.0,209.6,439.2,214.0,424.6,0,1,218.4,410.0
34,1116,2061511,218.5,410.3,209.3,439.2,213.9,424.75,0,1,218.5,410.3
34,1117,2061512,218.0,410.8,209.2,439.5,213.6,425.15,0,1,218.0,410.8
34,1118,2061513,217.4,411.6,209.2,439.2,213.3,425.4,0,1,217.4,411.6
34,1119,2061514,216.8,412.1,209.3,438.9,213.05,425.5,0,1,216.8,412.1
34,1120,2061515,216.2,412.4,209.4,438.4,212.8,425.4,0,1,216.2,412.4
34,1121,2061516,215.6,412.7,209.5,437.6,212.55,425.15,0,1,215.6,412.7
34,1122,2061517,215.1,413.0,209.6,436.9,212.35,424.95,0,1,215.1,413.0
34,1123,2061518,214.7,413.5,209.8,436.2,212.25,424.85,0,1,214.7,413.5
34,1124,2061519,214.7,414.2,210.0,435.4,212.35,424.8,0,1,214.7,414.2
34,1125,2061520,214.8,414.7,210.3,434.8,212.55,424.75,0,1,214.8,414.7
34,1126,2061521,215.0,415.1,210.6,434.1,212.8,424.6,0,1,215.0,415.1
34,1127,2061522,215.4,414.1,211.0,433.3,213.2,423.7,0,1,215.4,414.1
34,1128,2061523,216.0,413.4,211.4,432.6,213.7,423.0,0,1,216.0,413.4
34,1129,2061524,216.5,412.7,211.7,432.0,214.1,422.35,0,1,216.5,412.7
34,1130,2061525,216.9,412.2,211.9,431.5,214.4,421.85,0,1,216.9,412.2
34,1131,2061526,217.3,411.7,212.2,431.3,214.75,421.5,0,1,217.3,411.7
34,1132,2061527,217.8,411.7,212.3,431.3,215.05,421.5,0,1,217.8,411.7
34,1133,2061528,218.1,411.6,212.5,431.4,215.3,421.5,0,1,218.1,411.6
35,1134,2061529,218.2,412.8,212.6,431.7,215.4,422.25,0,1,218.2,412.8
35,1135,2061530,217.8,414.1,212.8,431.8,215.3,422.95,0,1,217.8,414.1
35,1136,2061531,217.5,415.1,213.1,431.5,215.3,423.3,0,1,217.5,415.1
35,1137,2061532,217.1,415.9,213.5,431.0,215.3,423.45,0,1,217.1,415.9
35,1138,2061533,216.9,416.7,213.9,430.5,215.4,423.6,0,1,216.9,416.7
35,1139,2061534,216.6,417.0,214.2,430.2,215.4,423.6,0,1,216.6,417.0
35,1140,2061535,216.4,417.8,214.9,429.9,215.65,423.85,0,1,216.4,417.8
35,1141,2061536,216.2,418.6,215.4,429.6,215.8,424.1,0,1,216.2,418.6
35,1142,2061537,216.1,419.0,216.0,429.4,216.05,424.2,0,1,216.1,419.0
35,1143,2061538,216.0,419.6,216.3,429.4,216.15,424.5,0,1,216.0,419.6
35,1144,2061539,215.8,420.3,216.5,429.7,216.15,425.0,0,1,215.8,420.3
35,1145,2061540,215.6,421.5,216.6,429.9,216.1,425.7,0,1,215.6,421.5
35,1146,2061541,215.3,422.6,216.7,429.9,216.0,426.25,0,1,215.3,422.6
35,1147,2061542,215.1,423.2,216.5,429.7,215.8,426.45,0,1,215.1,423.2
35,1148,2061543,214.9,424.0,216.3,429.5,215.6,426.75,0,1,214.9,424.0
35,1149,2061544,214.8,424.8,216.0,429.2,215.4,427.0,0,1,214.8,424.8
35,1150,2061545,214.7,425.8,215.8,429.2,215.25,427.5,0,1,214.7,425.8
35,1151,2061546,214.7,426.9,215.7,429.1,215.2,428.0,0,1,214.7,426.9
35,1152,2061547,214.7,428.1,215.6,429.1,215.15,428.6,0,1,214.7,428.1
35,1153,2061548,214.6,429.4,215.5,429.1,215.05,429.25,0,1,214.6,429.4
35,1154,2061549,214.5,430.9,215.5,429.3,215.0,430.1,0,1,214.5,430.9
35,1155,2061550,214.4,432.6,215.6,429.4,215.0,431.0,0,1,214.4,432.6
35,1156,2061551,214.3,434.2,215.7,429.4,215.0,431.8,0,1,214.3,434.2
35,1157,2061552,214.2,435.4,216.0,429.4,215.1,432.4,0,1,214.2,435.4
35,1158,2061553,214.1,436.6,216.2,429.4,215.15,433.0,0,1,214.1,436.6
35,1159,2061554,214.0,437.2,216.4,429.7,215.2,433.45,0,1,214.0,437.2
35,1160,2061555,213.9,437.6,216.6,430.2,215.25,433.9,0,1,213.9,437.6
35,1161,2061556,213.9,438.1,216.8,430.7,215.35,434.4,0,1,213.9,438.1
35,1162,2061557,214.1,438.3,216.9,431.2,215.5,434.75,0,1,214.1,438.3
35,1163,2061558,214.2,438.8,217.0,432.2,215.6,435.5,0,1,214.2,438.8
35,1164,2061559,214.3,439.3,216.9,433.1,215.6,436.2,0,1,214.3,439.3
35,1165,2061560,214.3,439.8,216.9,434.0,215.6,436.9,0,1,214.3,439.8
35,1166,2061561,214.5,440.2,216.9,434.3,215.7,437.25,0,1,214.5,440.2
36,1167,2061562,214.6,440.7,217.0,434.4,215.8,437.55,0,1,214.6,440.7
36,1168,2061563,214.7,441.0,217.0,434.6,215.85,437.8,0,1,214.7,441.0
36,1169,2061564,214.6,441.0,217.0,435.1,215.8,438.05,0,1,214.6,441.0
36,1170,2061565,214.7,440.9,217.0,435.1,215.85,438.0,0,1,214.7,440.9
36,1171,2061566,214.8,440.7,217.0,435.3,215.9,438.0,0,1,214.8,440.7
36,1172,2061567,214.9,440.5,216.9,435.5,215.9,438.0,0,1,214.9,440.5
36,1173,2061568,214.9,440.6,217.0,436.0,215.95,438.3,0,1,214.9,440.6
36,1174,2061569,215.0,440.7,217.0,436.7,216.0,438.7,0,1,215.0,440.7
36,1175,2061570,215.2,440.9,217.5,437.3,216.35,439.1,0,1,215.2,440.9
36,1176,2061571,214.7,442.0,218.0,437.9,216.35,439.95,0,1,214.7,442.0
36,1177,2061572,214.2,443.1,218.5,438.4,216.35,440.75,0,1,214.2,443.1
36,1178,2061573,213.6,444.1,218.9,439.2,216.25,441.65,0,1,213.6,444.1
36,1179,2061574,213.1,445.2,219.3,439.9,216.2,442.55,0,1,213.1,445.2
36,1180,2061575,212.6,446.1,219.5,440.6,216.05,443.35,0,1,212.6,446.1
36,1181,2061576,212.1,447.0,219.7,441.4,215.9,444.2,0,1,212.1,447.0
36,1182,2061577,211.7,447.8,219.6,442.2,215.65,445.0,0,1,211.7,447.8
36,1183,2061578,212.0,447.9,219.4,442.8,215.7,445.35,0,1,212.0,447.9
36,1184,2061579,212.2,447.9,219.3,443.4,215.75,445.65,0,1,212.2,447.9
36,1185,2061580,212.5,447.9,219.2,444.1,215.85,446.0,0,1,212.5,447.9
36,1186,2061581,212.7,448.8,219.1,444.7,215.9,446.75,0,1,212.7,448.8
36,1187,2061582,213.0,449.7,219.0,445.4,216.0,447.55,0,1,213.0,449.7
36,1188,2061583,213.3,450.6,218.9,445.9,216.1,448.25,0,1,213.3,450.6
36,1189,2061584,213.5,451.5,218.8,446.5,216.15,449.0,0,1,213.5,451.5
36,1190,2061585,213.6,452.3,218.7,447.2,216.15,449.75,0,1,213.6,452.3
36,1191,2061586,213.8,453.1,218.6,447.8,216.2,450.45,0,1,213.8,453.1
36,1192,2061587,213.9,453.9,218.4,447.8,216.15,450.85,0,1,213.9,453.9
36,1193,2061588,214.1,453.8,218.3,448.0,216.2,450.9,0,1,214.1,453.8
36,1194,2061589,214.2,453.7,218.2,448.0,216.2,450.85,0,1,214.2,453.7
36,1195,2061590,214.4,453.6,218.1,448.0,216.25,450.8,0,1,214.4,453.6
36,1196,2061591,214.4,453.5,218.1,447.9,216.25,450.7,0,1,214.4,453.5
36,1197,2061592,214.3,453.5,218.2,447.7,216.25,450.6,0,1,214.3,453.5
36,1198,2061593,214.1,453.9,218.3,447.8,216.2,450.85,0,1,214.1,453.9
36,1199,2061594,213.8,454.3,218.4,448.9,216.1,451.6,0,1,213.8,454.3
36,1200,2061595,213.6,454.6,218.6,450.0,216.1,452.3,0,1,213.6,454.6
37,1201,2061596,213.4,454.8,218.8,451.1,216.1,452.95,0,1,213.4,454.8
37,1202,2061597,213.2,454.9,219.1,452.3,216.15,453.6,0,1,213.2,454.9
37,1203,2061598,213.1,455.1,219.3,453.5,216.2,454.3,0,1,213.1,455.1
37,1204,2061599,212.9,455.3,219.4,454.7,216.15,455.0,0,1,212.9,455.3
37,1205,2061600,212.8,455.3,219.5,455.9,216.15,455.6,0,1,212.8,455.3
37,1206,2061601,212.8,455.3,219.6,456.1,216.2,455.7,0,1,212.8,455.3
37,1207,2061602,212.7,455.4,219.6,457.1,216.15,456.25,0,1,212.7,455.4
37,1208,2061603,212.8,455.7,219.7,458.1,216.25,456.9,0,1,212.8,455.7
37,1209,2061604,212.9,456.1,219.6,459.1,216.25,457.6,0,1,212.9,456.1
37,1210,2061605,213.1,456.6,219.5,460.0,216.3,458.3,0,1,213.1,456.6
37,1211,2061606,213.4,457.1,219.3,460.7,216.35,458.9,0,1,213.4,457.1
37,1212,2061607,213.6,457.5,219.2,461.3,216.4,459.4,0,1,213.6,457.5
37,1213,2061608,213.8,458.1,219.0,461.9,216.4,460.0,0,1,213.8,458.1
37,1214,2061609,214.0,458.9,219.0,461.6,216.5,460.25,0,1,214.0,458.9
37,1215,2061610,214.0,459.8,219.1,461.3,216.55,460.55,0,1,214.0,459.8
37,1216,2061611,213.9,460.5,219.1,461.1,216.5,460.8,0,1,213.9,460.5
37,1217,2061612,213.8,461.4,218.9,461.1,216.35,461.25,0,1,213.8,461.4
37,1218,2061613,213.6,462.4,218.7,461.4,216.15,461.9,0,1,213.6,462.4
37,1219,2061614,213.5,463.3,218.6,461.7,216.05,462.5,0,1,213.5,463.3
37,1220,2061615,213.3,464.0,218.5,462.5,215.9,463.25,0,1,213.3,464.0
37,1221,2061616,213.1,464.5,218.3,463.4,215.7,463.95,0,1,213.1,464.5
37,1222,2061617,212.9,464.9,218.2,464.2,215.55,464.55,0,1,212.9,464.9
37,1223,2061618,212.7,465.3,218.3,465.1,215.5,465.2,0,1,212.7,465.3
37,1224,2061619,212.5,465.5,218.5,465.8,215.5,465.65,0,1,212.5,465.5
37,1225,2061620,212.4,465.4,218.7,466.3,215.55,465.85,0,1,212.4,465.4
37,1226,2061621,212.2,464.8,218.8,467.7,215.5,466.25,0,1,212.2,464.8
37,1227,2061622,211.9,464.1,218.7,470.0,215.3,467.05,0,1,211.9,464.1
37,1228,2061623,211.8,463.2,218.5,472.4,215.15,467.8,0,1,211.8,463.2
37,1229,2061624,211.7,462.3,218.0,474.8,214.85,468.55,0,1,211.7,462.3
37,1230,2061625,211.4,461.1,217.3,477.2,214.35,469.15,0,1,211.4,461.1
37,1231,2061626,211.0,459.9,216.1,479.7,213.55,469.8,0,1,211.0,459.9
37,1232,2061627,210.7,458.8,214.6,482.1,212.65,470.45,0,1,210.7,458.8
37,1233,2061628,210.4,458.3,213.0,483.3,211.7,470.8,0,1,210.4,458.3
38,1234,2061629,210.2,457.7,211.0,482.6,210.6,470.15,0,1,210.2,457.7
38,1235,2061630,210.5,457.4,209.0,480.1,209.75,468.75,0,1,210.5,457.4
38,1236,2061631,211.6,457.1,207.3,477.7,209.45,467.4,0,1,211.6,457.1
38,1237,2061632,213.2,457.1,205.9,475.1,209.55,466.1,0,1,213.2,457.1
38,1238,2061633,216.8,457.3,205.4,472.5,211.1,464.9,0,1,216.8,457.3
38,1239,2061634,221.0,457.6,206.4,469.8,213.7,463.7,0,1,221.0,457.6
38,1240,2061635,226.5,456.9,211.3,467.5,218.9,462.2,0,1,226.5,456.9
38,1241,2061636,234.7,456.4,220.3,465.9,227.5,461.15,0,1,234.7,456.4
38,1242,2061637,244.5,456.0,233.0,465.7,238.75,460.85,0,1,244.5,456.0
38,1243,2061638,256.0,455.8,250.0,465.6,253.0,460.7,0,1,256.0,455.8
38,1244,2061639,269.3,455.4,271.0,465.6,270.15,460.5,0,1,269.3,455.4
38,1245,2061640,282.5,454.7,295.6,465.6,289.05,460.15,0,1,282.5,454.7
38,1246,2061641,297.4,454.1,322.3,465.7,309.85,459.9,0,1,297.4,454.1
38,1247,2061642,312.9,454.4,348.7,465.7,330.8,460.05,0,1,312.9,454.4
38,1248,2061643,328.3,454.7,374.8,465.8,351.55,460.25,0,1,328.3,454.7
38,1249,2061644,343.6,454.8,399.2,466.7,371.4,460.75,0,1,343.6,454.8
38,1250,2061645,357.1,454.9,421.0,467.5,389.05,461.2,0,1,357.1,454.9
38,1251,2061646,368.9,454.9,439.6,469.4,404.25,462.15,0,1,368.9,454.9
38,1252,2061647,380.4,457.8,454.2,473.9,417.3,465.85,0,1,380.4,457.8
38,1253,2061648,390.3,461.2,465.5,478.5,427.9,469.85,0,1,390.3,461.2
38,1254,2061649,398.8,466.1,474.0,483.0,436.4,474.55,0,1,398.8,466.1
38,1255,2061650,405.5,471.0,479.3,487.6,442.4,479.3,0,1,405.5,471.0
38,1256,2061651,410.5,475.9,483.6,492.3,447.05,484.1,0,1,410.5,475.9
38,1257,2061652,416.0,482.9,486.8,497.0,451.4,489.95,0,1,416.0,482.9
38,1258,2061653,421.7,489.6,489.0,500.6,455.35,495.1,0,1,421.7,489.6
38,1259,2061654,426.8,493.4,491.3,503.4,459.05,498.4,0,1,426.8,493.4
38,1260,2061655,431.5,496.6,493.7,506.2,462.6,501.4,0,1,431.5,496.6
38,1261,2061656,436.0,498.2,495.8,509.0,465.9,503.6,0,1,436.0,498.2
38,1262,2061657,439.4,499.6,497.9,511.6,468.65,505.6,0,1,439.4,499.6
38,1263,2061658,443.0,501.1,499.0,513.6,471.0,507.35,0,1,443.0,501.1
38,1264,2061659,446.2,500.4,499.6,515.8,472.9,508.1,0,1,446.2,500.4
38,1265,2061660,448.6,500.5,499.9,518.2,474.25,509.35,0,1,448.6,500.5
38,1266,2061661,450.1,500.9,500.4,518.7,475.25,509.8,0,1,450.1,500.9
39,1267,2061662,451.4,501.3,500.7,519.1,476.05,510.2,0,1,451.4,501.3
39,1268,2061663,452.4,501.7,501.3,519.6,476.85,510.65,0,1,452.4,501.7
39,1269,2061664,453.4,502.2,502.1,520.1,477.75,511.15,0,1,453.4,502.2
39,1270,2061665,454.1,502.7,503.0,520.5,478.55,511.6,0,1,454.1,502.7
39,1271,2061666,453.0,503.2,503.8,520.9,478.4,512.05,0,1,453.0,503.2
39,1272,2061667,451.9,503.5,504.6,521.0,478.25,512.25,0,1,451.9,503.5
39,1273,2061668,450.6,504.2,505.3,521.0,477.95,512.6,0,1,450.6,504.2
39,1274,2061669,449.0,504.8,505.5,521.0,477.25,512.9,0,1,449.0,504.8
39,1275,2061670,446.9,505.3,505.0,520.8,475.95,513.05,0,1,446.9,505.3
39,1276,2061671,444.8,505.6,504.0,520.6,474.4,513.1,0,1,444.8,505.6
39,1277,2061672,442.7,505.9,502.2,519.8,472.45,512.85,0,1,442.7,505.9
39,1278,2061673,441.5,506.3,500.4,519.0,470.95,512.65,0,1,441.5,506.3
39,1279,2061674,440.4,506.3,498.6,518.2,469.5,512.25,0,1,440.4,506.3
39,1280,2061675,439.3,505.9,497.0,517.5,468.15,511.7,0,1,439.3,505.9
39,1281,2061676,438.2,505.5,495.4,517.0,466.8,511.25,0,1,438.2,505.5
39,1282,2061677,437.5,505.2,494.1,517.0,465.8,511.1,0,1,437.5,505.2
39,1283,2061678,436.9,505.1,493.0,517.1,464.95,511.1,0,1,436.9,505.1
39,1284,2061679,436.2,505.0,492.0,517.7,464.1,511.35,0,1,436.2,505.0
39,1285,2061680,435.6,504.9,490.9,518.3,463.25,511.6,0,1,435.6,504.9
39,1286,2061681,435.1,504.8,489.9,519.0,462.5,511.9,0,1,435.1,504.8
39,1287,2061682,434.8,504.5,488.8,519.6,461.8,512.05,0,1,434.8,504.5
39,1288,2061683,435.0,504.3,488.1,520.1,461.55,512.2,0,1,435.0,504.3
39,1289,2061684,435.1,504.4,487.3,520.2,461.2,512.3,0,1,435.1,504.4
39,1290,2061685,435.2,504.5,486.7,520.4,460.95,512.45,0,1,435.2,504.5
39,1291,2061686,435.4,504.7,486.6,520.6,461.0,512.65,0,1,435.4,504.7
39,1292,2061687,435.7,504.9,486.5,521.1,461.1,513.0,0,1,435.7,504.9
39,1293,2061688,436.4,505.2,486.2,522.0,461.3,513.6,0,1,436.4,505.2
39,1294,2061689,436.9,505.6,485.8,522.8,461.35,514.2,0,1,436.9,505.6
39,1295,2061690,437.5,505.7,485.4,523.5,461.45,514.6,0,1,437.5,505.7
39,1296,2061691,438.1,505.6,485.0,524.0,461.55,514.8,0,1,438.1,505.6
39,1297,2061692,438.6,505.4,484.5,524.5,461.55,514.95,0,1,438.6,505.4
39,1298,2061693,439.2,505.1,484.1,524.9,461.65,515.0,0,1,439.2,505.1
39,1299,2061694,439.5,504.7,483.8,525.1,461.65,514.9,0,1,439.5,504.7
39,1300,2061695,439.4,504.3,483.7,525.0,461.55,514.65,0,1,439.4,504.3
40,1301,2061696,439.2,504.0,483.6,525.0,461.4,514.5,0,1,439.2,504.0
40,1302,2061697,439.0,503.8,483.6,525.2,461.3,514.5,0,1,439.0,503.8
40,1303,2061698,439.0,503.8,483.5,525.5,461.25,514.65,0,1,439.0,503.8
40,1304,2061699,439.3,503.9,483.4,525.8,461.35,514.85,0,1,439.3,503.9
40,1305,2061700,439.6,504.2,483.2,526.3,461.4,515.25,0,1,439.6,504.2
40,1306,2061701,440.0,504.4,482.9,526.8,461.45,515.6,0,1,440.0,504.4
40,1307,2061702,440.5,504.5,482.3,527.8,461.4,516.15,0,1,440.5,504.5
40,1308,2061703,441.1,504.5,481.7,528.6,461.4,516.55,0,1,441.1,504.5
40,1309,2061704,441.5,504.5,481.1,529.4,461.3,516.95,0,1,441.5,504.5
40,1310,2061705,441.9,504.5,480.7,530.1,461.3,517.3,0,1,441.9,504.5
40,1311,2061706,441.9,504.7,480.3,530.9,461.1,517.8,0,1,441.9,504.7
40,1312,2061707,441.8,505.5,480.1,531.1,460.95,518.3,0,1,441.8,505.5
40,1313,2061708,441.7,506.4,480.0,530.8,460.85,518.6,0,1,441.7,506.4
40,1314,2061709,441.6,507.4,480.3,529.9,460.95,518.65,0,1,441.6,507.4
40,1315,2061710,441.5,508.4,480.6,529.1,461.05,518.75,0,1,441.5,508.4
40,1316,2061711,441.4,509.5,480.9,528.2,461.15,518.85,0,1,441.4,509.5
40,1317,2061712,441.3,510.4,481.0,527.4,461.15,518.9,0,1,441.3,510.4
40,1318,2061713,441.2,511.0,481.3,526.6,461.25,518.8,0,1,441.2,511.0
40,1319,2061714,441.0,510.9,481.5,526.4,461.25,518.65,0,1,441.0,510.9
40,1320,2061715,440.8,510.5,481.5,526.6,461.15,518.55,0,1,440.8,510.5
40,1321,2061716,440.5,509.5,481.6,527.0,461.05,518.25,0,1,440.5,509.5
40,1322,2061717,440.3,508.5,481.7,527.2,461.0,517.85,0,1,440.3,508.5
40,1323,2061718,440.2,506.7,481.8,527.3,461.0,517.0,0,1,440.2,506.7
40,1324,2061719,440.1,504.9,481.9,527.3,461.0,516.1,0,1,440.1,504.9
40,1325,2061720,440.1,503.2,481.8,527.4,460.95,515.3,0,1,440.1,503.2
40,1326,2061721,440.2,501.6,481.8,527.3,461.0,514.45,0,1,440.2,501.6
40,1327,2061722,440.2,500.2,481.8,527.8,461.0,514.0,0,1,440.2,500.2
40,1328,2061723,440.4,499.4,481.8,528.1,461.1,513.75,0,1,440.4,499.4
40,1329,2061724,440.6,498.6,481.8,528.6,461.2,513.6,0,1,440.6,498.6
40,1330,2061725,440.5,498.8,481.9,529.2,461.2,514.0,0,1,440.5,498.8
40,1331,2061726,440.3,499.2,481.9,529.8,461.1,514.5,0,1,440.3,499.2
40,1332,2061727,439.9,499.6,481.9,530.4,460.9,515.0,0,1,439.9,499.6
40,1333,2061728,439.5,499.9,481.9,531.0,460.7,515.45,0,1,439.5,499.9
41,1334,2061729,439.0,500.4,482.1,530.9,460.55,515.65,0,1,439.0,500.4
41,1335,2061730,438.5,500.8,482.3,530.9,460.4,515.85,0,1,438.5,500.8
41,1336,2061731,438.1,501.3,482.4,530.8,460.25,516.05,0,1,438.1,501.3
41,1337,2061732,437.7,501.4,482.6,530.7,460.15,516.05,0,1,437.7,501.4
41,1338,2061733,437.6,501.2,482.7,530.6,460.15,515.9,0,1,437.6,501.2
41,1339,2061734,437.9,501.2,482.9,530.4,460.4,515.8,0,1,437.9,501.2
41,1340,2061735,438.2,501.6,483.1,530.3,460.65,515.95,0,1,438.2,501.6
41,1341,2061736,438.5,502.1,483.1,530.2,460.8,516.15,0,1,438.5,502.1
41,1342,2061737,438.8,502.4,483.1,529.8,460.95,516.1,0,1,438.8,502.4
41,1343,2061738,438.9,502.8,483.3,528.3,461.1,515.55,0,1,438.9,502.8
41,1344,2061739,439.0,503.1,483.5,526.8,461.25,514.95,0,1,439.0,503.1
41,1345,2061740,439.0,503.4,483.8,525.2,461.4,514.3,0,1,439.0,503.4
41,1346,2061741,438.7,503.8,484.3,523.8,461.5,513.8,0,1,438.7,503.8
41,1347,2061742,438.5,503.6,484.6,522.4,461.55,513.0,0,1,438.5,503.6
41,1348,2061743,438.0,503.4,485.0,521.1,461.5,512.25,0,1,438.0,503.4
41,1349,2061744,437.6,503.3,485.2,520.0,461.4,511.65,0,1,437.6,503.3
41,1350,2061745,437.4,503.2,485.3,520.2,461.35,511.7,0,1,437.4,503.2
41,1351,2061746,437.2,503.2,485.4,520.4,461.3,511.8,0,1,437.2,503.2
41,1352,2061747,436.9,503.3,485.5,520.9,461.2,512.1,0,1,436.9,503.3
41,1353,2061748,436.7,503.4,485.4,521.3,461.05,512.35,0,1,436.7,503.4
41,1354,2061749,436.6,503.3,485.1,521.7,460.85,512.5,0,1,436.6,503.3
41,1355,2061750,436.7,503.1,484.9,522.1,460.8,512.6,0,1,436.7,503.1
41,1356,2061751,436.7,502.7,484.8,522.6,460.75,512.65,0,1,436.7,502.7
41,1357,2061752,436.8,502.3,484.7,523.2,460.75,512.75,0,1,436.8,502.3
41,1358,2061753,437.0,501.9,484.7,523.6,460.85,512.75,0,1,437.0,501.9
41,1359,2061754,437.1,501.5,484.8,523.5,460.95,512.5,0,1,437.1,501.5
41,1360,2061755,437.3,501.1,485.2,522.9,461.25,512.0,0,1,437.3,501.1
41,1361,2061756,437.4,500.8,485.8,522.3,461.6,511.55,0,1,437.4,500.8
41,1362,2061757,437.5,500.5,486.5,521.7,462.0,511.1,0,1,437.5,500.5
41,1363,2061758,437.6,500.5,487.3,521.0,462.45,510.75,0,1,437.6,500.5
41,1364,2061759,437.6,500.5,488.5,520.1,463.05,510.3,0,1,437.6,500.5
41,1365,2061760,437.6,500.4,489.5,519.3,463.55,509.85,0,1,437.6,500.4
41,1366,2061761,437.7,500.4,490.5,518.7,464.1,509.55,0,1,437.7,500.4
42,1367,2061762,437.7,500.5,491.2,518.9,464.45,509.7,0,1,437.7,500.5
42,1368,2061763,437.7,500.6,491.3,519.2,464.5,509.9,0,1,437.7,500.6
42,1369,2061764,437.6,500.8,491.3,520.4,464.45,510.6,0,1,437.6,500.8
42,1370,2061765,437.5,501.0,491.1,521.5,464.3,511.25,0,1,437.5,501.0
42,1371,2061766,437.3,501.2,490.7,522.7,464.0,511.95,0,1,437.3,501.2
42,1372,2061767,437.2,501.3,490.3,523.9,463.75,512.6,0,1,437.2,501.3
42,1373,2061768,437.0,501.3,490.0,525.0,463.5,513.15,0,1,437.0,501.3
42,1374,2061769,436.8,501.4,490.1,525.7,463.45,513.55,0,1,436.8,501.4
42,1375,2061770,436.3,501.4,490.7,526.2,463.5,513.8,0,1,436.3,501.4
42,1376,2061771,435.8,501.4,491.4,526.0,463.6,513.7,0,1,435.8,501.4
42,1377,2061772,435.4,501.4,492.0,526.0,463.7,513.7,0,1,435.4,501.4
42,1378,2061773,435.0,501.5,492.3,525.9,463.65,513.7,0,1,435.0,501.5
42,1379,2061774,434.6,501.6,492.6,525.9,463.6,513.75,0,1,434.6,501.6
42,1380,2061775,434.3,501.8,492.4,526.0,463.35,513.9,0,1,434.3,501.8
42,1381,2061776,434.2,501.9,491.8,526.3,463.0,514.1,0,1,434.2,501.9
42,1382,2061777,434.4,502.0,491.3,526.5,462.85,514.25,0,1,434.4,502.0
42,1383,2061778,434.7,502.1,490.7,526.6,462.7,514.35,0,1,434.7,502.1
42,1384,2061779,434.8,502.3,490.2,526.4,462.5,514.35,0,1,434.8,502.3
42,1385,2061780,434.9,502.5,489.7,526.3,462.3,514.4,0,1,434.9,502.5
42,1386,2061781,435.0,502.6,489.3,526.0,462.15,514.3,0,1,435.0,502.6
42,1387,2061782,435.1,502.8,489.5,525.6,462.3,514.2,0,1,435.1,502.8
42,1388,2061783,434.9,502.9,489.6,525.2,462.25,514.05,0,1,434.9,502.9
42,1389,2061784,434.7,503.0,489.9,524.7,462.3,513.85,0,1,434.7,503.0
42,1390,2061785,434.5,503.1,490.2,524.3,462.35,513.7,0,1,434.5,503.1
42,1391,2061786,434.4,503.2,490.7,524.0,462.55,513.6,0,1,434.4,503.2
42,1392,2061787,434.2,503.7,491.2,523.6,462.7,513.65,0,1,434.2,503.7
42,1393,2061788,434.0,504.1,491.6,523.3,462.8,513.7,0,1,434.0,504.1
42,1394,2061789,433.7,504.6,492.0,523.2,462.85,513.9,0,1,433.7,504.6
42,1395,2061790,433.5,505.0,492.5,523.1,463.0,514.05,0,1,433.5,505.0
42,1396,2061791,433.3,505.1,492.8,523.3,463.05,514.2,0,1,433.3,505.1
42,1397,2061792,433.1,505.1,492.7,524.7,462.9,514.9,0,1,433.1,505.1
42,1398,2061793,433.0,504.8,492.5,526.0,462.75,515.4,0,1,433.0,504.8
42,1399,2061794,433.2,504.1,492.3,527.1,462.75,515.6,0,1,433.2,504.1
42,1400,2061795,433.6,503.5,492.2,527.9,462.9,515.7,0,1,433.6,503.5
43,1401,2061796,434.0,502.9,492.0,528.9,463.0,515.9,0,1,434.0,502.9
43,1402,2061797,434.4,502.5,491.7,530.1,463.05,516.3,0,1,434.4,502.5
43,1403,2061798,434.8,502.8,491.5,530.8,463.15,516.8,0,1,434.8,502.8
43,1404,2061799,435.1,503.1,491.5,530.5,463.3,516.8,0,1,435.1,503.1
43,1405,2061800,435.1,503.8,491.4,529.9,463.25,516.85,0,1,435.1,503.8
43,1406,2061801,435.0,504.9,491.3,529.5,463.15,517.2,0,1,435.0,504.9
43,1407,2061802,434.6,505.9,491.1,529.3,462.85,517.6,0,1,434.6,505.9
43,1408,2061803,434.2,506.8,491.1,528.9,462.65,517.85,0,1,434.2,506.8
43,1409,2061804,433.9,507.7,491.0,528.4,462.45,518.05,0,1,433.9,507.7
43,1410,2061805,433.6,508.2,491.0,528.0,462.3,518.1,0,1,433.6,508.2
43,1411,2061806,433.4,508.6,490.9,528.3,462.15,518.45,0,1,433.4,508.6
43,1412,2061807,433.5,509.2,490.7,528.9,462.1,519.05,0,1,433.5,509.2
43,1413,2061808,433.6,509.4,490.5,529.4,462.05,519.4,0,1,433.6,509.4
43,1414,2061809,433.6,509.7,490.5,529.8,462.05,519.75,0,1,433.6,509.7
43,1415,2061810,433.7,509.7,490.5,529.7,462.1,519.7,0,1,433.7,509.7
43,1416,2061811,433.7,509.6,490.6,529.5,462.15,519.55,0,1,433.7,509.6
43,1417,2061812,433.8,509.6,490.8,529.4,462.3,519.5,0,1,433.8,509.6
43,1418,2061813,433.8,509.8,491.0,529.0,462.4,519.4,0,1,433.8,509.8
43,1419,2061814,433.9,509.7,491.2,528.6,462.55,519.15,0,1,433.9,509.7
43,1420,2061815,434.0,509.7,491.4,528.3,462.7,519.0,0,1,434.0,509.7
43,1421,2061816,434.1,509.6,491.5,528.2,462.8,518.9,0,1,434.1,509.6
43,1422,2061817,434.1,509.7,491.5,528.6,462.8,519.15,0,1,434.1,509.7
43,1423,2061818,434.1,510.0,491.7,529.1,462.9,519.55,0,1,434.1,510.0
43,1424,2061819,433.9,510.2,491.8,529.4,462.85,519.8,0,1,433.9,510.2
43,1425,2061820,433.7,510.2,492.0,529.6,462.85,519.9,0,1,433.7,510.2
43,1426,2061821,433.2,510.1,492.2,529.7,462.7,519.9,0,1,433.2,510.1
43,1427,2061822,432.7,509.9,492.4,529.8,462.55,519.85,0,1,432.7,509.9
43,1428,2061823,432.2,509.6,492.6,530.0,462.4,519.8,0,1,432.2,509.6
43,1429,2061824,432.0,508.9,492.6,530.3,462.3,519.6,0,1,432.0,508.9
43,1430,2061825,432.1,508.2,492.5,530.5,462.3,519.35,0,1,432.1,508.2
43,1431,2061826,432.3,507.6,492.5,530.5,462.4,519.05,0,1,432.3,507.6
43,1432,2061827,432.4,507.8,492.4,530.5,462.4,519.15,0,1,432.4,507.8
43,1433,2061828,432.5,508.0,492.4,530.8,462.45,519.4,0,1,432.5,508.0
44,1434,2061829,432.6,508.3,492.3,531.6,462.45,519.95,0,1,432.6,508.3
44,1435,2061830,432.6,508.6,492.3,532.3,462.45,520.45,0,1,432.6,508.6
44,1436,2061831,432.5,509.5,492.3,532.7,462.4,521.1,0,1,432.5,509.5
44,1437,2061832,432.0,510.4,492.4,533.0,462.2,521.7,0,1,432.0,510.4
44,1438,2061833,431.5,511.3,492.4,533.3,461.95,522.3,0,1,431.5,511.3
44,1439,2061834,431.2,511.5,492.2,533.2,461.7,522.35,0,1,431.2,511.5
44,1440,2061835,431.1,511.5,491.9,532.5,461.5,522.0,0,1,431.1,511.5
44,1441,2061836,431.0,511.4,491.6,531.3,461.3,521.35,0,1,431.0,511.4
44,1442,2061837,430.9,510.7,491.3,529.9,461.1,520.3,0,1,430.9,510.7
44,1443,2061838,431.0,509.9,491.0,528.9,461.0,519.4,0,1,431.0,509.9
44,1444,2061839,431.1,509.1,490.6,528.0,460.85,518.55,0,1,431.1,509.1
44,1445,2061840,431.2,508.1,490.3,527.5,460.75,517.8,0,1,431.2,508.1
44,1446,2061841,431.5,507.1,490.2,527.5,460.85,517.3,0,1,431.5,507.1
44,1447,2061842,431.8,506.3,490.2,528.0,461.0,517.15,0,1,431.8,506.3
44,1448,2061843,432.0,505.6,490.3,528.5,461.15,517.05,0,1,432.0,505.6
44,1449,2061844,432.2,505.9,490.3,529.0,461.25,517.45,0,1,432.2,505.9
44,1450,2061845,432.4,506.2,490.8,529.4,461.6,517.8,0,1,432.4,506.2
44,1451,2061846,432.6,506.5,491.4,529.4,462.0,517.95,0,1,432.6,506.5
44,1452,2061847,432.7,506.9,491.9,529.4,462.3,518.15,0,1,432.7,506.9
44,1453,2061848,432.7,507.3,492.5,528.9,462.6,518.1,0,1,432.7,507.3
44,1454,2061849,432.5,507.3,493.2,528.4,462.85,517.85,0,1,432.5,507.3
44,1455,2061850,432.1,507.4,493.8,527.8,462.95,517.6,0,1,432.1,507.4
44,1456,2061851,431.7,507.0,494.4,527.2,463.05,517.1,0,1,431.7,507.0
44,1457,2061852,431.3,506.7,494.5,526.7,462.9,516.7,0,1,431.3,506.7
44,1458,2061853,431.0,506.4,494.5,526.4,462.75,516.4,0,1,431.0,506.4
44,1459,2061854,430.6,506.1,494.5,526.2,462.55,516.15,0,1,430.6,506.1
44,1460,2061855,430.3,505.7,494.4,526.1,462.35,515.9,0,1,430.3,505.7
44,1461,2061856,430.1,505.5,494.0,526.1,462.05,515.8,0,1,430.1,505.5
44,1462,2061857,430.1,505.3,493.6,526.3,461.85,515.8,0,1,430.1,505.3
44,1463,2061858,430.2,505.1,493.2,526.5,461.7,515.8,0,1,430.2,505.1
44,1464,2061859,430.2,504.9,492.9,526.5,461.55,515.7,0,1,430.2,504.9
44,1465,2061860,430.1,504.7,492.6,526.5,461.35,515.6,0,1,430.1,504.7
44,1466,2061861,429.6,504.4,492.3,526.5,460.95,515.45,0,1,429.6,504.4
45,1467,2061862,429.1,504.4,491.8,526.4,460.45,515.4,0,1,429.1,504.4
45,1468,2061863,428.5,504.6,491.7,526.3,460.1,515.45,0,1,428.5,504.6
45,1469,2061864,427.8,505.4,491.5,526.2,459.65,515.8,0,1,427.8,505.4
45,1470,2061865,427.0,506.3,491.3,526.0,459.15,516.15,0,1,427.0,506.3
45,1471,2061866,426.4,507.1,491.3,525.9,458.85,516.5,0,1,426.4,507.1
45,1472,2061867,425.9,507.7,491.4,525.6,458.65,516.65,0,1,425.9,507.7
45,1473,2061868,425.8,508.4,491.4,525.3,458.6,516.85,0,1,425.8,508.4
45,1474,2061869,425.7,508.9,491.9,525.0,458.8,516.95,0,1,425.7,508.9
45,1475,2061870,425.8,509.5,492.3,524.6,459.05,517.05,0,1,425.8,509.5
45,1476,2061871,425.9,509.5,492.8,524.3,459.35,516.9,0,1,425.9,509.5
45,1477,2061872,426.1,509.3,493.3,523.9,459.7,516.6,0,1,426.1,509.3
45,1478,2061873,426.1,509.0,493.6,523.7,459.85,516.35,0,1,426.1,509.0
45,1479,2061874,426.0,508.8,493.8,523.5,459.9,516.15,0,1,426.0,508.8
45,1480,2061875,426.0,508.4,494.0,523.3,460.0,515.85,0,1,426.0,508.4
45,1481,2061876,426.0,508.1,494.1,523.1,460.05,515.6,0,1,426.0,508.1
45,1482,2061877,425.9,507.8,494.2,522.8,460.05,515.3,0,1,425.9,507.8
45,1483,2061878,425.8,508.2,494.2,522.6,460.0,515.4,0,1,425.8,508.2
45,1484,2061879,425.7,508.8,494.1,522.5,459.9,515.65,0,1,425.7,508.8
45,1485,2061880,425.6,510.4,493.8,522.9,459.7,516.65,0,1,425.6,510.4
45,1486,2061881,425.7,512.0,493.5,523.5,459.6,517.75,0,1,425.7,512.0
45,1487,2061882,425.7,513.8,493.3,524.1,459.5,518.95,0,1,425.7,513.8
45,1488,2061883,425.8,515.2,493.0,524.5,459.4,519.85,0,1,425.8,515.2
45,1489,2061884,425.9,516.3,492.8,524.7,459.35,520.5,0,1,425.9,516.3
45,1490,2061885,426.1,516.8,492.6,524.6,459.35,520.7,0,1,426.1,516.8
45,1491,2061886,426.1,517.2,492.4,524.3,459.25,520.75,0,1,426.1,517.2
45,1492,2061887,426.1,516.8,492.5,523.4,459.3,520.1,0,1,426.1,516.8
45,1493,2061888,426.0,516.5,492.6,522.3,459.3,519.4,0,1,426.0,516.5
45,1494,2061889,426.0,516.1,492.8,521.3,459.4,518.7,0,1,426.0,516.1
45,1495,2061890,426.0,515.8,492.9,520.5,459.45,518.15,0,1,426.0,515.8
45,1496,2061891,426.1,515.6,493.0,520.4,459.55,518.0,0,1,426.1,515.6
45,1497,2061892,426.2,515.5,492.9,520.9,459.55,518.2,0,1,426.2,515.5
45,1498,2061893,426.4,515.0,492.9,521.4,459.65,518.2,0,1,426.4,515.0
45,1499,2061894,426.7,514.5,492.9,522.0,459.8,518.25,0,1,426.7,514.5
45,1500,2061895,427.0,514.1,492.9,522.9,459.95,518.5,0,1,427.0,514.1
46,1501,2061896,427.2,513.7,493.0,523.7,460.1,518.7,0,1,427.2,513.7
46,1502,2061897,427.3,513.3,493.1,524.3,460.2,518.8,0,1,427.3,513.3
46,1503,2061898,427.4,513.0,493.1,524.6,460.25,518.8,0,1,427.4,513.0
46,1504,2061899,427.3,512.9,493.3,524.6,460.3,518.75,0,1,427.3,512.9
46,1505,2061900,427.3,513.3,493.3,524.6,460.3,518.95,0,1,427.3,513.3
46,1506,2061901,427.1,514.5,493.3,524.5,460.2,519.5,0,1,427.1,514.5
46,1507,2061902,426.8,515.8,493.2,524.1,460.0,519.95,0,1,426.8,515.8
46,1508,2061903,426.5,517.1,493.1,523.8,459.8,520.45,0,1,426.5,517.1
46,1509,2061904,426.3,517.6,492.8,523.7,459.55,520.65,0,1,426.3,517.6
46,1510,2061905,426.0,518.2,492.3,523.4,459.15,520.8,0,1,426.0,518.2
46,1511,2061906,425.7,518.5,491.8,522.9,458.75,520.7,0,1,425.7,518.5
46,1512,2061907,425.4,518.2,491.3,522.1,458.35,520.15,0,1,425.4,518.2
46,1513,2061908,425.4,517.0,490.8,521.3,458.1,519.15,0,1,425.4,517.0
46,1514,2061909,425.3,515.8,490.2,520.8,457.75,518.3,0,1,425.3,515.8
46,1515,2061910,425.3,514.3,489.6,520.2,457.45,517.25,0,1,425.3,514.3
46,1516,2061911,425.2,513.5,489.1,520.1,457.15,516.8,0,1,425.2,513.5
46,1517,2061912,425.3,512.6,488.7,520.1,457.0,516.35,0,1,425.3,512.6
46,1518,2061913,425.3,511.7,488.3,520.2,456.8,515.95,0,1,425.3,511.7
46,1519,2061914,425.3,511.2,487.8,520.9,456.55,516.05,0,1,425.3,511.2
46,1520,2061915,425.2,510.7,487.5,521.6,456.35,516.15,0,1,425.2,510.7
46,1521,2061916,425.1,510.5,487.0,522.5,456.05,516.5,0,1,425.1,510.5
46,1522,2061917,425.0,510.6,486.0,523.5,455.5,517.05,0,1,425.0,510.6
46,1523,2061918,424.7,510.9,485.1,524.0,454.9,517.45,0,1,424.7,510.9
46,1524,2061919,424.0,511.2,484.2,524.7,454.1,517.95,0,1,424.0,511.2
46,1525,2061920,422.9,511.5,482.6,525.7,452.75,518.6,0,1,422.9,511.5
46,1526,2061921,422.0,512.0,480.0,526.6,451.0,519.3,0,1,422.0,512.0
46,1527,2061922,421.2,512.4,477.4,527.6,449.3,520.0,0,1,421.2,512.4
46,1528,2061923,421.2,512.6,474.9,528.9,448.05,520.75,0,1,421.2,512.6
46,1529,2061924,421.3,512.7,472.8,530.5,447.05,521.6,0,1,421.3,512.7
46,1530,2061925,422.9,510.4,472.0,532.2,447.45,521.3,0,1,422.9,510.4
46,1531,2061926,427.6,508.2,473.3,534.8,450.45,521.5,0,1,427.6,508.2
46,1532,2061927,433.9,504.2,479.2,537.1,456.55,520.65,0,1,433.9,504.2
46,1533,2061928,443.2,499.8,489.1,539.3,466.15,519.55,0,1,443.2,499.8
47,1534,2061929,455.1,493.3,503.9,540.4,479.5,516.85,0,1,455.1,493.3
47,1535,2061930,468.0,486.9,522.1,539.7,495.05,513.3,0,1,468.0,486.9
47,1536,2061931,482.7,478.9,544.3,538.6,513.5,508.75,0,1,482.7,478.9
47,1537,2061932,499.9,471.7,567.7,537.1,533.8,504.4,0,1,499.9,471.7
47,1538,2061933,517.7,464.3,591.9,534.2,554.8,499.25,0,1,517.7,464.3
47,1539,2061934,537.9,457.4,615.2,530.7,576.55,494.05,0,1,537.9,457.4
47,1540,2061935,558.2,449.5,640.0,525.2,599.1,487.35,0,1,558.2,449.5
47,1541,2061936,577.7,443.4,662.1,518.9,619.9,481.15,0,1,577.7,443.4
47,1542,2061937,598.2,436.9,682.9,513.5,640.55,475.2,0,1,598.2,436.9
47,1543,2061938,620.3,429.2,704.0,506.2,662.15,467.7,0,1,620.3,429.2
47,1544,2061939,642.7,422.8,723.9,498.8,683.3,460.8,0,1,642.7,422.8
47,1545,2061940,664.8,416.1,742.7,491.4,703.75,453.75,0,1,664.8,416.1
47,1546,2061941,686.0,409.2,760.3,484.7,723.15,446.95,0,1,686.0,409.2
47,1547,2061942,705.7,403.7,776.9,479.0,741.3,441.35,0,1,705.7,403.7
47,1548,2061943,725.5,398.5,794.2,474.3,759.85,436.4,0,1,725.5,398.5
47,1549,2061944,745.4,393.8,811.6,469.6,778.5,431.7,0,1,745.4,393.8
47,1550,2061945,764.6,391.8,827.4,466.9,796.0,429.35,0,1,764.6,391.8
47,1551,2061946,781.8,390.3,843.9,462.3,812.85,426.3,0,1,781.8,390.3
47,1552,2061947,797.7,389.2,861.6,454.6,829.65,421.9,0,1,797.7,389.2
47,1553,2061948,813.1,389.7,879.7,447.0,846.4,418.35,0,1,813.1,389.7
47,1554,2061949,827.5,390.2,895.9,438.1,861.7,414.15,0,1,827.5,390.2
47,1555,2061950,841.9,390.8,909.9,428.9,875.9,409.85,0,1,841.9,390.8
47,1556,2061951,856.0,391.5,924.1,419.7,890.05,405.6,0,1,856.0,391.5
47,1557,2061952,869.0,391.9,937.6,410.6,903.3,401.25,0,1,869.0,391.9
47,1558,2061953,882.5,392.5,949.4,403.6,915.95,398.05,0,1,882.5,392.5
47,1559,2061954,895.2,393.1,960.2,398.7,927.7,395.9,0,1,895.2,393.1
47,1560,2061955,906.6,393.2,970.8,393.5,938.7,393.35,0,1,906.6,393.2
47,1561,2061956,917.6,392.9,982.1,390.7,949.85,391.8,0,1,917.6,392.9
47,1562,2061957,927.5,391.2,993.4,389.0,960.45,390.1,0,1,927.5,391.2
47,1563,2061958,936.2,389.4,1004.0,386.3,970.1,387.85,0,1,936.2,389.4
47,1564,2061959,944.5,387.4,1012.9,382.8,978.7,385.1,0,1,944.5,387.4
47,1565,2061960,950.5,385.3,1024.3,378.9,987.4,382.1,0,1,950.5,385.3
47,1566,2061961,956.2,382.8,1033.8,375.8,995.0,379.3,0,1,956.2,382.8
48,1567,2061962,961.0,380.2,1041.4,372.9,1001.2,376.55,0,1,961.0,380.2
48,1568,2061963,965.6,377.8,1046.9,370.0,1006.25,373.9,0,1,965.6,377.8
48,1569,2061964,969.1,376.6,1051.8,366.1,1010.45,371.35,0,1,969.1,376.6
48,1570,2061965,971.1,374.7,1055.3,361.5,1013.2,368.1,0,1,971.1,374.7
48,1571,2061966,971.3,372.7,1058.7,357.8,1015.0,365.25,0,1,971.3,372.7
48,1572,2061967,970.5,370.9,1059.1,354.5,1014.8,362.7,0,1,970.5,370.9
48,1573,2061968,969.0,369.4,1059.4,351.7,1014.2,360.55,0,1,969.0,369.4
48,1574,2061969,967.0,368.3,1058.3,348.9,1012.65,358.6,0,1,967.0,368.3
48,1575,2061970,963.9,367.4,1057.1,346.1,1010.5,356.75,0,1,963.9,367.4
48,1576,2061971,960.4,367.0,1054.8,343.9,1007.6,355.45,0,1,960.4,367.0
48,1577,2061972,956.2,367.3,1052.5,343.2,1004.35,355.25,0,1,956.2,367.3
48,1578,2061973,952.7,368.4,1048.5,342.5,1000.6,355.45,0,1,952.7,368.4
48,1579,2061974,949.5,369.5,1044.7,341.8,997.1,355.65,0,1,949.5,369.5
48,1580,2061975,946.4,370.6,1040.8,341.2,993.6,355.9,0,1,946.4,370.6
48,1581,2061976,943.7,371.7,1038.2,340.6,990.95,356.15,0,1,943.7,371.7
48,1582,2061977,942.0,372.4,1035.6,340.1,988.8,356.25,0,1,942.0,372.4
48,1583,2061978,940.9,373.0,1033.1,340.0,987.0,356.5,0,1,940.9,373.0
48,1584,2061979,940.4,373.7,1030.5,340.2,985.45,356.95,0,1,940.4,373.7
48,1585,2061980,940.2,374.3,1029.5,340.6,984.85,357.45,0,1,940.2,374.3
48,1586,2061981,940.6,374.8,1028.4,341.1,984.5,357.95,0,1,940.6,374.8
48,1587,2061982,941.1,375.2,1027.3,342.7,984.2,358.95,0,1,941.1,375.2
48,1588,2061983,941.7,375.6,1026.2,344.3,983.95,359.95,0,1,941.7,375.6
48,1589,2061984,942.6,376.3,1025.0,345.9,983.8,361.1,0,1,942.6,376.3
48,1590,2061985,943.8,376.7,1024.4,347.4,984.1,362.05,0,1,943.8,376.7
48,1591,2061986,945.0,377.0,1023.8,348.8,984.4,362.9,0,1,945.0,377.0
48,1592,2061987,947.1,376.6,1023.3,350.0,985.2,363.3,0,1,947.1,376.6
48,1593,2061988,948.7,376.3,1022.4,351.0,985.55,363.65,0,1,948.7,376.3
48,1594,2061989,950.3,375.8,1021.5,351.0,985.9,363.4,0,1,950.3,375.8
48,1595,2061990,951.7,375.3,1020.5,350.9,986.1,363.1,0,1,951.7,375.3
48,1596,2061991,952.5,374.4,1019.3,350.7,985.9,362.55,0,1,952.5,374.4
48,1597,2061992,953.1,373.4,1018.4,350.6,985.75,362.0,0,1,953.1,373.4
48,1598,2061993,953.7,372.4,1017.5,350.9,985.6,361.65,0,1,953.7,372.4
48,1599,2061994,953.6,371.5,1016.5,351.3,985.05,361.4,0,1,953.6,371.5
48,1600,2061995,953.8,371.2,1015.8,351.8,984.8,361.5,0,1,953.8,371.2
49,1601,2061996,954.0,371.2,1015.0,352.5,984.5,361.85,0,1,954.0,371.2
49,1602,2061997,954.3,371.0,1014.1,353.2,984.2,362.1,0,1,954.3,371.0
49,1603,2061998,955.2,371.1,1013.6,353.9,984.4,362.5,0,1,955.2,371.1
49,1604,2061999,956.3,370.9,1013.0,354.5,984.65,362.7,0,1,956.3,370.9
49,1605,2062000,957.2,370.8,1012.4,355.3,984.8,363.05,0,1,957.2,370.8
49,1606,2062001,958.5,370.6,1011.9,356.2,985.2,363.4,0,1,958.5,370.6
49,1607,2062002,959.4,369.9,1011.2,357.3,985.3,363.6,0,1,959.4,369.9
49,1608,2062003,960.3,369.3,1010.8,358.2,985.55,363.75,0,1,960.3,369.3
49,1609,2062004,961.0,368.8,1010.0,359.2,985.5,364.0,0,1,961.0,368.8
49,1610,2062005,961.4,368.3,1009.2,360.1,985.3,364.2,0,1,961.4,368.3
49,1611,2062006,961.8,368.3,1008.4,360.6,985.1,364.45,0,1,961.8,368.3
49,1612,2062007,962.5,368.2,1007.6,360.8,985.05,364.5,0,1,962.5,368.2
49,1613,2062008,962.7,368.0,1006.9,360.5,984.8,364.25,0,1,962.7,368.0
49,1614,2062009,963.0,367.6,1006.2,359.9,984.6,363.75,0,1,963.0,367.6
49,1615,2062010,963.2,367.1,1005.7,359.2,984.45,363.15,0,1,963.2,367.1
49,1616,2062011,963.6,366.8,1005.6,358.6,984.6,362.7,0,1,963.6,366.8
49,1617,2062012,963.8,366.5,1005.6,358.0,984.7,362.25,0,1,963.8,366.5
49,1618,2062013,963.9,366.2,1005.6,357.7,984.75,361.95,0,1,963.9,366.2
49,1619,2062014,963.7,366.0,1005.5,357.5,984.6,361.75,0,1,963.7,366.0
49,1620,2062015,963.5,366.2,1005.4,357.5,984.45,361.85,0,1,963.5,366.2
49,1621,2062016,963.3,367.0,1005.2,357.4,984.25,362.2,0,1,963.3,367.0
49,1622,2062017,963.1,367.7,1004.8,357.2,983.95,362.45,0,1,963.1,367.7
49,1623,2062018,963.1,368.4,1004.3,356.8,983.7,362.6,0,1,963.1,368.4
49,1624,2062019,963.0,369.1,1003.7,356.4,983.35,362.75,0,1,963.0,369.1
49,1625,2062020,962.8,370.0,1003.1,356.1,982.95,363.05,0,1,962.8,370.0
49,1626,2062021,962.6,371.1,1002.5,356.0,982.55,363.55,0,1,962.6,371.1
49,1627,2062022,962.4,371.9,1001.8,355.8,982.1,363.85,0,1,962.4,371.9
49,1628,2062023,962.1,372.2,1001.4,355.7,981.75,363.95,0,1,962.1,372.2
49,1629,2062024,961.8,372.1,1001.1,355.6,981.45,363.85,0,1,961.8,372.1
49,1630,2062025,961.5,371.9,1001.0,355.3,981.25,363.6,0,1,961.5,371.9
49,1631,2062026,961.3,371.7,1001.0,355.0,981.15,363.35,0,1,961.3,371.7
49,1632,2062027,961.1,371.4,1001.1,354.6,981.1,363.0,0,1,961.1,371.4
49,1633,2062028,960.8,371.0,1001.5,354.1,981.15,362.55,0,1,960.8,371.0
50,1634,2062029,960.4,370.7,1001.7,353.6,981.05,362.15,0,1,960.4,370.7
50,1635,2062030,960.2,370.7,1001.8,353.2,981.0,361.95,0,1,960.2,370.7
50,1636,2062031,960.0,371.0,1001.8,352.9,980.9,361.95,0,1,960.0,371.0
50,1637,2062032,959.7,371.3,1001.9,353.0,980.8,362.15,0,1,959.7,371.3
50,1638,2062033,959.7,371.7,1001.8,353.1,980.75,362.4,0,1,959.7,371.7
50,1639,2062034,959.6,372.2,1001.8,353.3,980.7,362.75,0,1,959.6,372.2
50,1640,2062035,959.8,372.5,1001.6,353.7,980.7,363.1,0,1,959.8,372.5
50,1641,2062036,959.8,372.7,1001.4,354.2,980.6,363.45,0,1,959.8,372.7
50,1642,2062037,959.9,372.8,1001.3,354.7,980.6,363.75,0,1,959.9,372.8
50,1643,2062038,959.9,372.9,1001.1,355.1,980.5,364.0,0,1,959.9,372.9
50,1644,2062039,959.9,373.3,1001.0,355.5,980.45,364.4,0,1,959.9,373.3
50,1645,2062040,959.7,373.5,1000.8,355.8,980.25,364.65,0,1,959.7,373.5
50,1646,2062041,959.6,373.7,1000.4,356.1,980.0,364.9,0,1,959.6,373.7
50,1647,2062042,959.4,373.9,1000.0,356.0,979.7,364.95,0,1,959.4,373.9
50,1648,2062043,959.4,374.2,999.7,355.6,979.55,364.9,0,1,959.4,374.2
50,1649,2062044,959.3,374.7,999.4,355.3,979.35,365.0,0,1,959.3,374.7
50,1650,2062045,959.2,375.1,998.8,354.9,979.0,365.0,0,1,959.2,375.1
50,1651,2062046,958.6,375.4,998.3,354.6,978.45,365.0,0,1,958.6,375.4
50,1652,2062047,958.0,375.6,997.9,354.3,977.95,364.95,0,1,958.0,375.6
50,1653,2062048,957.5,374.8,997.8,354.2,977.65,364.5,0,1,957.5,374.8
50,1654,2062049,957.0,373.9,997.7,354.3,977.35,364.1,0,1,957.0,373.9
50,1655,2062050,956.6,373.3,997.6,354.7,977.1,364.0,0,1,956.6,373.3
50,1656,2062051,956.2,372.6,997.5,355.1,976.85,363.85,0,1,956.2,372.6
50,1657,2062052,955.8,372.8,997.7,355.6,976.75,364.2,0,1,955.8,372.8
50,1658,2062053,956.0,373.1,997.7,356.0,976.85,364.55,0,1,956.0,373.1
50,1659,2062054,956.2,373.3,997.7,356.4,976.95,364.85,0,1,956.2,373.3
50,1660,2062055,956.4,374.6,997.7,356.6,977.05,365.6,0,1,956.4,374.6
50,1661,2062056,956.6,375.8,998.3,356.8,977.45,366.3,0,1,956.6,375.8
50,1662,2062057,956.7,376.6,999.0,356.8,977.85,366.7,0,1,956.7,376.6
50,1663,2062058,956.8,377.3,999.6,356.9,978.2,367.1,0,1,956.8,377.3
50,1664,2062059,957.0,377.0,1000.4,356.9,978.7,366.95,0,1,957.0,377.0
50,1665,2062060,957.2,376.8,1001.1,356.9,979.15,366.85,0,1,957.2,376.8
50,1666,2062061,957.3,376.6,1001.8,357.0,979.55,366.8,0,1,957.3,376.6
51,1667,2062062,957.5,376.6,1002.5,357.1,980.0,366.85,0,1,957.5,376.6
51,1668,2062063,957.7,376.6,1002.5,357.0,980.1,366.8,0,1,957.7,376.6
51,1669,2062064,957.9,376.6,1002.5,356.9,980.2,366.75,0,1,957.9,376.6
51,1670,2062065,958.2,376.3,1002.5,356.8,980.35,366.55,0,1,958.2,376.3
51,1671,2062066,958.3,376.0,1002.5,356.8,980.4,366.4,0,1,958.3,376.0
51,1672,2062067,958.4,376.0,1002.4,356.7,980.4,366.35,0,1,958.4,376.0
51,1673,2062068,958.4,376.2,1002.3,356.7,980.35,366.45,0,1,958.4,376.2
51,1674,2062069,958.4,376.5,1002.1,357.1,980.25,366.8,0,1,958.4,376.5
51,1675,2062070,958.4,376.9,1001.9,357.7,980.15,367.3,0,1,958.4,376.9
51,1676,2062071,958.2,377.4,1001.5,358.5,979.85,367.95,0,1,958.2,377.4
51,1677,2062072,958.1,378.2,1001.1,359.4,979.6,368.8,0,1,958.1,378.2
51,1678,2062073,958.0,379.0,1000.8,360.3,979.4,369.65,0,1,958.0,379.0
51,1679,2062074,958.1,379.5,1000.6,361.7,979.35,370.6,0,1,958.1,379.5
51,1680,2062075,958.2,379.7,1000.5,362.8,979.35,371.25,0,1,958.2,379.7
51,1681,2062076,958.4,379.7,1000.5,363.3,979.45,371.5,0,1,958.4,379.7
51,1682,2062077,958.6,379.5,1000.4,363.7,979.5,371.6,0,1,958.6,379.5
51,1683,2062078,958.9,379.4,1000.5,364.0,979.7,371.7,0,1,958.9,379.4
51,1684,2062079,959.2,379.3,1000.6,364.1,979.9,371.7,0,1,959.2,379.3
51,1685,2062080,959.5,379.2,1000.7,364.3,980.1,371.75,0,1,959.5,379.2
51,1686,2062081,959.8,379.4,1000.6,364.1,980.2,371.75,0,1,959.8,379.4
51,1687,2062082,959.9,380.0,1000.5,364.1,980.2,372.05,0,1,959.9,380.0
51,1688,2062083,960.1,380.7,1000.5,364.2,980.3,372.45,0,1,960.1,380.7
51,1689,2062084,960.1,381.4,1000.4,365.2,980.25,373.3,0,1,960.1,381.4
51,1690,2062085,960.1,382.2,1000.4,366.2,980.25,374.2,0,1,960.1,382.2
51,1691,2062086,959.9,383.1,1000.5,367.0,980.2,375.05,0,1,959.9,383.1
51,1692,2062087,959.4,383.9,1000.7,367.6,980.05,375.75,0,1,959.4,383.9
51,1693,2062088,959.0,384.5,1000.8,368.1,979.9,376.3,0,1,959.0,384.5
51,1694,2062089,958.5,384.9,1001.1,368.7,979.8,376.8,0,1,958.5,384.9
51,1695,2062090,958.1,385.2,1001.3,369.4,979.7,377.3,0,1,958.1,385.2
51,1696,2062091,957.6,385.6,1001.6,369.4,979.6,377.5,0,1,957.6,385.6
51,1697,2062092,957.2,385.8,1001.8,369.4,979.5,377.6,0,1,957.2,385.8
51,1698,2062093,956.9,385.8,1001.9,369.5,979.4,377.65,0,1,956.9,385.8
51,1699,2062094,956.9,385.7,1002.0,369.9,979.45,377.8,0,1,956.9,385.7
51,1700,2062095,956.9,385.6,1002.1,370.2,979.5,377.9,0,1,956.9,385.6
52,1701,2062096,956.9,385.1,1002.2,370.5,979.55,377.8,0,1,956.9,385.1
52,1702,2062097,956.9,384.7,1002.3,370.6,979.6,377.65,0,1,956.9,384.7
52,1703,2062098,956.9,384.1,1002.2,371.0,979.55,377.55,0,1,956.9,384.1
52,1704,2062099,956.8,383.5,1002.2,371.5,979.5,377.5,0,1,956.8,383.5
52,1705,2062100,956.8,383.0,1002.1,372.0,979.45,377.5,0,1,956.8,383.0
52,1706,2062101,956.9,382.5,1002.1,372.7,979.5,377.6,0,1,956.9,382.5
52,1707,2062102,957.1,382.0,1002.1,373.3,979.6,377.65,0,1,957.1,382.0
52,1708,2062103,957.2,381.8,1002.1,374.1,979.65,377.95,0,1,957.2,381.8
52,1709,2062104,957.3,381.6,1002.1,374.9,979.7,378.25,0,1,957.3,381.6
52,1710,2062105,957.4,381.5,1002.0,375.2,979.7,378.35,0,1,957.4,381.5
52,1711,2062106,957.4,381.6,1001.9,375.6,979.65,378.6,0,1,957.4,381.6
52,1712,2062107,957.5,381.6,1001.9,375.9,979.7,378.75,0,1,957.5,381.6
52,1713,2062108,957.3,381.5,1001.8,376.2,979.55,378.85,0,1,957.3,381.5
52,1714,2062109,957.2,380.9,1001.7,376.6,979.45,378.75,0,1,957.2,380.9
52,1715,2062110,957.0,380.3,1001.5,377.1,979.25,378.7,0,1,957.0,380.3
52,1716,2062111,956.8,379.2,1001.5,377.7,979.15,378.45,0,1,956.8,379.2
52,1717,2062112,956.7,378.1,1001.8,378.3,979.25,378.2,0,1,956.7,378.1
52,1718,2062113,956.7,377.0,1002.0,379.1,979.35,378.05,0,1,956.7,377.0
52,1719,2062114,956.6,375.9,1002.3,379.9,979.45,377.9,0,1,956.6,375.9
52,1720,2062115,956.5,375.0,1002.5,380.4,979.5,377.7,0,1,956.5,375.0
52,1721,2062116,956.5,374.7,1002.7,380.5,979.6,377.6,0,1,956.5,374.7
52,1722,2062117,956.4,375.5,1002.8,380.4,979.6,377.95,0,1,956.4,375.5
52,1723,2062118,956.4,376.8,1002.6,380.3,979.5,378.55,0,1,956.4,376.8
52,1724,2062119,956.3,377.9,1002.3,380.4,979.3,379.15,0,1,956.3,377.9
52,1725,2062120,956.3,379.0,1002.0,380.3,979.15,379.65,0,1,956.3,379.0
52,1726,2062121,956.3,380.1,1001.5,380.1,978.9,380.1,0,1,956.3,380.1
52,1727,2062122,956.3,381.3,1000.8,380.2,978.55,380.75,0,1,956.3,381.3
52,1728,2062123,956.6,382.4,1000.2,380.4,978.4,381.4,0,1,956.6,382.4
52,1729,2062124,956.9,382.3,999.6,380.6,978.25,381.45,0,1,956.9,382.3
52,1730,2062125,957.3,382.3,999.2,380.5,978.25,381.4,0,1,957.3,382.3
52,1731,2062126,957.7,382.1,998.9,380.1,978.3,381.1,0,1,957.7,382.1
52,1732,2062127,957.9,382.1,998.7,379.6,978.3,380.85,0,1,957.9,382.1
52,1733,2062128,958.1,381.7,998.5,379.2,978.3,380.45,0,1,958.1,381.7
53,1734,2062129,958.2,381.4,998.5,379.0,978.35,380.2,0,1,958.2,381.4
53,1735,2062130,958.0,381.0,998.6,378.8,978.3,379.9,0,1,958.0,381.0
53,1736,2062131,957.7,380.6,998.6,378.7,978.15,379.65,0,1,957.7,380.6
53,1737,2062132,957.4,380.2,998.6,378.6,978.0,379.4,0,1,957.4,380.2
53,1738,2062133,957.0,380.0,998.6,378.7,977.8,379.35,0,1,957.0,380.0
53,1739,2062134,956.8,379.9,998.8,378.9,977.8,379.4,0,1,956.8,379.9
53,1740,2062135,956.5,379.9,998.9,379.0,977.7,379.45,0,1,956.5,379.9
53,1741,2062136,956.2,379.8,999.1,378.9,977.65,379.35,0,1,956.2,379.8
53,1742,2062137,956.0,379.6,999.4,378.5,977.7,379.05,0,1,956.0,379.6
53,1743,2062138,955.8,379.4,999.6,378.0,977.7,378.7,0,1,955.8,379.4
53,1744,2062139,955.6,379.2,999.7,377.7,977.65,378.45,0,1,955.6,379.2
53,1745,2062140,955.6,378.9,999.8,377.5,977.7,378.2,0,1,955.6,378.9
53,1746,2062141,955.7,378.8,999.7,377.6,977.7,378.2,0,1,955.7,378.8
53,1747,2062142,955.9,378.7,999.7,377.7,977.8,378.2,0,1,955.9,378.7
53,1748,2062143,956.1,378.7,999.7,377.9,977.9,378.3,0,1,956.1,378.7
53,1749,2062144,956.2,378.7,999.6,378.5,977.9,378.6,0,1,956.2,378.7
53,1750,2062145,956.4,378.8,999.4,379.0,977.9,378.9,0,1,956.4,378.8
53,1751,2062146,956.6,379.0,999.4,379.4,978.0,379.2,0,1,956.6,379.0
53,1752,2062147,956.7,379.5,999.3,379.4,978.0,379.45,0,1,956.7,379.5
53,1753,2062148,956.7,379.9,999.2,379.0,977.95,379.45,0,1,956.7,379.9
53,1754,2062149,956.7,380.3,999.1,378.7,977.9,379.5,0,1,956.7,380.3
53,1755,2062150,956.7,380.8,998.9,378.2,977.8,379.5,0,1,956.7,380.8
53,1756,2062151,956.7,381.5,998.8,377.7,977.75,379.6,0,1,956.7,381.5
53,1757,2062152,956.7,382.4,998.7,377.2,977.7,379.8,0,1,956.7,382.4
53,1758,2062153,956.6,383.2,998.8,376.8,977.7,380.0,0,1,956.6,383.2
53,1759,2062154,956.4,383.8,999.1,376.7,977.75,380.25,0,1,956.4,383.8
53,1760,2062155,956.1,384.2,999.5,376.7,977.8,380.45,0,1,956.1,384.2
53,1761,2062156,955.7,384.6,999.7,376.7,977.7,380.65,0,1,955.7,384.6
53,1762,2062157,955.1,384.7,999.8,376.7,977.45,380.7,0,1,955.1,384.7
53,1763,2062158,954.5,384.7,999.6,376.8,977.05,380.75,0,1,954.5,384.7
53,1764,2062159,954.0,384.4,999.3,376.9,976.65,380.65,0,1,954.0,384.4
53,1765,2062160,953.8,384.1,999.0,377.0,976.4,380.55,0,1,953.8,384.1
53,1766,2062161,953.7,383.7,998.5,377.2,976.1,380.45,0,1,953.7,383.7
54,1767,2062162,953.7,383.1,998.0,377.4,975.85,380.25,0,1,953.7,383.1
54,1768,2062163,953.7,382.3,997.6,377.5,975.65,379.9,0,1,953.7,382.3
54,1769,2062164,954.0,381.6,997.2,377.5,975.6,379.55,0,1,954.0,381.6
54,1770,2062165,954.2,380.9,997.0,377.6,975.6,379.25,0,1,954.2,380.9
54,1771,2062166,954.4,380.3,996.9,377.6,975.65,378.95,0,1,954.4,380.3
54,1772,2062167,954.5,379.7,996.8,377.6,975.65,378.65,0,1,954.5,379.7
54,1773,2062168,954.6,379.6,996.7,377.5,975.65,378.55,0,1,954.6,379.6
54,1774,2062169,954.7,379.8,996.6,377.4,975.65,378.6,0,1,954.7,379.8
54,1775,2062170,954.9,380.3,996.5,377.2,975.7,378.75,0,1,954.9,380.3
54,1776,2062171,955.2,380.8,996.6,376.9,975.9,378.85,0,1,955.2,380.8
54,1777,2062172,955.4,381.4,996.9,376.6,976.15,379.0,0,1,955.4,381.4
54,1778,2062173,955.7,382.0,997.2,376.3,976.45,379.15,0,1,955.7,382.0
54,1779,2062174,955.7,382.5,997.5,376.1,976.6,379.3,0,1,955.7,382.5
54,1780,2062175,955.6,382.6,997.7,375.9,976.65,379.25,0,1,955.6,382.6
54,1781,2062176,955.4,382.7,997.9,375.7,976.65,379.2,0,1,955.4,382.7
54,1782,2062177,955.0,382.6,997.8,375.4,976.4,379.0,0,1,955.0,382.6
54,1783,2062178,954.7,382.4,997.7,375.4,976.2,378.9,0,1,954.7,382.4
54,1784,2062179,954.1,381.7,997.4,375.2,975.75,378.45,0,1,954.1,381.7
54,1785,2062180,953.6,381.1,997.1,375.0,975.35,378.05,0,1,953.6,381.1
54,1786,2062181,953.3,380.6,996.8,375.0,975.05,377.8,0,1,953.3,380.6
54,1787,2062182,953.1,380.4,996.4,375.2,974.75,377.8,0,1,953.1,380.4
54,1788,2062183,953.0,380.5,996.1,375.3,974.55,377.9,0,1,953.0,380.5
54,1789,2062184,952.9,380.7,996.1,375.4,974.5,378.05,0,1,952.9,380.7
54,1790,2062185,953.0,381.0,996.1,375.4,974.55,378.2,0,1,953.0,381.0
54,1791,2062186,953.1,381.7,996.3,375.5,974.7,378.6,0,1,953.1,381.7
54,1792,2062187,953.2,382.4,996.4,375.6,974.8,379.0,0,1,953.2,382.4
54,1793,2062188,953.3,382.9,996.5,375.7,974.9,379.3,0,1,953.3,382.9
54,1794,2062189,953.4,382.8,996.5,375.9,974.95,379.35,0,1,953.4,382.8
54,1795,2062190,953.5,382.3,996.6,376.1,975.05,379.2,0,1,953.5,382.3
54,1796,2062191,953.5,381.8,996.5,376.4,975.0,379.1,0,1,953.5,381.8
54,1797,2062192,953.6,381.3,996.4,376.9,975.0,379.1,0,1,953.6,381.3
54,1798,2062193,953.6,380.9,996.2,377.3,974.9,379.1,0,1,953.6,380.9
54,1799,2062194,953.6,380.8,995.9,377.7,974.75,379.25,0,1,953.6,380.8
54,1800,2062195,953.4,380.7,995.4,377.9,974.4,379.3,0,1,953.4,380.7
55,1801,2062196,953.1,381.3,995.0,377.9,974.05,379.6,0,1,953.1,381.3
55,1802,2062197,952.8,381.9,994.2,377.8,973.5,379.85,0,1,952.8,381.9
55,1803,2062198,952.1,382.9,993.4,377.6,972.75,380.25,0,1,952.1,382.9
55,1804,2062199,951.4,384.2,992.6,377.3,972.0,380.75,0,1,951.4,384.2
55,1805,2062200,950.7,385.4,991.8,376.9,971.25,381.15,0,1,950.7,385.4
55,1806,2062201,950.1,386.4,991.2,376.2,970.65,381.3,0,1,950.1,386.4
55,1807,2062202,949.6,387.2,990.8,375.5,970.2,381.35,0,1,949.6,387.2
55,1808,2062203,949.5,387.5,990.4,375.0,969.95,381.25,0,1,949.5,387.5
55,1809,2062204,949.3,387.3,990.4,374.6,969.85,380.95,0,1,949.3,387.3
55,1810,2062205,949.6,386.7,990.3,374.2,969.95,380.45,0,1,949.6,386.7
55,1811,2062206,949.9,385.8,990.1,374.1,970.0,379.95,0,1,949.9,385.8
55,1812,2062207,950.3,384.9,989.9,374.1,970.1,379.5,0,1,950.3,384.9
55,1813,2062208,950.6,384.0,989.6,374.8,970.1,379.4,0,1,950.6,384.0
55,1814,2062209,950.8,383.3,989.5,375.6,970.15,379.45,0,1,950.8,383.3
55,1815,2062210,950.5,382.8,989.6,376.3,970.05,379.55,0,1,950.5,382.8
55,1816,2062211,950.2,383.4,989.7,376.9,969.95,380.15,0,1,950.2,383.4
55,1817,2062212,949.9,384.3,990.0,377.6,969.95,380.95,0,1,949.9,384.3
55,1818,2062213,949.7,385.2,990.3,378.0,970.0,381.6,0,1,949.7,385.2
55,1819,2062214,949.5,386.0,990.0,377.6,969.75,381.8,0,1,949.5,386.0
55,1820,2062215,949.4,386.9,989.7,376.8,969.55,381.85,0,1,949.4,386.9
55,1821,2062216,949.2,387.7,989.2,375.3,969.2,381.5,0,1,949.2,387.7
55,1822,2062217,949.5,388.4,988.6,373.8,969.05,381.1,0,1,949.5,388.4
55,1823,2062218,949.7,388.7,987.9,372.4,968.8,380.55,0,1,949.7,388.7
55,1824,2062219,949.9,388.7,987.3,370.3,968.6,379.5,0,1,949.9,388.7
55,1825,2062220,949.8,388.7,986.7,368.5,968.25,378.6,0,1,949.8,388.7
55,1826,2062221,949.7,388.7,986.8,367.4,968.25,378.05,0,1,949.7,388.7
55,1827,2062222,949.5,388.8,986.7,366.3,968.1,377.55,0,1,949.5,388.8
55,1828,2062223,949.4,389.0,986.6,365.8,968.0,377.4,0,1,949.4,389.0
55,1829,2062224,949.2,389.7,986.1,365.2,967.65,377.45,0,1,949.2,389.7
55,1830,2062225,949.1,390.3,985.5,364.7,967.3,377.5,0,1,949.1,390.3
55,1831,2062226,948.8,391.0,984.8,364.8,966.8,377.9,0,1,948.8,391.0
55,1832,2062227,948.5,391.6,984.1,364.8,966.3,378.2,0,1,948.5,391.6
55,1833,2062228,948.3,392.3,983.4,364.8,965.85,378.55,0,1,948.3,392.3
56,1834,2062229,948.0,392.9,982.8,364.7,965.4,378.8,0,1,948.0,392.9
56,1835,2062230,947.8,393.5,982.2,364.5,965.0,379.0,0,1,947.8,393.5
56,1836,2062231,947.6,393.7,982.0,363.9,964.8,378.8,0,1,947.6,393.7
56,1837,2062232,947.3,393.8,981.8,363.4,964.55,378.6,0,1,947.3,393.8
56,1838,2062233,947.2,393.8,981.6,363.1,964.4,378.45,0,1,947.2,393.8
56,1839,2062234,947.4,393.7,981.2,362.5,964.3,378.1,0,1,947.4,393.7
56,1840,2062235,947.7,393.5,980.9,361.8,964.3,377.65,0,1,947.7,393.5
56,1841,2062236,947.9,393.2,980.2,361.4,964.05,377.3,0,1,947.9,393.2
56,1842,2062237,948.1,392.9,979.7,361.3,963.9,377.1,0,1,948.1,392.9
56,1843,2062238,948.2,392.4,979.1,361.6,963.65,377.0,0,1,948.2,392.4
56,1844,2062239,948.3,391.7,978.7,361.7,963.5,376.7,0,1,948.3,391.7
56,1845,2062240,948.4,391.0,978.4,361.8,963.4,376.4,0,1,948.4,391.0
56,1846,2062241,948.4,390.3,978.2,362.0,963.3,376.15,0,1,948.4,390.3
56,1847,2062242,948.2,389.2,978.0,362.4,963.1,375.8,0,1,948.2,389.2
56,1848,2062243,948.0,388.1,978.1,362.6,963.05,375.35,0,1,948.0,388.1
56,1849,2062244,948.0,387.0,978.0,362.5,963.0,374.75,0,1,948.0,387.0
56,1850,2062245,948.1,386.1,977.8,362.4,962.95,374.25,0,1,948.1,386.1
56,1851,2062246,948.1,385.4,977.3,362.2,962.7,373.8,0,1,948.1,385.4
56,1852,2062247,948.0,384.8,976.7,361.9,962.35,373.35,0,1,948.0,384.8
56,1853,2062248,948.0,384.3,976.1,362.0,962.05,373.15,0,1,948.0,384.3
56,1854,2062249,948.0,384.4,975.6,362.2,961.8,373.3,0,1,948.0,384.4
56,1855,2062250,948.0,384.6,975.0,362.5,961.5,373.55,0,1,948.0,384.6
56,1856,2062251,947.9,384.8,974.8,362.8,961.35,373.8,0,1,947.9,384.8
56,1857,2062252,947.9,384.9,974.6,363.2,961.25,374.05,0,1,947.9,384.9
56,1858,2062253,947.8,385.1,974.8,363.6,961.3,374.35,0,1,947.8,385.1
56,1859,2062254,947.8,385.4,975.1,363.9,961.45,374.65,0,1,947.8,385.4
56,1860,2062255,947.7,385.8,975.3,363.8,961.5,374.8,0,1,947.7,385.8
56,1861,2062256,947.6,386.4,975.5,363.6,961.55,375.0,0,1,947.6,386.4
56,1862,2062257,947.6,386.6,975.6,363.2,961.6,374.9,0,1,947.6,386.6
56,1863,2062258,947.6,386.6,975.7,362.2,961.65,374.4,0,1,947.6,386.6
56,1864,2062259,947.6,385.8,975.7,361.2,961.65,373.5,0,1,947.6,385.8
56,1865,2062260,947.7,384.9,975.6,360.3,961.65,372.6,0,1,947.7,384.9
56,1866,2062261,947.7,384.0,975.4,359.3,961.55,371.65,0,1,947.7,384.0
57,1867,2062262,947.4,382.8,975.2,357.6,961.3,370.2,0,1,947.4,382.8
57,1868,2062263,947.0,381.5,974.9,356.3,960.95,368.9,0,1,947.0,381.5
57,1869,2062264,946.6,380.5,974.7,355.4,960.65,367.95,0,1,946.6,380.5
57,1870,2062265,946.2,379.6,974.4,355.0,960.3,367.3,0,1,946.2,379.6
57,1871,2062266,945.8,379.8,974.2,354.5,960.0,367.15,0,1,945.8,379.8
57,1872,2062267,945.3,380.1,974.1,354.0,959.7,367.05,0,1,945.3,380.1
57,1873,2062268,944.9,380.4,974.3,353.7,959.6,367.05,0,1,944.9,380.4
57,1874,2062269,944.8,380.8,974.5,353.9,959.65,367.35,0,1,944.8,380.8
57,1875,2062270,944.8,381.0,974.8,353.8,959.8,367.4,0,1,944.8,381.0
57,1876,2062271,944.8,381.2,975.1,353.3,959.95,367.25,0,1,944.8,381.2
57,1877,2062272,944.8,381.5,975.5,352.9,960.15,367.2,0,1,944.8,381.5
57,1878,2062273,944.8,381.7,975.9,352.5,960.35,367.1,0,1,944.8,381.7
57,1879,2062274,944.8,381.7,976.2,352.5,960.5,367.1,0,1,944.8,381.7
57,1880,2062275,944.9,381.6,976.4,352.4,960.65,367.0,0,1,944.9,381.6
57,1881,2062276,945.0,381.6,976.5,352.1,960.75,366.85,0,1,945.0,381.6
57,1882,2062277,945.4,381.5,976.7,352.1,961.05,366.8,0,1,945.4,381.5
57,1883,2062278,945.9,381.3,976.8,352.2,961.35,366.75,0,1,945.9,381.3
57,1884,2062279,946.4,381.1,976.9,352.3,961.65,366.7,0,1,946.4,381.1
57,1885,2062280,947.0,380.8,977.0,352.4,962.0,366.6,0,1,947.0,380.8
57,1886,2062281,947.5,380.5,977.5,352.1,962.5,366.3,0,1,947.5,380.5
57,1887,2062282,947.9,380.3,978.0,352.0,962.95,366.15,0,1,947.9,380.3
57,1888,2062283,948.1,380.0,978.6,352.0,963.35,366.0,0,1,948.1,380.0
57,1889,2062284,948.0,378.9,979.8,351.8,963.9,365.35,0,1,948.0,378.9
57,1890,2062285,947.8,377.8,981.1,351.6,964.45,364.7,0,1,947.8,377.8
57,1891,2062286,947.5,376.9,982.4,351.4,964.95,364.15,0,1,947.5,376.9
57,1892,2062287,947.2,375.7,983.5,351.3,965.35,363.5,0,1,947.2,375.7
57,1893,2062288,947.1,374.6,984.5,351.6,965.8,363.1,0,1,947.1,374.6
57,1894,2062289,947.2,373.5,985.3,351.9,966.25,362.7,0,1,947.2,373.5
57,1895,2062290,947.5,372.4,986.1,352.1,966.8,362.25,0,1,947.5,372.4
57,1896,2062291,947.5,372.1,986.4,351.8,966.95,361.95,0,1,947.5,372.1
57,1897,2062292,947.0,370.9,986.6,351.6,966.8,361.25,0,1,947.0,370.9
57,1898,2062293,944.3,368.9,985.0,350.2,964.65,359.55,0,1,944.3,368.9
57,1899,2062294,938.6,367.1,982.1,348.4,960.35,357.75,0,1,938.6,367.1
57,1900,2062295,931.0,365.0,977.6,345.9,954.3,355.45,0,1,931.0,365.0
58,1901,2062296,921.1,362.9,971.9,343.6,946.5,353.25,0,1,921.1,362.9
58,1902,2062297,909.4,360.3,964.1,339.6,936.75,349.95,0,1,909.4,360.3
58,1903,2062298,895.8,357.5,954.5,336.3,925.15,346.9,0,1,895.8,357.5
58,1904,2062299,881.3,355.6,942.9,332.9,912.1,344.25,0,1,881.3,355.6
58,1905,2062300,867.1,353.0,930.8,330.6,898.95,341.8,0,1,867.1,353.0
58,1906,2062301,853.5,348.5,916.5,328.4,885.0,338.45,0,1,853.5,348.5
58,1907,2062302,840.0,342.9,902.0,326.5,871.0,334.7,0,1,840.0,342.9
58,1908,2062303,825.8,337.5,886.6,324.6,856.2,331.05,0,1,825.8,337.5
58,1909,2062304,810.4,332.4,871.6,324.5,841.0,328.45,0,1,810.4,332.4
58,1910,2062305,795.0,327.1,855.9,322.3,825.45,324.7,0,1,795.0,327.1
58,1911,2062306,780.2,321.6,840.8,320.2,810.5,320.9,0,1,780.2,321.6
58,1912,2062307,765.7,317.5,827.0,318.2,796.35,317.85,0,1,765.7,317.5
58,1913,2062308,753.0,314.9,815.9,316.5,784.45,315.7,0,1,753.0,314.9
58,1914,2062309,739.9,313.4,805.8,314.8,772.85,314.1,0,1,739.9,313.4
58,1915,2062310,729.1,311.9,796.5,313.2,762.8,312.55,0,1,729.1,311.9
58,1916,2062311,721.1,310.5,788.0,311.8,754.55,311.15,0,1,721.1,310.5
58,1917,2062312,713.5,309.6,781.8,312.3,747.65,310.95,0,1,713.5,309.6
58,1918,2062313,706.6,309.1,775.9,312.8,741.25,310.95,0,1,706.6,309.1
58,1919,2062314,700.1,308.5,769.8,313.3,734.95,310.9,0,1,700.1,308.5
58,1920,2062315,693.6,308.6,762.6,313.6,728.1,311.1,0,1,693.6,308.6
58,1921,2062316,688.8,308.8,756.2,313.9,722.5,311.35,0,1,688.8,308.8
58,1922,2062317,684.0,309.3,750.3,314.0,717.15,311.65,0,1,684.0,309.3
58,1923,2062318,679.6,309.8,744.3,314.0,711.95,311.9,0,1,679.6,309.8
58,1924,2062319,676.6,310.2,737.8,314.2,707.2,312.2,0,1,676.6,310.2
58,1925,2062320,673.9,310.5,732.5,314.6,703.2,312.55,0,1,673.9,310.5
58,1926,2062321,672.4,310.8,728.3,315.0,700.35,312.9,0,1,672.4,310.8
58,1927,2062322,671.3,311.1,725.8,315.5,698.55,313.3,0,1,671.3,311.1
58,1928,2062323,670.5,311.5,723.3,316.4,696.9,313.95,0,1,670.5,311.5
58,1929,2062324,670.4,311.5,721.9,317.3,696.15,314.4,0,1,670.4,311.5
58,1930,2062325,671.1,311.5,721.3,318.3,696.2,314.9,0,1,671.1,311.5
58,1931,2062326,672.5,311.6,722.1,319.1,697.3,315.35,0,1,672.5,311.6
58,1932,2062327,673.9,311.8,723.7,320.1,698.8,315.95,0,1,673.9,311.8
58,1933,2062328,676.4,312.1,725.3,321.1,700.85,316.6,0,1,676.4,312.1
59,1934,2062329,678.9,312.0,727.0,322.6,702.95,317.3,0,1,678.9,312.0
59,1935,2062330,682.1,311.7,728.8,323.8,705.45,317.75,0,1,682.1,311.7
59,1936,2062331,685.3,311.4,731.2,324.9,708.25,318.15,0,1,685.3,311.4
59,1937,2062332,687.9,309.9,733.7,326.0,710.8,317.95,0,1,687.9,309.9
59,1938,2062333,690.2,308.3,735.6,327.0,712.9,317.65,0,1,690.2,308.3
59,1939,2062334,693.0,306.6,736.8,327.6,714.9,317.1,0,1,693.0,306.6
59,1940,2062335,694.7,304.6,738.1,328.3,716.4,316.45,0,1,694.7,304.6
59,1941,2062336,696.8,302.9,739.3,328.5,718.05,315.7,0,1,696.8,302.9
59,1942,2062337,698.3,301.3,740.5,328.7,719.4,315.0,0,1,698.3,301.3
59,1943,2062338,699.9,299.9,740.9,328.8,720.4,314.35,0,1,699.9,299.9
59,1944,2062339,701.3,299.9,741.2,328.9,721.25,314.4,0,1,701.3,299.9
59,1945,2062340,702.3,300.0,741.4,329.0,721.85,314.5,0,1,702.3,300.0
59,1946,2062341,702.9,300.3,741.6,328.9,722.25,314.6,0,1,702.9,300.3
59,1947,2062342,703.4,300.8,741.7,328.7,722.55,314.75,0,1,703.4,300.8
59,1948,2062343,703.5,302.3,741.9,328.6,722.7,315.45,0,1,703.5,302.3
59,1949,2062344,702.9,303.6,742.0,328.7,722.45,316.15,0,1,702.9,303.6
59,1950,2062345,702.4,304.8,742.0,329.6,722.2,317.2,0,1,702.4,304.8
59,1951,2062346,701.6,305.7,741.9,330.5,721.75,318.1,0,1,701.6,305.7
59,1952,2062347,700.9,306.1,741.6,331.5,721.25,318.8,0,1,700.9,306.1
59,1953,2062348,700.2,306.6,741.2,332.6,720.7,319.6,0,1,700.2,306.6
59,1954,2062349,699.5,307.1,740.8,333.8,720.15,320.45,0,1,699.5,307.1
59,1955,2062350,698.8,306.9,740.4,334.8,719.6,320.85,0,1,698.8,306.9
59,1956,2062351,698.4,307.1,740.0,335.5,719.2,321.3,0,1,698.4,307.1
59,1957,2062352,698.0,307.3,739.7,335.5,718.85,321.4,0,1,698.0,307.3
59,1958,2062353,697.8,307.7,739.6,334.9,718.7,321.3,0,1,697.8,307.7
59,1959,2062354,697.5,308.8,739.6,334.3,718.55,321.55,0,1,697.5,308.8
59,1960,2062355,697.1,310.3,739.7,333.7,718.4,322.0,0,1,697.1,310.3
59,1961,2062356,696.9,311.8,739.7,333.3,718.3,322.55,0,1,696.9,311.8
59,1962,2062357,696.7,313.2,739.8,333.2,718.25,323.2,0,1,696.7,313.2
59,1963,2062358,696.7,314.2,740.0,333.1,718.35,323.65,0,1,696.7,314.2
59,1964,2062359,696.7,315.2,740.5,334.0,718.6,324.6,0,1,696.7,315.2
59,1965,2062360,696.8,316.6,740.9,335.5,718.85,326.05,0,1,696.8,316.6
59,1966,2062361,696.8,318.1,741.4,337.0,719.1,327.55,0,1,696.8,318.1
60,1967,2062362,696.9,319.2,741.6,338.5,719.25,328.85,0,1,696.9,319.2
60,1968,2062363,696.9,320.2,741.7,340.0,719.3,330.1,0,1,696.9,320.2
60,1969,2062364,696.9,321.2,741.6,341.2,719.25,331.2,0,1,696.9,321.2
60,1970,2062365,697.0,322.1,741.1,342.3,719.05,332.2,0,1,697.0,322.1
60,1971,2062366,697.0,323.1,740.3,342.6,718.65,332.85,0,1,697.0,323.1
60,1972,2062367,697.0,323.7,739.5,342.9,718.25,333.3,0,1,697.0,323.7
60,1973,2062368,697.0,323.8,738.5,343.3,717.75,333.55,0,1,697.0,323.8
60,1974,2062369,697.0,323.9,737.7,343.8,717.35,333.85,0,1,697.0,323.9
60,1975,2062370,697.0,324.1,737.0,344.3,717.0,334.2,0,1,697.0,324.1
60,1976,2062371,696.9,324.4,736.4,345.0,716.65,334.7,0,1,696.9,324.4
60,1977,2062372,696.8,325.3,736.1,345.6,716.45,335.45,0,1,696.8,325.3
60,1978,2062373,696.7,326.1,735.9,346.2,716.3,336.15,0,1,696.7,326.1
60,1979,2062374,696.6,326.6,735.5,346.8,716.05,336.7,0,1,696.6,326.6
60,1980,2062375,696.7,327.2,735.3,347.3,716.0,337.25,0,1,696.7,327.2
60,1981,2062376,696.9,328.0,735.1,347.8,716.0,337.9,0,1,696.9,328.0
60,1982,2062377,697.0,329.1,734.9,348.2,715.95,338.65,0,1,697.0,329.1
60,1983,2062378,697.2,330.0,734.6,348.5,715.9,339.25,0,1,697.2,330.0
60,1984,2062379,697.4,330.4,734.5,348.9,715.95,339.65,0,1,697.4,330.4
60,1985,2062380,697.7,331.0,734.4,349.2,716.05,340.1,0,1,697.7,331.0
60,1986,2062381,697.9,331.7,734.6,349.4,716.25,340.55,0,1,697.9,331.7
60,1987,2062382,698.3,332.5,734.9,349.8,716.6,341.15,0,1,698.3,332.5
60,1988,2062383,698.5,333.2,735.2,350.1,716.85,341.65,0,1,698.5,333.2
60,1989,2062384,698.8,333.6,735.7,350.3,717.25,341.95,0,1,698.8,333.6
60,1990,2062385,699.0,334.1,736.3,350.4,717.65,342.25,0,1,699.0,334.1
60,1991,2062386,699.1,335.2,736.9,350.4,718.0,342.8,0,1,699.1,335.2
60,1992,2062387,698.9,336.2,737.5,350.3,718.2,343.25,0,1,698.9,336.2
60,1993,2062388,698.6,338.3,737.9,350.3,718.25,344.3,0,1,698.6,338.3
60,1994,2062389,698.2,340.1,738.2,350.2,718.2,345.15,0,1,698.2,340.1
60,1995,2062390,697.7,342.0,738.4,350.6,718.05,346.3,0,1,697.7,342.0
60,1996,2062391,697.4,343.1,738.4,351.1,717.9,347.1,0,1,697.4,343.1
60,1997,2062392,697.2,344.1,738.2,351.7,717.7,347.9,0,1,697.2,344.1
60,1998,2062393,697.3,344.5,738.1,352.4,717.7,348.45,0,1,697.3,344.5
60,1999,2062394,697.5,344.6,738.1,353.1,717.8,348.85,0,1,697.5,344.6
60,2000,2062395,697.7,343.8,738.6,353.7,718.15,348.75,0,1,697.7,343.8
61,2001,2062396,697.9,342.8,739.2,354.1,718.55,348.45,0,1,697.9,342.8
61,2002,2062397,698.0,342.1,739.7,354.0,718.85,348.05,0,1,698.0,342.1
61,2003,2062398,697.8,342.0,740.2,353.6,719.0,347.8,0,1,697.8,342.0
61,2004,2062399,697.6,342.5,740.3,353.2,718.95,347.85,0,1,697.6,342.5
61,2005,2062400,697.5,343.1,740.2,352.4,718.85,347.75,0,1,697.5,343.1
61,2006,2062401,697.3,344.0,740.1,351.7,718.7,347.85,0,1,697.3,344.0
61,2007,2062402,697.2,345.1,739.4,351.0,718.3,348.05,0,1,697.2,345.1
61,2008,2062403,697.3,346.1,738.9,350.2,718.1,348.15,0,1,697.3,346.1
61,2009,2062404,697.4,347.0,738.7,349.4,718.05,348.2,0,1,697.4,347.0
61,2010,2062405,697.6,347.8,738.6,348.8,718.1,348.3,0,1,697.6,347.8
61,2011,2062406,697.7,348.0,739.6,348.3,718.65,348.15,0,1,697.7,348.0
61,2012,2062407,697.6,348.4,740.5,348.2,719.05,348.3,0,1,697.6,348.4
61,2013,2062408,697.5,348.7,741.4,348.0,719.45,348.35,0,1,697.5,348.7
61,2014,2062409,697.5,348.9,742.2,347.9,719.85,348.4,0,1,697.5,348.9
61,2015,2062410,697.3,349.0,742.8,347.9,720.05,348.45,0,1,697.3,349.0
61,2016,2062411,697.2,349.2,743.2,347.9,720.2,348.55,0,1,697.2,349.2
61,2017,2062412,697.1,348.9,743.1,348.0,720.1,348.45,0,1,697.1,348.9
61,2018,2062413,697.0,348.5,742.6,348.0,719.8,348.25,0,1,697.0,348.5
61,2019,2062414,697.2,347.9,742.1,348.0,719.65,347.95,0,1,697.2,347.9
61,2020,2062415,697.4,347.4,741.6,347.8,719.5,347.6,0,1,697.4,347.4
61,2021,2062416,697.8,347.1,741.4,347.2,719.6,347.15,0,1,697.8,347.1
61,2022,2062417,698.1,347.4,741.2,346.6,719.65,347.0,0,1,698.1,347.4
61,2023,2062418,698.5,347.7,741.1,346.0,719.8,346.85,0,1,698.5,347.7
61,2024,2062419,698.8,348.5,741.4,345.4,720.1,346.95,0,1,698.8,348.5
61,2025,2062420,699.1,349.2,741.6,344.7,720.35,346.95,0,1,699.1,349.2
61,2026,2062421,699.3,350.0,741.8,344.1,720.55,347.05,0,1,699.3,350.0
61,2027,2062422,699.5,350.7,741.9,343.5,720.7,347.1,0,1,699.5,350.7
61,2028,2062423,699.5,351.2,741.8,343.5,720.65,347.35,0,1,699.5,351.2
61,2029,2062424,699.6,351.2,741.8,343.3,720.7,347.25,0,1,699.6,351.2
61,2030,2062425,699.7,351.3,741.3,343.2,720.5,347.25,0,1,699.7,351.3
61,2031,2062426,699.9,351.4,740.9,343.1,720.4,347.25,0,1,699.9,351.4
61,2032,2062427,700.1,351.6,740.5,343.2,720.3,347.4,0,1,700.1,351.6
61,2033,2062428,700.3,351.9,740.2,343.1,720.25,347.5,0,1,700.3,351.9
62,2034,2062429,700.5,352.2,740.1,342.8,720.3,347.5,0,1,700.5,352.2
62,2035,2062430,700.6,352.4,740.1,342.6,720.35,347.5,0,1,700.6,352.4
62,2036,2062431,700.5,352.5,740.1,342.4,720.3,347.45,0,1,700.5,352.5
62,2037,2062432,700.3,352.6,740.3,342.3,720.3,347.45,0,1,700.3,352.6
62,2038,2062433,700.1,352.9,740.4,342.2,720.25,347.55,0,1,700.1,352.9
62,2039,2062434,699.8,353.6,740.5,342.0,720.15,347.8,0,1,699.8,353.6
62,2040,2062435,699.4,354.4,740.5,341.7,719.95,348.05,0,1,699.4,354.4
62,2041,2062436,699.1,354.9,740.4,341.6,719.75,348.25,0,1,699.1,354.9
62,2042,2062437,698.8,355.4,740.2,341.6,719.5,348.5,0,1,698.8,355.4
62,2043,2062438,698.7,355.9,739.9,341.8,719.3,348.85,0,1,698.7,355.9
62,2044,2062439,698.6,356.2,739.6,341.9,719.1,349.05,0,1,698.6,356.2
62,2045,2062440,698.6,356.4,739.4,341.9,719.0,349.15,0,1,698.6,356.4
62,2046,2062441,698.6,356.0,739.2,342.2,718.9,349.1,0,1,698.6,356.0
62,2047,2062442,698.7,355.6,738.9,342.6,718.8,349.1,0,1,698.7,355.6
62,2048,2062443,698.7,354.8,738.6,343.0,718.65,348.9,0,1,698.7,354.8
62,2049,2062444,698.7,354.2,738.3,343.3,718.5,348.75,0,1,698.7,354.2
62,2050,2062445,698.7,353.6,738.0,343.4,718.35,348.5,0,1,698.7,353.6
62,2051,2062446,698.7,352.8,737.8,343.6,718.25,348.2,0,1,698.7,352.8
62,2052,2062447,698.6,351.9,737.7,343.8,718.15,347.85,0,1,698.6,351.9
62,2053,2062448,698.5,351.1,737.7,344.0,718.1,347.55,0,1,698.5,351.1
62,2054,2062449,698.3,350.5,737.7,344.1,718.0,347.3,0,1,698.3,350.5
62,2055,2062450,698.2,350.3,737.6,344.5,717.9,347.4,0,1,698.2,350.3
62,2056,2062451,698.1,350.0,737.6,344.9,717.85,347.45,0,1,698.1,350.0
62,2057,2062452,698.2,349.8,737.6,345.3,717.9,347.55,0,1,698.2,349.8
62,2058,2062453,698.3,349.7,737.6,345.6,717.95,347.65,0,1,698.3,349.7
62,2059,2062454,698.4,349.8,737.9,345.7,718.15,347.75,0,1,698.4,349.8
62,2060,2062455,698.7,349.9,738.1,345.6,718.4,347.75,0,1,698.7,349.9
62,2061,2062456,698.9,350.1,738.4,345.6,718.65,347.85,0,1,698.9,350.1
62,2062,2062457,699.1,350.2,738.7,345.5,718.9,347.85,0,1,699.1,350.2
62,2063,2062458,699.2,350.4,739.0,345.4,719.1,347.9,0,1,699.2,350.4
62,2064,2062459,699.2,350.7,739.4,345.4,719.3,348.05,0,1,699.2,350.7
62,2065,2062460,699.2,351.1,739.7,345.4,719.45,348.25,0,1,699.2,351.1
62,2066,2062461,699.2,351.3,739.8,345.5,719.5,348.4,0,1,699.2,351.3
63,2067,2062462,699.2,351.5,739.8,345.7,719.5,348.6,0,1,699.2,351.5
63,2068,2062463,699.3,351.2,739.9,345.9,719.6,348.55,0,1,699.3,351.2
63,2069,2062464,699.4,350.8,739.7,346.4,719.55,348.6,0,1,699.4,350.8
63,2070,2062465,699.6,350.2,739.6,346.8,719.6,348.5,0,1,699.6,350.2
63,2071,2062466,699.7,349.5,739.4,347.1,719.55,348.3,0,1,699.7,349.5
63,2072,2062467,700.1,348.9,739.2,347.4,719.65,348.15,0,1,700.1,348.9
63,2073,2062468,700.4,348.3,739.0,347.7,719.7,348.0,0,1,700.4,348.3
63,2074,2062469,700.6,347.8,738.8,348.2,719.7,348.0,0,1,700.6,347.8
63,2075,2062470,700.9,347.9,738.7,348.8,719.8,348.35,0,1,700.9,347.9
63,2076,2062471,701.1,348.1,738.8,348.9,719.95,348.5,0,1,701.1,348.1
63,2077,2062472,701.3,348.3,739.1,349.0,720.2,348.65,0,1,701.3,348.3
63,2078,2062473,701.5,348.5,739.5,349.1,720.5,348.8,0,1,701.5,348.5
63,2079,2062474,701.4,348.7,739.8,349.2,720.6,348.95,0,1,701.4,348.7
63,2080,2062475,701.4,348.9,740.0,349.2,720.7,349.05,0,1,701.4,348.9
63,2081,2062476,701.4,349.0,740.0,349.2,720.7,349.1,0,1,701.4,349.0
63,2082,2062477,701.3,349.0,740.2,348.9,720.75,348.95,0,1,701.3,349.0
63,2083,2062478,701.3,348.9,740.4,348.6,720.85,348.75,0,1,701.3,348.9
63,2084,2062479,701.2,348.9,740.4,348.4,720.8,348.65,0,1,701.2,348.9
63,2085,2062480,701.2,348.6,740.4,348.2,720.8,348.4,0,1,701.2,348.6
63,2086,2062481,701.1,348.4,740.5,348.0,720.8,348.2,0,1,701.1,348.4
63,2087,2062482,701.2,348.1,740.7,347.9,720.95,348.0,0,1,701.2,348.1
63,2088,2062483,701.2,347.9,741.1,347.8,721.15,347.85,0,1,701.2,347.9
63,2089,2062484,701.3,347.8,741.4,347.8,721.35,347.8,0,1,701.3,347.8
63,2090,2062485,701.5,347.9,741.4,348.1,721.45,348.0,0,1,701.5,347.9
63,2091,2062486,701.6,348.0,741.6,348.4,721.6,348.2,0,1,701.6,348.0
63,2092,2062487,701.8,348.3,741.7,348.6,721.75,348.45,0,1,701.8,348.3
63,2093,2062488,702.0,348.6,742.0,348.6,722.0,348.6,0,1,702.0,348.6
63,2094,2062489,702.1,349.0,742.3,348.2,722.2,348.6,0,1,702.1,349.0
63,2095,2062490,702.1,349.5,742.6,347.8,722.35,348.65,0,1,702.1,349.5
63,2096,2062491,702.2,349.7,742.9,347.3,722.55,348.5,0,1,702.2,349.7
63,2097,2062492,702.2,349.8,742.6,346.9,722.4,348.35,0,1,702.2,349.8
63,2098,2062493,702.2,350.0,742.1,347.0,722.15,348.5,0,1,702.2,350.0
63,2099,2062494,702.2,350.3,741.4,347.3,721.8,348.8,0,1,702.2,350.3
63,2100,2062495,702.0,350.4,740.7,347.6,721.35,349.0,0,1,702.0,350.4
64,2101,2062496,702.0,350.4,740.1,348.3,721.05,349.35,0,1,702.0,350.4
64,2102,2062497,701.9,349.9,740.1,349.0,721.0,349.45,0,1,701.9,349.9
64,2103,2062498,701.8,349.2,740.2,349.5,721.0,349.35,0,1,701.8,349.2
64,2104,2062499,701.7,348.5,740.9,349.6,721.3,349.05,0,1,701.7,348.5
64,2105,2062500,701.7,347.8,741.6,349.1,721.65,348.45,0,1,701.7,347.8
64,2106,2062501,701.7,346.9,742.4,348.4,722.05,347.65,0,1,701.7,346.9
64,2107,2062502,701.8,346.2,742.9,347.5,722.35,346.85,0,1,701.8,346.2
64,2108,2062503,702.0,345.5,743.2,346.8,722.6,346.15,0,1,702.0,345.5
64,2109,2062504,702.1,345.0,742.9,346.0,722.5,345.5,0,1,702.1,345.0
64,2110,2062505,702.3,344.7,742.7,345.3,722.5,345.0,0,1,702.3,344.7
64,2111,2062506,702.5,344.3,742.4,344.6,722.45,344.45,0,1,702.5,344.3
64,2112,2062507,702.6,343.9,742.2,343.8,722.4,343.85,0,1,702.6,343.9
64,2113,2062508,702.5,343.4,742.1,343.1,722.3,343.25,0,1,702.5,343.4
64,2114,2062509,702.5,342.9,742.1,342.6,722.3,342.75,0,1,702.5,342.9
64,2115,2062510,702.4,342.5,742.1,342.2,722.25,342.35,0,1,702.4,342.5
64,2116,2062511,702.1,342.4,742.1,341.8,722.1,342.1,0,1,702.1,342.4
64,2117,2062512,701.9,342.4,742.3,341.3,722.1,341.85,0,1,701.9,342.4
64,2118,2062513,701.6,342.5,742.4,340.9,722.0,341.7,0,1,701.6,342.5
64,2119,2062514,701.4,342.7,742.6,340.6,722.0,341.65,0,1,701.4,342.7
64,2120,2062515,701.1,342.9,742.7,340.7,721.9,341.8,0,1,701.1,342.9
64,2121,2062516,700.9,343.2,742.8,340.8,721.85,342.0,0,1,700.9,343.2
64,2122,2062517,700.8,343.4,742.9,340.9,721.85,342.15,0,1,700.8,343.4
64,2123,2062518,700.9,343.7,742.9,341.0,721.9,342.35,0,1,700.9,343.7
64,2124,2062519,701.0,344.1,742.7,340.6,721.85,342.35,0,1,701.0,344.1
64,2125,2062520,701.0,345.0,742.5,339.8,721.75,342.4,0,1,701.0,345.0
64,2126,2062521,701.1,345.6,742.4,338.9,721.75,342.25,0,1,701.1,345.6
64,2127,2062522,701.2,346.1,742.3,337.4,721.75,341.75,0,1,701.2,346.1
64,2128,2062523,701.4,346.5,742.2,336.0,721.8,341.25,0,1,701.4,346.5
64,2129,2062524,701.5,346.8,742.3,334.6,721.9,340.7,0,1,701.5,346.8
64,2130,2062525,701.5,347.1,742.5,333.2,722.0,340.15,0,1,701.5,347.1
64,2131,2062526,701.5,347.0,742.6,332.5,722.05,339.75,0,1,701.5,347.0
64,2132,2062527,701.6,346.3,742.3,332.4,721.95,339.35,0,1,701.6,346.3
64,2133,2062528,701.8,345.9,742.0,332.2,721.9,339.05,0,1,701.8,345.9
65,2134,2062529,702.0,345.7,741.6,332.5,721.8,339.1,0,1,702.0,345.7
65,2135,2062530,702.1,346.1,741.2,332.7,721.65,339.4,0,1,702.1,346.1
65,2136,2062531,702.2,346.6,740.6,333.8,721.4,340.2,0,1,702.2,346.6
65,2137,2062532,702.2,347.1,740.1,334.7,721.15,340.9,0,1,702.2,347.1
65,2138,2062533,702.0,347.7,739.5,335.5,720.75,341.6,0,1,702.0,347.7
65,2139,2062534,701.5,348.5,739.3,336.0,720.4,342.25,0,1,701.5,348.5
65,2140,2062535,701.0,349.2,739.2,336.1,720.1,342.65,0,1,701.0,349.2
65,2141,2062536,700.4,349.8,739.3,336.2,719.85,343.0,0,1,700.4,349.8
65,2142,2062537,699.8,350.0,739.4,336.2,719.6,343.1,0,1,699.8,350.0
65,2143,2062538,699.3,349.9,739.6,335.3,719.45,342.6,0,1,699.3,349.9
65,2144,2062539,698.8,349.7,739.8,334.6,719.3,342.15,0,1,698.8,349.7
65,2145,2062540,698.6,348.5,740.0,334.0,719.3,341.25,0,1,698.6,348.5
65,2146,2062541,698.6,347.6,740.2,334.1,719.4,340.85,0,1,698.6,347.6
65,2147,2062542,698.7,346.7,740.2,334.7,719.45,340.7,0,1,698.7,346.7
65,2148,2062543,698.7,346.1,740.1,335.4,719.4,340.75,0,1,698.7,346.1
65,2149,2062544,698.8,345.5,739.9,336.0,719.35,340.75,0,1,698.8,345.5
65,2150,2062545,698.9,345.2,739.7,336.8,719.3,341.0,0,1,698.9,345.2
65,2151,2062546,698.9,345.1,739.6,337.4,719.25,341.25,0,1,698.9,345.1
65,2152,2062547,698.9,345.9,739.5,338.2,719.2,342.05,0,1,698.9,345.9
65,2153,2062548,698.9,346.6,739.5,338.6,719.2,342.6,0,1,698.9,346.6
65,2154,2062549,699.0,347.2,739.5,338.8,719.25,343.0,0,1,699.0,347.2
65,2155,2062550,699.1,347.4,739.6,339.1,719.35,343.25,0,1,699.1,347.4
65,2156,2062551,699.4,347.9,739.7,339.6,719.55,343.75,0,1,699.4,347.9
65,2157,2062552,699.7,348.5,739.8,340.2,719.75,344.35,0,1,699.7,348.5
65,2158,2062553,699.9,349.0,739.8,340.8,719.85,344.9,0,1,699.9,349.0
65,2159,2062554,700.1,349.8,739.8,341.4,719.95,345.6,0,1,700.1,349.8
65,2160,2062555,700.1,350.4,739.7,341.9,719.9,346.15,0,1,700.1,350.4
65,2161,2062556,700.0,351.0,739.7,342.3,719.85,346.65,0,1,700.0,351.0
65,2162,2062557,699.7,351.5,739.5,342.7,719.6,347.1,0,1,699.7,351.5
65,2163,2062558,699.4,351.6,739.4,343.0,719.4,347.3,0,1,699.4,351.6
65,2164,2062559,699.2,351.8,739.4,343.0,719.3,347.4,0,1,699.2,351.8
65,2165,2062560,699.4,351.9,739.4,342.9,719.4,347.4,0,1,699.4,351.9
65,2166,2062561,699.7,351.8,739.4,342.6,719.55,347.2,0,1,699.7,351.8
66,2167,2062562,700.3,351.7,739.5,342.5,719.9,347.1,0,1,700.3,351.7
66,2168,2062563,700.9,351.7,739.6,343.0,720.25,347.35,0,1,700.9,351.7
66,2169,2062564,701.6,351.8,739.6,343.4,720.6,347.6,0,1,701.6,351.8
66,2170,2062565,702.1,352.0,739.6,343.7,720.85,347.85,0,1,702.1,352.0
66,2171,2062566,702.4,352.2,739.5,344.2,720.95,348.2,0,1,702.4,352.2
66,2172,2062567,702.2,352.3,739.2,344.8,720.7,348.55,0,1,702.2,352.3
66,2173,2062568,702.0,352.5,738.8,345.3,720.4,348.9,0,1,702.0,352.5
66,2174,2062569,701.3,352.8,738.5,345.8,719.9,349.3,0,1,701.3,352.8
66,2175,2062570,700.7,353.0,738.2,346.0,719.45,349.5,0,1,700.7,353.0
66,2176,2062571,700.1,353.0,737.8,346.9,718.95,349.95,0,1,700.1,353.0
66,2177,2062572,699.5,353.0,737.4,347.7,718.45,350.35,0,1,699.5,353.0
66,2178,2062573,699.3,352.9,737.1,348.7,718.2,350.8,0,1,699.3,352.9
66,2179,2062574,699.2,352.8,736.8,349.6,718.0,351.2,0,1,699.2,352.8
66,2180,2062575,699.1,352.7,736.6,350.7,717.85,351.7,0,1,699.1,352.7
66,2181,2062576,699.3,352.6,736.5,351.8,717.9,352.2,0,1,699.3,352.6
66,2182,2062577,699.5,352.7,736.5,352.7,718.0,352.7,0,1,699.5,352.7
66,2183,2062578,699.6,353.2,736.7,353.1,718.15,353.15,0,1,699.6,353.2
66,2184,2062579,699.7,354.0,737.2,353.4,718.45,353.7,0,1,699.7,354.0
66,2185,2062580,699.7,354.8,737.8,353.9,718.75,354.35,0,1,699.7,354.8
66,2186,2062581,699.7,355.6,738.4,354.4,719.05,355.0,0,1,699.7,355.6
66,2187,2062582,699.6,356.5,738.9,354.8,719.25,355.65,0,1,699.6,356.5
66,2188,2062583,699.5,357.5,739.3,355.0,719.4,356.25,0,1,699.5,357.5
66,2189,2062584,699.4,358.6,739.6,355.3,719.5,356.95,0,1,699.4,358.6
66,2190,2062585,699.2,359.2,739.7,355.6,719.45,357.4,0,1,699.2,359.2
66,2191,2062586,699.0,359.6,739.4,355.7,719.2,357.65,0,1,699.0,359.6
66,2192,2062587,698.8,360.0,739.1,355.8,718.95,357.9,0,1,698.8,360.0
66,2193,2062588,698.7,360.5,738.8,356.1,718.75,358.3,0,1,698.7,360.5
66,2194,2062589,698.7,360.7,738.4,356.8,718.55,358.75,0,1,698.7,360.7
66,2195,2062590,698.7,360.8,738.0,357.5,718.35,359.15,0,1,698.7,360.8
66,2196,2062591,698.8,360.9,737.7,358.2,718.25,359.55,0,1,698.8,360.9
66,2197,2062592,699.0,360.9,737.5,358.9,718.25,359.9,0,1,699.0,360.9
66,2198,2062593,699.2,361.0,737.5,359.4,718.35,360.2,0,1,699.2,361.0
66,2199,2062594,699.2,361.4,737.7,359.8,718.45,360.6,0,1,699.2,361.4
66,2200,2062595,699.2,361.7,737.8,360.1,718.5,360.9,0,1,699.2,361.7
67,2201,2062596,699.0,362.1,738.1,359.9,718.55,361.0,0,1,699.0,362.1
67,2202,2062597,698.7,362.6,738.4,359.8,718.55,361.2,0,1,698.7,362.6
67,2203,2062598,698.3,363.0,738.9,359.7,718.6,361.35,0,1,698.3,363.0
67,2204,2062599,697.9,363.4,739.3,359.7,718.6,361.55,0,1,697.9,363.4
67,2205,2062600,697.4,363.6,739.7,359.8,718.55,361.7,0,1,697.4,363.6
67,2206,2062601,697.0,363.7,739.9,360.0,718.45,361.85,0,1,697.0,363.7
67,2207,2062602,696.7,363.8,740.2,360.1,718.45,361.95,0,1,696.7,363.8
67,2208,2062603,696.7,364.1,740.7,360.3,718.7,362.2,0,1,696.7,364.1
67,2209,2062604,696.6,364.7,741.1,360.3,718.85,362.5,0,1,696.6,364.7
67,2210,2062605,696.6,365.2,741.6,360.3,719.1,362.75,0,1,696.6,365.2
67,2211,2062606,697.0,365.8,741.9,360.1,719.45,362.95,0,1,697.0,365.8
67,2212,2062607,697.4,365.7,742.3,359.9,719.85,362.8,0,1,697.4,365.7
67,2213,2062608,697.8,365.5,742.7,359.7,720.25,362.6,0,1,697.8,365.5
67,2214,2062609,698.3,365.2,742.9,359.4,720.6,362.3,0,1,698.3,365.2
67,2215,2062610,698.7,365.0,743.0,359.0,720.85,362.0,0,1,698.7,365.0
67,2216,2062611,699.1,364.5,742.9,358.3,721.0,361.4,0,1,699.1,364.5
67,2217,2062612,699.4,364.0,742.7,357.6,721.05,360.8,0,1,699.4,364.0
67,2218,2062613,699.2,363.5,742.5,357.1,720.85,360.3,0,1,699.2,363.5
67,2219,2062614,698.8,363.7,742.3,356.8,720.55,360.25,0,1,698.8,363.7
67,2220,2062615,698.3,364.1,742.0,356.6,720.15,360.35,0,1,698.3,364.1
67,2221,2062616,697.7,364.6,741.5,356.4,719.6,360.5,0,1,697.7,364.6
67,2222,2062617,697.2,364.9,741.1,356.3,719.15,360.6,0,1,697.2,364.9
67,2223,2062618,696.7,365.4,740.7,356.6,718.7,361.0,0,1,696.7,365.4
67,2224,2062619,696.2,365.8,740.3,356.9,718.25,361.35,0,1,696.2,365.8
67,2225,2062620,695.9,366.3,740.0,357.2,717.95,361.75,0,1,695.9,366.3
67,2226,2062621,695.7,366.8,739.7,357.3,717.7,362.05,0,1,695.7,366.8
67,2227,2062622,695.6,367.1,739.5,357.2,717.55,362.15,0,1,695.6,367.1
67,2228,2062623,695.5,367.2,739.5,357.2,717.5,362.2,0,1,695.5,367.2
67,2229,2062624,695.5,367.3,739.5,357.1,717.5,362.2,0,1,695.5,367.3
67,2230,2062625,695.5,367.3,739.6,357.0,717.55,362.15,0,1,695.5,367.3
67,2231,2062626,695.6,367.2,739.5,356.9,717.55,362.05,0,1,695.6,367.2
67,2232,2062627,695.7,367.0,739.5,356.7,717.6,361.85,0,1,695.7,367.0
67,2233,2062628,695.8,366.8,739.2,356.5,717.5,361.65,0,1,695.8,366.8
68,2234,2062629,695.9,366.6,738.9,356.2,717.4,361.4,0,1,695.9,366.6
68,2235,2062630,696.1,366.3,738.4,355.7,717.25,361.0,0,1,696.1,366.3
68,2236,2062631,696.1,366.0,738.0,355.1,717.05,360.55,0,1,696.1,366.0
68,2237,2062632,696.1,365.6,737.7,354.6,716.9,360.1,0,1,696.1,365.6
68,2238,2062633,696.1,365.2,737.4,354.0,716.75,359.6,0,1,696.1,365.2
68,2239,2062634,696.2,364.9,737.2,353.5,716.7,359.2,0,1,696.2,364.9
68,2240,2062635,696.2,364.6,737.2,352.9,716.7,358.75,0,1,696.2,364.6
68,2241,2062636,696.3,363.7,737.1,352.3,716.7,358.0,0,1,696.3,363.7
68,2242,2062637,696.5,362.8,737.3,351.8,716.9,357.3,0,1,696.5,362.8
68,2243,2062638,696.5,361.9,737.5,351.3,717.0,356.6,0,1,696.5,361.9
68,2244,2062639,696.5,360.9,737.7,350.9,717.1,355.9,0,1,696.5,360.9
68,2245,2062640,696.1,359.5,737.9,350.5,717.0,355.0,0,1,696.1,359.5
68,2246,2062641,695.8,358.1,738.1,350.0,716.95,354.05,0,1,695.8,358.1
68,2247,2062642,695.5,356.7,738.1,349.6,716.8,353.15,0,1,695.5,356.7
68,2248,2062643,695.4,356.0,737.8,349.3,716.6,352.65,0,1,695.4,356.0
68,2249,2062644,695.2,355.5,737.5,348.7,716.35,352.1,0,1,695.2,355.5
68,2250,2062645,695.2,354.9,737.3,347.3,716.25,351.1,0,1,695.2,354.9
68,2251,2062646,695.2,354.6,737.0,345.9,716.1,350.25,0,1,695.2,354.6
68,2252,2062647,695.5,354.6,736.7,344.0,716.1,349.3,0,1,695.5,354.6
68,2253,2062648,695.8,354.7,736.3,342.2,716.05,348.45,0,1,695.8,354.7
68,2254,2062649,696.1,354.8,736.1,340.3,716.1,347.55,0,1,696.1,354.8
68,2255,2062650,696.1,354.6,736.1,338.5,716.1,346.55,0,1,696.1,354.6
68,2256,2062651,696.3,354.3,736.1,337.1,716.2,345.7,0,1,696.3,354.3
68,2257,2062652,696.6,354.0,736.1,336.4,716.35,345.2,0,1,696.6,354.0
68,2258,2062653,696.9,353.8,735.9,335.8,716.4,344.8,0,1,696.9,353.8
68,2259,2062654,697.2,353.7,735.6,335.7,716.4,344.7,0,1,697.2,353.7
68,2260,2062655,697.6,353.6,735.4,335.6,716.5,344.6,0,1,697.6,353.6
68,2261,2062656,697.9,353.3,735.4,334.8,716.65,344.05,0,1,697.9,353.3
68,2262,2062657,698.2,353.1,735.2,334.0,716.7,343.55,0,1,698.2,353.1
68,2263,2062658,698.5,352.4,735.1,332.5,716.8,342.45,0,1,698.5,352.4
68,2264,2062659,698.6,351.8,734.9,331.0,716.75,341.4,0,1,698.6,351.8
68,2265,2062660,698.8,351.0,734.8,329.5,716.8,340.25,0,1,698.8,351.0
68,2266,2062661,699.1,350.2,734.7,328.2,716.9,339.2,0,1,699.1,350.2
69,2267,2062662,699.4,349.4,734.7,326.9,717.05,338.15,0,1,699.4,349.4
69,2268,2062663,699.6,348.9,734.2,326.6,716.9,337.75,0,1,699.6,348.9
69,2269,2062664,699.8,348.6,733.7,326.2,716.75,337.4,0,1,699.8,348.6
69,2270,2062665,699.9,348.7,733.4,326.6,716.65,337.65,0,1,699.9,348.7
69,2271,2062666,700.0,348.9,733.2,327.0,716.6,337.95,0,1,700.0,348.9
69,2272,2062667,700.1,348.9,733.0,327.4,716.55,338.15,0,1,700.1,348.9
69,2273,2062668,700.1,349.0,732.7,327.7,716.4,338.35,0,1,700.1,349.0
69,2274,2062669,700.1,348.9,732.4,328.0,716.25,338.45,0,1,700.1,348.9
69,2275,2062670,700.1,348.6,732.6,327.3,716.35,337.95,0,1,700.1,348.6
69,2276,2062671,700.2,348.2,732.7,326.6,716.45,337.4,0,1,700.2,348.2
69,2277,2062672,700.2,347.8,732.7,326.0,716.45,336.9,0,1,700.2,347.8
69,2278,2062673,700.3,347.6,732.6,325.5,716.45,336.55,0,1,700.3,347.6
69,2279,2062674,700.4,347.6,732.6,324.9,716.5,336.25,0,1,700.4,347.6
69,2280,2062675,700.5,347.6,732.7,324.2,716.6,335.9,0,1,700.5,347.6
69,2281,2062676,700.5,347.6,732.8,323.0,716.65,335.3,0,1,700.5,347.6
69,2282,2062677,700.6,347.3,732.9,322.6,716.75,334.95,0,1,700.6,347.3
69,2283,2062678,700.8,347.0,732.9,322.2,716.85,334.6,0,1,700.8,347.0
69,2284,2062679,701.1,346.4,733.0,321.8,717.05,334.1,0,1,701.1,346.4
69,2285,2062680,701.4,345.8,733.0,321.5,717.2,333.65,0,1,701.4,345.8
69,2286,2062681,701.6,345.2,733.1,322.0,717.35,333.6,0,1,701.6,345.2
69,2287,2062682,702.0,344.6,733.6,322.6,717.8,333.6,0,1,702.0,344.6
69,2288,2062683,702.4,344.1,734.6,323.8,718.5,333.95,0,1,702.4,344.1
69,2289,2062684,702.7,344.2,735.8,324.9,719.25,334.55,0,1,702.7,344.2
69,2290,2062685,702.9,344.5,737.1,326.0,720.0,335.25,0,1,702.9,344.5
69,2291,2062686,702.8,344.8,738.4,326.9,720.6,335.85,0,1,702.8,344.8
69,2292,2062687,702.6,345.1,739.7,327.6,721.15,336.35,0,1,702.6,345.1
69,2293,2062688,702.4,344.6,740.9,327.5,721.65,336.05,0,1,702.4,344.6
69,2294,2062689,702.2,344.1,741.6,327.4,721.9,335.75,0,1,702.2,344.1
69,2295,2062690,701.9,343.5,741.9,327.4,721.9,335.45,0,1,701.9,343.5
69,2296,2062691,701.7,343.1,742.0,327.3,721.85,335.2,0,1,701.7,343.1
69,2297,2062692,701.4,342.7,742.0,327.3,721.7,335.0,0,1,701.4,342.7
69,2298,2062693,701.4,342.4,742.0,327.1,721.7,334.75,0,1,701.4,342.4
69,2299,2062694,701.4,342.1,742.0,326.7,721.7,334.4,0,1,701.4,342.1
69,2300,2062695,701.2,342.7,742.0,326.3,721.6,334.5,0,1,701.2,342.7
70,2301,2062696,701.1,343.3,742.2,325.7,721.65,334.5,0,1,701.1,343.3
70,2302,2062697,701.0,343.9,742.4,325.0,721.7,334.45,0,1,701.0,343.9
70,2303,2062698,700.9,344.2,742.7,324.3,721.8,334.25,0,1,700.9,344.2
70,2304,2062699,700.8,344.1,743.4,323.8,722.1,333.95,0,1,700.8,344.1
70,2305,2062700,700.7,344.0,743.9,323.6,722.3,333.8,0,1,700.7,344.0
70,2306,2062701,700.5,343.8,744.6,323.6,722.55,333.7,0,1,700.5,343.8
70,2307,2062702,700.4,343.4,745.1,324.1,722.75,333.75,0,1,700.4,343.4
70,2308,2062703,700.4,341.9,745.5,325.1,722.95,333.5,0,1,700.4,341.9
70,2309,2062704,700.4,340.4,745.8,326.2,723.1,333.3,0,1,700.4,340.4
70,2310,2062705,700.3,339.0,746.0,327.2,723.15,333.1,0,1,700.3,339.0
70,2311,2062706,700.4,338.0,745.9,328.3,723.15,333.15,0,1,700.4,338.0
70,2312,2062707,700.7,336.9,745.6,328.6,723.15,332.75,0,1,700.7,336.9
70,2313,2062708,701.1,335.9,745.4,329.0,723.25,332.45,0,1,701.1,335.9
70,2314,2062709,701.6,335.2,745.2,329.2,723.4,332.2,0,1,701.6,335.2
70,2315,2062710,701.9,335.6,745.0,329.4,723.45,332.5,0,1,701.9,335.6
70,2316,2062711,702.2,336.1,744.7,330.5,723.45,333.3,0,1,702.2,336.1
70,2317,2062712,702.4,336.8,744.6,331.5,723.5,334.15,0,1,702.4,336.8
70,2318,2062713,702.2,337.3,745.0,332.3,723.6,334.8,0,1,702.2,337.3
70,2319,2062714,701.8,337.8,745.6,333.3,723.7,335.55,0,1,701.8,337.8
70,2320,2062715,701.4,338.3,746.1,334.4,723.75,336.35,0,1,701.4,338.3
70,2321,2062716,700.9,338.8,746.6,335.1,723.75,336.95,0,1,700.9,338.8
70,2322,2062717,700.6,339.1,747.2,335.2,723.9,337.15,0,1,700.6,339.1
70,2323,2062718,700.2,339.4,747.8,334.4,724.0,336.9,0,1,700.2,339.4
70,2324,2062719,700.2,339.5,748.3,333.8,724.25,336.65,0,1,700.2,339.5
70,2325,2062720,700.4,339.6,748.4,333.3,724.4,336.45,0,1,700.4,339.6
70,2326,2062721,700.7,339.6,748.5,332.9,724.6,336.25,0,1,700.7,339.6
70,2327,2062722,700.8,339.7,748.8,332.5,724.8,336.1,0,1,700.8,339.7
70,2328,2062723,700.9,339.8,749.6,332.0,725.25,335.9,0,1,700.9,339.8
70,2329,2062724,701.0,340.0,750.4,331.8,725.7,335.9,0,1,701.0,340.0
70,2330,2062725,701.0,340.2,751.0,331.4,726.0,335.8,0,1,701.0,340.2
70,2331,2062726,700.9,340.3,751.4,330.9,726.15,335.6,0,1,700.9,340.3
70,2332,2062727,700.7,340.3,751.7,330.3,726.2,335.3,0,1,700.7,340.3
70,2333,2062728,700.5,340.3,751.7,329.9,726.1,335.1,0,1,700.5,340.3
71,2334,2062729,700.4,340.3,751.5,329.8,725.95,335.05,0,1,700.4,340.3
71,2335,2062730,700.1,340.2,750.7,330.3,725.4,335.25,0,1,700.1,340.2
71,2336,2062731,699.8,340.1,750.0,330.8,724.9,335.45,0,1,699.8,340.1
71,2337,2062732,699.5,339.9,749.4,331.9,724.45,335.9,0,1,699.5,339.9
71,2338,2062733,699.3,339.6,749.1,332.8,724.2,336.2,0,1,699.3,339.6
71,2339,2062734,699.2,339.4,749.2,333.7,724.2,336.55,0,1,699.2,339.4
71,2340,2062735,699.0,339.3,749.4,334.5,724.2,336.9,0,1,699.0,339.3
71,2341,2062736,698.8,339.1,749.6,335.1,724.2,337.1,0,1,698.8,339.1
71,2342,2062737,698.3,338.8,750.1,335.3,724.2,337.05,0,1,698.3,338.8
71,2343,2062738,697.8,338.6,750.5,335.4,724.15,337.0,0,1,697.8,338.6
71,2344,2062739,697.3,338.5,750.8,335.3,724.05,336.9,0,1,697.3,338.5
71,2345,2062740,696.8,338.1,751.1,335.1,723.95,336.6,0,1,696.8,338.1
71,2346,2062741,696.4,337.4,751.1,334.7,723.75,336.05,0,1,696.4,337.4
71,2347,2062742,696.1,336.7,751.1,334.2,723.6,335.45,0,1,696.1,336.7
71,2348,2062743,695.8,336.1,751.1,333.5,723.45,334.8,0,1,695.8,336.1
71,2349,2062744,695.9,335.4,751.0,332.8,723.45,334.1,0,1,695.9,335.4
71,2350,2062745,696.0,334.8,751.1,332.1,723.55,333.45,0,1,696.0,334.8
71,2351,2062746,696.1,334.1,751.3,331.6,723.7,332.85,0,1,696.1,334.1
71,2352,2062747,696.2,333.7,751.5,331.3,723.85,332.5,0,1,696.2,333.7
71,2353,2062748,696.1,333.7,751.8,331.3,723.95,332.5,0,1,696.1,333.7
71,2354,2062749,696.0,333.7,752.0,331.2,724.0,332.45,0,1,696.0,333.7
71,2355,2062750,695.9,333.9,752.3,331.2,724.1,332.55,0,1,695.9,333.9
71,2356,2062751,695.9,334.1,752.7,330.9,724.3,332.5,0,1,695.9,334.1
71,2357,2062752,696.0,334.2,753.0,330.5,724.5,332.35,0,1,696.0,334.2
71,2358,2062753,696.0,334.3,753.1,330.1,724.55,332.2,0,1,696.0,334.3
71,2359,2062754,696.1,334.3,753.3,329.7,724.7,332.0,0,1,696.1,334.3
71,2360,2062755,696.1,334.2,753.4,329.5,724.75,331.85,0,1,696.1,334.2
71,2361,2062756,696.1,333.9,753.4,329.4,724.75,331.65,0,1,696.1,333.9
71,2362,2062757,696.1,333.8,752.9,329.7,724.5,331.75,0,1,696.1,333.8
71,2363,2062758,696.0,334.0,752.4,330.3,724.2,332.15,0,1,696.0,334.0
71,2364,2062759,695.9,334.2,751.9,330.7,723.9,332.45,0,1,695.9,334.2
71,2365,2062760,695.7,334.7,751.4,331.1,723.55,332.9,0,1,695.7,334.7
71,2366,2062761,695.6,335.2,751.4,331.2,723.5,333.2,0,1,695.6,335.2
72,2367,2062762,695.5,335.9,751.4,331.3,723.45,333.6,0,1,695.5,335.9
72,2368,2062763,695.4,336.6,751.4,331.4,723.4,334.0,0,1,695.4,336.6
72,2369,2062764,695.3,337.1,751.9,331.2,723.6,334.15,0,1,695.3,337.1
72,2370,2062765,695.3,337.4,752.3,331.2,723.8,334.3,0,1,695.3,337.4
72,2371,2062766,695.3,337.4,752.8,331.2,724.05,334.3,0,1,695.3,337.4
72,2372,2062767,695.3,337.3,753.3,331.2,724.3,334.25,0,1,695.3,337.3
72,2373,2062768,695.4,337.2,753.2,331.3,724.3,334.25,0,1,695.4,337.2
72,2374,2062769,695.4,337.1,753.3,331.0,724.35,334.05,0,1,695.4,337.1
72,2375,2062770,695.4,336.9,753.5,330.4,724.45,333.65,0,1,695.4,336.9
72,2376,2062771,695.4,336.6,753.6,329.6,724.5,333.1,0,1,695.4,336.6
72,2377,2062772,695.4,336.1,753.8,328.9,724.6,332.5,0,1,695.4,336.1
72,2378,2062773,695.3,335.7,754.0,328.2,724.65,331.95,0,1,695.3,335.7
72,2379,2062774,695.2,335.4,754.2,327.6,724.7,331.5,0,1,695.2,335.4
72,2380,2062775,695.1,335.0,754.3,327.0,724.7,331.0,0,1,695.1,335.0
72,2381,2062776,695.0,334.6,754.4,326.7,724.7,330.65,0,1,695.0,334.6
72,2382,2062777,694.9,334.4,754.6,326.8,724.75,330.6,0,1,694.9,334.4
72,2383,2062778,694.8,334.3,754.7,326.9,724.75,330.6,0,1,694.8,334.3
72,2384,2062779,694.8,334.7,754.7,327.3,724.75,331.0,0,1,694.8,334.7
72,2385,2062780,694.7,335.2,754.8,327.5,724.75,331.35,0,1,694.7,335.2
72,2386,2062781,694.9,335.6,754.9,327.5,724.9,331.55,0,1,694.9,335.6
72,2387,2062782,695.1,336.1,755.0,327.7,725.05,331.9,0,1,695.1,336.1
72,2388,2062783,695.3,336.6,755.1,327.9,725.2,332.25,0,1,695.3,336.6
72,2389,2062784,694.9,336.9,755.0,328.2,724.95,332.55,0,1,694.9,336.9
72,2390,2062785,694.6,336.5,755.0,328.5,724.8,332.5,0,1,694.6,336.5
72,2391,2062786,694.3,335.8,755.0,328.4,724.65,332.1,0,1,694.3,335.8
72,2392,2062787,693.9,335.3,754.9,328.3,724.4,331.8,0,1,693.9,335.3
72,2393,2062788,693.3,335.1,754.7,328.3,724.0,331.7,0,1,693.3,335.1
72,2394,2062789,692.6,335.0,754.6,328.3,723.6,331.65,0,1,692.6,335.0
72,2395,2062790,691.9,335.0,754.4,328.2,723.15,331.6,0,1,691.9,335.0
72,2396,2062791,691.8,335.4,754.3,328.0,723.05,331.7,0,1,691.8,335.4
72,2397,2062792,691.6,336.5,754.3,327.8,722.95,332.15,0,1,691.6,336.5
72,2398,2062793,691.5,337.6,754.3,327.6,722.9,332.6,0,1,691.5,337.6
72,2399,2062794,691.3,338.4,754.3,327.6,722.8,333.0,0,1,691.3,338.4
72,2400,2062795,691.3,339.1,754.4,327.0,722.85,333.05,0,1,691.3,339.1
73,2401,2062796,691.2,340.0,754.5,326.3,722.85,333.15,0,1,691.2,340.0
73,2402,2062797,691.2,340.8,754.6,325.5,722.9,333.15,0,1,691.2,340.8
73,2403,2062798,691.1,341.2,754.7,324.8,722.9,333.0,0,1,691.1,341.2
73,2404,2062799,691.1,341.7,754.9,324.2,723.0,332.95,0,1,691.1,341.7
73,2405,2062800,691.1,342.0,755.5,323.6,723.3,332.8,0,1,691.1,342.0
73,2406,2062801,691.3,342.1,756.4,323.1,723.85,332.6,0,1,691.3,342.1
73,2407,2062802,691.5,342.1,757.2,323.0,724.35,332.55,0,1,691.5,342.1
73,2408,2062803,691.7,341.8,758.2,322.8,724.95,332.3,0,1,691.7,341.8
73,2409,2062804,691.9,341.2,759.1,322.6,725.5,331.9,0,1,691.9,341.2
73,2410,2062805,692.2,340.7,759.9,322.4,726.05,331.55,0,1,692.2,340.7
73,2411,2062806,692.4,340.2,760.7,322.0,726.55,331.1,0,1,692.4,340.2
73,2412,2062807,692.8,339.7,761.0,321.6,726.9,330.65,0,1,692.8,339.7
73,2413,2062808,693.0,339.4,761.2,321.2,727.1,330.3,0,1,693.0,339.4
73,2414,2062809,693.2,339.1,761.4,321.1,727.3,330.1,0,1,693.2,339.1
73,2415,2062810,693.5,338.9,761.5,321.4,727.5,330.15,0,1,693.5,338.9
73,2416,2062811,693.7,338.9,761.3,321.8,727.5,330.35,0,1,693.7,338.9
73,2417,2062812,693.7,339.1,761.1,322.2,727.4,330.65,0,1,693.7,339.1
73,2418,2062813,693.8,339.3,761.0,322.6,727.4,330.95,0,1,693.8,339.3
73,2419,2062814,693.7,339.5,761.0,322.4,727.35,330.95,0,1,693.7,339.5
73,2420,2062815,693.6,340.5,761.2,322.2,727.4,331.35,0,1,693.6,340.5
73,2421,2062816,693.4,341.5,761.5,322.0,727.45,331.75,0,1,693.4,341.5
73,2422,2062817,693.3,342.4,761.7,322.1,727.5,332.25,0,1,693.3,342.4
73,2423,2062818,693.1,343.3,762.3,322.2,727.7,332.75,0,1,693.1,343.3
73,2424,2062819,692.9,344.1,762.9,322.3,727.9,333.2,0,1,692.9,344.1
73,2425,2062820,692.7,344.8,763.3,322.3,728.0,333.55,0,1,692.7,344.8
73,2426,2062821,692.5,345.5,763.5,323.0,728.0,334.25,0,1,692.5,345.5
73,2427,2062822,692.3,345.5,763.4,323.5,727.85,334.5,0,1,692.3,345.5
73,2428,2062823,692.1,345.4,763.3,323.9,727.7,334.65,0,1,692.1,345.4
73,2429,2062824,691.8,345.1,763.2,323.7,727.5,334.4,0,1,691.8,345.1
73,2430,2062825,691.6,344.7,763.1,323.5,727.35,334.1,0,1,691.6,344.7
73,2431,2062826,691.4,344.1,763.1,323.2,727.25,333.65,0,1,691.4,344.1
73,2432,2062827,691.3,343.0,763.1,323.0,727.2,333.0,0,1,691.3,343.0
73,2433,2062828,691.1,342.0,763.2,322.8,727.15,332.4,0,1,691.1,342.0
74,2434,2062829,691.0,340.9,763.2,322.8,727.1,331.85,0,1,691.0,340.9
74,2435,2062830,691.0,339.9,763.2,323.0,727.1,331.45,0,1,691.0,339.9
74,2436,2062831,690.9,339.2,763.2,323.3,727.05,331.25,0,1,690.9,339.2
74,2437,2062832,690.8,338.7,763.5,323.5,727.15,331.1,0,1,690.8,338.7
74,2438,2062833,690.9,338.4,763.7,323.9,727.3,331.15,0,1,690.9,338.4
74,2439,2062834,690.8,339.0,763.9,324.4,727.35,331.7,0,1,690.8,339.0
74,2440,2062835,690.7,339.8,764.1,324.8,727.4,332.3,0,1,690.7,339.8
74,2441,2062836,690.7,340.5,764.8,325.0,727.75,332.75,0,1,690.7,340.5
74,2442,2062837,690.5,341.2,765.5,325.1,728.0,333.15,0,1,690.5,341.2
74,2443,2062838,690.3,341.8,766.2,325.2,728.25,333.5,0,1,690.3,341.8
74,2444,2062839,690.2,342.4,766.7,325.3,728.45,333.85,0,1,690.2,342.4
74,2445,2062840,690.0,343.0,767.1,325.4,728.55,334.2,0,1,690.0,343.0
74,2446,2062841,689.9,343.5,767.6,325.3,728.75,334.4,0,1,689.9,343.5
74,2447,2062842,689.9,344.0,768.0,325.8,728.95,334.9,0,1,689.9,344.0
74,2448,2062843,689.8,344.4,767.9,326.5,728.85,335.45,0,1,689.8,344.4
74,2449,2062844,689.7,344.9,767.8,327.2,728.75,336.05,0,1,689.7,344.9
74,2450,2062845,689.7,345.6,767.6,328.2,728.65,336.9,0,1,689.7,345.6
74,2451,2062846,689.7,346.2,767.4,329.0,728.55,337.6,0,1,689.7,346.2
74,2452,2062847,689.7,346.7,767.3,329.9,728.5,338.3,0,1,689.7,346.7
74,2453,2062848,689.6,346.8,767.1,330.6,728.35,338.7,0,1,689.6,346.8
74,2454,2062849,689.6,346.9,767.0,331.0,728.3,338.95,0,1,689.6,346.9
74,2455,2062850,689.6,347.0,766.8,331.2,728.2,339.1,0,1,689.6,347.0
74,2456,2062851,689.7,347.1,766.6,331.5,728.15,339.3,0,1,689.7,347.1
74,2457,2062852,689.7,346.9,766.5,331.5,728.1,339.2,0,1,689.7,346.9
74,2458,2062853,689.7,346.8,766.3,331.5,728.0,339.15,0,1,689.7,346.8
74,2459,2062854,689.7,346.6,766.2,331.5,727.95,339.05,0,1,689.7,346.6
74,2460,2062855,689.6,346.2,766.1,331.6,727.85,338.9,0,1,689.6,346.2
74,2461,2062856,689.5,345.7,766.0,331.7,727.75,338.7,0,1,689.5,345.7
74,2462,2062857,689.3,345.3,766.0,331.7,727.65,338.5,0,1,689.3,345.3
74,2463,2062858,689.1,344.9,766.1,331.6,727.6,338.25,0,1,689.1,344.9
74,2464,2062859,688.8,344.6,766.2,331.4,727.5,338.0,0,1,688.8,344.6
74,2465,2062860,688.6,344.5,766.3,331.2,727.45,337.85,0,1,688.6,344.5
74,2466,2062861,688.4,344.4,766.4,331.0,727.4,337.7,0,1,688.4,344.4
75,2467,2062862,688.2,344.6,766.4,330.9,727.3,337.75,0,1,688.2,344.6
75,2468,2062863,688.2,344.7,766.5,330.8,727.35,337.75,0,1,688.2,344.7
75,2469,2062864,688.1,344.7,766.4,331.1,727.25,337.9,0,1,688.1,344.7
75,2470,2062865,688.1,344.5,766.2,331.3,727.15,337.9,0,1,688.1,344.5
75,2471,2062866,688.2,344.3,766.0,331.5,727.1,337.9,0,1,688.2,344.3
75,2472,2062867,688.3,344.0,765.8,331.8,727.05,337.9,0,1,688.3,344.0
75,2473,2062868,688.3,343.7,765.4,332.0,726.85,337.85,0,1,688.3,343.7
75,2474,2062869,688.4,343.4,765.1,332.1,726.75,337.75,0,1,688.4,343.4
75,2475,2062870,688.2,343.3,764.8,332.2,726.5,337.75,0,1,688.2,343.3
75,2476,2062871,688.0,343.4,764.6,332.2,726.3,337.8,0,1,688.0,343.4
75,2477,2062872,687.8,343.5,764.4,332.4,726.1,337.95,0,1,687.8,343.5
75,2478,2062873,687.6,343.6,764.3,332.7,725.95,338.15,0,1,687.6,343.6
75,2479,2062874,687.3,343.7,764.2,333.0,725.75,338.35,0,1,687.3,343.7
75,2480,2062875,686.9,343.8,764.2,333.4,725.55,338.6,0,1,686.9,343.8
75,2481,2062876,686.5,343.9,764.2,333.7,725.35,338.8,0,1,686.5,343.9
75,2482,2062877,686.3,343.7,764.2,334.1,725.25,338.9,0,1,686.3,343.7
75,2483,2062878,686.0,343.6,764.1,334.3,725.05,338.95,0,1,686.0,343.6
75,2484,2062879,685.8,343.6,764.0,334.3,724.9,338.95,0,1,685.8,343.6
75,2485,2062880,685.7,343.7,763.8,334.2,724.75,338.95,0,1,685.7,343.7
75,2486,2062881,685.7,343.8,763.5,334.1,724.6,338.95,0,1,685.7,343.8
75,2487,2062882,685.8,343.9,763.3,333.8,724.55,338.85,0,1,685.8,343.9
75,2488,2062883,685.9,344.1,762.9,333.7,724.4,338.9,0,1,685.9,344.1
75,2489,2062884,686.2,344.3,762.5,333.8,724.35,339.05,0,1,686.2,344.3
75,2490,2062885,686.6,344.5,761.8,333.9,724.2,339.2,0,1,686.6,344.5
75,2491,2062886,687.5,344.6,760.9,334.1,724.2,339.35,0,1,687.5,344.6
75,2492,2062887,688.4,344.3,760.1,334.7,724.25,339.5,0,1,688.4,344.3
75,2493,2062888,690.0,342.5,759.4,335.2,724.7,338.85,0,1,690.0,342.5
75,2494,2062889,692.2,340.3,758.8,335.9,725.5,338.1,0,1,692.2,340.3
75,2495,2062890,695.6,337.9,758.7,335.4,727.15,336.65,0,1,695.6,337.9
75,2496,2062891,699.5,335.4,759.3,334.5,729.4,334.95,0,1,699.5,335.4
75,2497,2062892,704.1,333.0,762.6,333.1,733.35,333.05,0,1,704.1,333.0
75,2498,2062893,710.5,328.5,768.0,329.5,739.25,329.0,0,1,710.5,328.5
75,2499,2062894,717.7,322.8,775.3,325.0,746.5,323.9,0,1,717.7,322.8
75,2500,2062895,725.5,318.1,784.4,320.3,754.95,319.2,0,1,725.5,318.1
76,2501,2062896,734.4,312.9,794.7,315.4,764.55,314.15,0,1,734.4,312.9
76,2502,2062897,743.8,308.0,805.0,310.9,774.4,309.45,0,1,743.8,308.0
76,2503,2062898,753.0,302.8,816.6,306.6,784.8,304.7,0,1,753.0,302.8
76,2504,2062899,763.0,296.6,826.7,301.9,794.85,299.25,0,1,763.0,296.6
76,2505,2062900,772.8,291.0,836.2,299.2,804.5,295.1,0,1,772.8,291.0
76,2506,2062901,782.4,286.9,844.8,294.9,813.6,290.9,0,1,782.4,286.9
76,2507,2062902,791.9,283.1,851.6,290.8,821.75,286.95,0,1,791.9,283.1
76,2508,2062903,800.0,279.9,857.1,286.9,828.55,283.4,0,1,800.0,279.9
76,2509,2062904,807.2,276.7,863.3,283.4,835.25,280.05,0,1,807.2,276.7
76,2510,2062905,815.7,273.9,867.4,279.9,841.55,276.9,0,1,815.7,273.9
76,2511,2062906,822.5,272.3,872.1,277.0,847.3,274.65,0,1,822.5,272.3
76,2512,2062907,828.0,272.6,876.1,274.5,852.05,273.55,0,1,828.0,272.6
76,2513,2062908,832.9,273.1,879.3,274.0,856.1,273.55,0,1,832.9,273.1
76,2514,2062909,836.4,273.9,883.4,273.5,859.9,273.7,0,1,836.4,273.9
76,2515,2062910,840.6,275.4,887.7,273.0,864.15,274.2,0,1,840.6,275.4
76,2516,2062911,844.5,277.3,891.5,272.6,868.0,274.95,0,1,844.5,277.3
76,2517,2062912,846.7,279.2,895.5,272.4,871.1,275.8,0,1,846.7,279.2
76,2518,2062913,848.8,280.9,898.2,272.2,873.5,276.55,0,1,848.8,280.9
76,2519,2062914,851.0,282.3,900.5,272.0,875.75,277.15,0,1,851.0,282.3
76,2520,2062915,853.3,283.6,903.1,271.9,878.2,277.75,0,1,853.3,283.6
76,2521,2062916,855.6,284.7,904.8,271.9,880.2,278.3,0,1,855.6,284.7
76,2522,2062917,857.1,285.5,906.2,272.0,881.65,278.75,0,1,857.1,285.5
76,2523,2062918,857.9,286.3,907.0,272.1,882.45,279.2,0,1,857.9,286.3
76,2524,2062919,858.7,287.8,907.6,272.2,883.15,280.0,0,1,858.7,287.8
76,2525,2062920,859.4,289.3,907.9,272.3,883.65,280.8,0,1,859.4,289.3
76,2526,2062921,858.5,290.6,907.5,272.3,883.0,281.45,0,1,858.5,290.6
76,2527,2062922,857.4,291.5,906.7,272.2,882.05,281.85,0,1,857.4,291.5
76,2528,2062923,856.2,292.3,905.9,272.0,881.05,282.15,0,1,856.2,292.3
76,2529,2062924,855.0,293.1,905.0,271.8,880.0,282.45,0,1,855.0,293.1
76,2530,2062925,853.9,293.6,903.6,271.6,878.75,282.6,0,1,853.9,293.6
76,2531,2062926,852.6,293.2,902.3,271.4,877.45,282.3,0,1,852.6,293.2
76,2532,2062927,850.9,292.7,901.0,271.2,875.95,281.95,0,1,850.9,292.7
76,2533,2062928,850.1,292.3,900.0,271.1,875.05,281.7,0,1,850.1,292.3
77,2534,2062929,849.4,292.4,899.2,271.3,874.3,281.85,0,1,849.4,292.4
77,2535,2062930,848.7,292.5,898.3,271.6,873.5,282.05,0,1,848.7,292.5
77,2536,2062931,847.9,292.9,897.3,272.6,872.6,282.75,0,1,847.9,292.9
77,2537,2062932,846.9,293.1,896.8,273.4,871.85,283.25,0,1,846.9,293.1
77,2538,2062933,845.9,293.4,896.3,274.4,871.1,283.9,0,1,845.9,293.4
77,2539,2062934,845.6,293.6,896.0,275.9,870.8,284.75,0,1,845.6,293.6
77,2540,2062935,845.4,293.8,895.8,277.4,870.6,285.6,0,1,845.4,293.8
77,2541,2062936,845.3,293.4,895.5,278.8,870.4,286.1,0,1,845.3,293.4
77,2542,2062937,845.2,293.0,895.2,280.0,870.2,286.5,0,1,845.2,293.0
77,2543,2062938,845.2,292.3,894.5,280.6,869.85,286.45,0,1,845.2,292.3
77,2544,2062939,845.4,291.8,893.8,281.2,869.6,286.5,0,1,845.4,291.8
77,2545,2062940,845.7,291.2,893.2,281.7,869.45,286.45,0,1,845.7,291.2
77,2546,2062941,845.9,290.8,892.6,281.1,869.25,285.95,0,1,845.9,290.8
77,2547,2062942,846.0,290.6,891.9,280.5,868.95,285.55,0,1,846.0,290.6
77,2548,2062943,846.1,290.8,891.3,279.9,868.7,285.35,0,1,846.1,290.8
77,2549,2062944,846.2,290.9,890.7,279.7,868.45,285.3,0,1,846.2,290.9
77,2550,2062945,846.4,291.0,890.6,279.6,868.5,285.3,0,1,846.4,291.0
77,2551,2062946,847.1,290.9,890.5,279.5,868.8,285.2,0,1,847.1,290.9
77,2552,2062947,847.7,290.8,890.4,280.0,869.05,285.4,0,1,847.7,290.8
77,2553,2062948,848.5,290.7,890.4,281.0,869.45,285.85,0,1,848.5,290.7
77,2554,2062949,849.3,290.4,890.3,282.1,869.8,286.25,0,1,849.3,290.4
77,2555,2062950,850.1,290.2,890.3,283.2,870.2,286.7,0,1,850.1,290.2
77,2556,2062951,850.7,290.1,890.2,283.8,870.45,286.95,0,1,850.7,290.1
77,2557,2062952,851.1,290.1,890.1,284.5,870.6,287.3,0,1,851.1,290.1
77,2558,2062953,851.1,290.1,890.1,285.2,870.6,287.65,0,1,851.1,290.1
77,2559,2062954,851.1,290.2,890.0,285.6,870.55,287.9,0,1,851.1,290.2
77,2560,2062955,851.0,290.2,889.8,286.0,870.4,288.1,0,1,851.0,290.2
77,2561,2062956,850.8,290.4,889.7,286.7,870.25,288.55,0,1,850.8,290.4
77,2562,2062957,850.6,290.6,889.5,287.5,870.05,289.05,0,1,850.6,290.6
77,2563,2062958,850.4,291.2,889.3,288.3,869.85,289.75,0,1,850.4,291.2
77,2564,2062959,850.2,291.7,889.0,289.3,869.6,290.5,0,1,850.2,291.7
77,2565,2062960,850.1,292.5,888.6,290.3,869.35,291.4,0,1,850.1,292.5
77,2566,2062961,850.1,293.3,888.3,291.1,869.2,292.2,0,1,850.1,293.3
78,2567,2062962,850.0,294.2,887.9,292.4,868.95,293.3,0,1,850.0,294.2
78,2568,2062963,850.0,294.9,887.6,293.3,868.8,294.1,0,1,850.0,294.9
78,2569,2062964,850.0,295.5,887.4,294.3,868.7,294.9,0,1,850.0,295.5
78,2570,2062965,850.1,295.7,887.2,295.4,868.65,295.55,0,1,850.1,295.7
78,2571,2062966,850.4,295.9,887.4,296.1,868.9,296.0,0,1,850.4,295.9
78,2572,2062967,850.8,296.2,887.6,297.7,869.2,296.95,0,1,850.8,296.2
78,2573,2062968,851.0,296.2,887.9,299.3,869.45,297.75,0,1,851.0,296.2
78,2574,2062969,851.4,297.2,888.1,300.3,869.75,298.75,0,1,851.4,297.2
78,2575,2062970,851.7,298.2,888.4,301.4,870.05,299.8,0,1,851.7,298.2
78,2576,2062971,852.1,299.2,888.5,302.3,870.3,300.75,0,1,852.1,299.2
78,2577,2062972,852.4,300.2,888.6,303.2,870.5,301.7,0,1,852.4,300.2
78,2578,2062973,852.6,301.2,888.5,304.2,870.55,302.7,0,1,852.6,301.2
78,2579,2062974,852.9,302.1,888.3,304.4,870.6,303.25,0,1,852.9,302.1
78,2580,2062975,853.0,303.0,888.0,304.8,870.5,303.9,0,1,853.0,303.0
78,2581,2062976,853.1,303.1,887.7,305.1,870.4,304.1,0,1,853.1,303.1
78,2582,2062977,852.8,303.9,887.4,305.3,870.1,304.6,0,1,852.8,303.9
78,2583,2062978,852.4,304.7,886.7,305.6,869.55,305.15,0,1,852.4,304.7
78,2584,2062979,852.1,305.6,886.0,305.7,869.05,305.65,0,1,852.1,305.6
78,2585,2062980,851.5,306.4,885.5,305.9,868.5,306.15,0,1,851.5,306.4
78,2586,2062981,851.0,307.2,885.0,305.9,868.0,306.55,0,1,851.0,307.2
78,2587,2062982,850.6,308.0,884.5,305.7,867.55,306.85,0,1,850.6,308.0
78,2588,2062983,850.1,308.8,884.2,305.6,867.15,307.2,0,1,850.1,308.8
78,2589,2062984,850.0,308.8,884.1,305.5,867.05,307.15,0,1,850.0,308.8
78,2590,2062985,849.9,308.6,884.4,305.2,867.15,306.9,0,1,849.9,308.6
78,2591,2062986,849.8,308.4,884.8,305.0,867.3,306.7,0,1,849.8,308.4
78,2592,2062987,849.9,308.2,885.3,304.8,867.6,306.5,0,1,849.9,308.2
78,2593,2062988,850.0,307.9,885.8,304.6,867.9,306.25,0,1,850.0,307.9
78,2594,2062989,850.0,307.9,886.4,304.9,868.2,306.4,0,1,850.0,307.9
78,2595,2062990,850.1,307.8,887.0,305.2,868.55,306.5,0,1,850.1,307.8
78,2596,2062991,850.2,307.7,887.2,305.6,868.7,306.65,0,1,850.2,307.7
78,2597,2062992,850.3,307.9,887.4,306.3,868.85,307.1,0,1,850.3,307.9
78,2598,2062993,850.3,308.4,887.4,307.2,868.85,307.8,0,1,850.3,308.4
78,2599,2062994,850.1,310.0,887.3,308.0,868.7,309.0,0,1,850.1,310.0
78,2600,2062995,849.9,311.5,887.3,308.8,868.6,310.15,0,1,849.9,311.5
79,2601,2062996,849.8,312.5,887.2,309.2,868.5,310.85,0,1,849.8,312.5
79,2602,2062997,849.7,313.6,887.1,309.6,868.4,311.6,0,1,849.7,313.6
79,2603,2062998,849.6,314.7,887.5,309.9,868.55,312.3,0,1,849.6,314.7
79,2604,2062999,849.4,315.6,888.0,310.0,868.7,312.8,0,1,849.4,315.6
79,2605,2063000,849.4,316.2,888.6,310.0,869.0,313.1,0,1,849.4,316.2
79,2606,2063001,849.5,315.6,889.3,309.9,869.4,312.75,0,1,849.5,315.6
79,2607,2063002,849.6,315.2,889.9,308.4,869.75,311.8,0,1,849.6,315.2
79,2608,2063003,849.8,314.7,890.6,306.9,870.2,310.8,0,1,849.8,314.7
79,2609,2063004,849.9,314.0,891.2,305.4,870.55,309.7,0,1,849.9,314.0
79,2610,2063005,850.1,313.3,891.4,304.5,870.75,308.9,0,1,850.1,313.3
79,2611,2063006,850.0,312.8,891.6,303.6,870.8,308.2,0,1,850.0,312.8
79,2612,2063007,849.9,312.4,891.7,302.8,870.8,307.6,0,1,849.9,312.4
79,2613,2063008,849.7,312.0,891.7,302.2,870.7,307.1,0,1,849.7,312.0
79,2614,2063009,849.6,311.8,891.6,303.0,870.6,307.4,0,1,849.6,311.8
79,2615,2063010,849.5,311.1,891.5,304.0,870.5,307.55,0,1,849.5,311.1
79,2616,2063011,849.3,310.7,891.3,304.9,870.3,307.8,0,1,849.3,310.7
79,2617,2063012,849.2,310.3,891.2,305.3,870.2,307.8,0,1,849.2,310.3
79,2618,2063013,849.2,309.9,891.0,305.7,870.1,307.8,0,1,849.2,309.9
79,2619,2063014,849.2,309.2,890.7,306.0,869.95,307.6,0,1,849.2,309.2
79,2620,2063015,849.3,308.7,890.4,306.3,869.85,307.5,0,1,849.3,308.7
79,2621,2063016,849.3,308.2,890.2,306.4,869.75,307.3,0,1,849.3,308.2
79,2622,2063017,849.4,308.4,889.9,306.5,869.65,307.45,0,1,849.4,308.4
79,2623,2063018,849.5,309.0,889.7,306.4,869.6,307.7,0,1,849.5,309.0
79,2624,2063019,849.6,309.7,889.3,306.3,869.45,308.0,0,1,849.6,309.7
79,2625,2063020,849.7,310.4,888.9,306.1,869.3,308.25,0,1,849.7,310.4
79,2626,2063021,849.7,311.4,888.9,305.7,869.3,308.55,0,1,849.7,311.4
79,2627,2063022,849.7,312.3,889.0,305.1,869.35,308.7,0,1,849.7,312.3
79,2628,2063023,849.4,313.2,889.4,304.4,869.4,308.8,0,1,849.4,313.2
79,2629,2063024,849.1,313.9,889.8,303.7,869.45,308.8,0,1,849.1,313.9
79,2630,2063025,848.8,314.7,890.3,303.9,869.55,309.3,0,1,848.8,314.7
79,2631,2063026,848.5,315.4,890.8,304.0,869.65,309.7,0,1,848.5,315.4
79,2632,2063027,848.3,316.1,891.2,304.2,869.75,310.15,0,1,848.3,316.1
79,2633,2063028,848.0,316.5,891.2,304.4,869.6,310.45,0,1,848.0,316.5
80,2634,2063029,847.9,316.8,891.1,304.9,869.5,310.85,0,1,847.9,316.8
80,2635,2063030,847.9,316.9,890.6,305.4,869.25,311.15,0,1,847.9,316.9
80,2636,2063031,848.0,316.5,890.1,306.0,869.05,311.25,0,1,848.0,316.5
80,2637,2063032,848.1,315.6,889.7,305.9,868.9,310.75,0,1,848.1,315.6
80,2638,2063033,848.0,314.8,889.3,305.9,868.65,310.35,0,1,848.0,314.8
80,2639,2063034,848.0,314.0,889.0,305.9,868.5,309.95,0,1,848.0,314.0
80,2640,2063035,847.9,313.1,888.9,306.2,868.4,309.65,0,1,847.9,313.1
80,2641,2063036,847.8,312.1,888.9,306.5,868.35,309.3,0,1,847.8,312.1
80,2642,2063037,847.6,311.1,889.0,306.8,868.3,308.95,0,1,847.6,311.1
80,2643,2063038,847.3,310.7,889.2,307.1,868.25,308.9,0,1,847.3,310.7
80,2644,2063039,847.1,310.2,889.5,307.4,868.3,308.8,0,1,847.1,310.2
80,2645,2063040,847.0,309.7,889.7,307.7,868.35,308.7,0,1,847.0,309.7
80,2646,2063041,847.0,309.3,890.0,307.9,868.5,308.6,0,1,847.0,309.3
80,2647,2063042,847.1,308.8,890.2,308.0,868.65,308.4,0,1,847.1,308.8
80,2648,2063043,847.2,308.1,890.3,308.0,868.75,308.05,0,1,847.2,308.1
80,2649,2063044,847.3,307.5,890.4,308.2,868.85,307.85,0,1,847.3,307.5
80,2650,2063045,847.5,306.9,890.4,308.4,868.95,307.65,0,1,847.5,306.9
80,2651,2063046,847.7,306.4,890.4,308.5,869.05,307.45,0,1,847.7,306.4
80,2652,2063047,847.8,305.8,890.3,308.6,869.05,307.2,0,1,847.8,305.8
80,2653,2063048,847.8,305.9,890.3,308.8,869.05,307.35,0,1,847.8,305.9
80,2654,2063049,847.9,306.0,890.2,308.9,869.05,307.45,0,1,847.9,306.0
80,2655,2063050,847.9,306.6,890.2,309.2,869.05,307.9,0,1,847.9,306.6
80,2656,2063051,847.9,307.1,890.7,309.2,869.3,308.15,0,1,847.9,307.1
80,2657,2063052,847.8,307.4,891.2,309.1,869.5,308.25,0,1,847.8,307.4
80,2658,2063053,847.7,307.8,891.7,308.7,869.7,308.25,0,1,847.7,307.8
80,2659,2063054,847.7,308.1,892.2,308.4,869.95,308.25,0,1,847.7,308.1
80,2660,2063055,847.6,307.6,892.5,308.2,870.05,307.9,0,1,847.6,307.6
80,2661,2063056,847.6,307.1,892.5,308.4,870.05,307.75,0,1,847.6,307.1
80,2662,2063057,847.7,306.1,892.6,308.6,870.15,307.35,0,1,847.7,306.1
80,2663,2063058,847.9,305.3,892.1,308.9,870.0,307.1,0,1,847.9,305.3
80,2664,2063059,848.1,304.6,891.4,309.2,869.75,306.9,0,1,848.1,304.6
80,2665,2063060,848.3,304.1,890.8,309.7,869.55,306.9,0,1,848.3,304.1
80,2666,2063061,848.5,303.6,890.1,309.8,869.3,306.7,0,1,848.5,303.6
81,2667,2063062,848.7,303.2,889.7,309.9,869.2,306.55,0,1,848.7,303.2
81,2668,2063063,848.8,302.9,889.6,309.4,869.2,306.15,0,1,848.8,302.9
81,2669,2063064,848.9,303.1,889.5,309.0,869.2,306.05,0,1,848.9,303.1
81,2670,2063065,848.9,303.3,889.4,308.6,869.15,305.95,0,1,848.9,303.3
81,2671,2063066,849.0,303.4,889.5,308.2,869.25,305.8,0,1,849.0,303.4
81,2672,2063067,849.0,303.5,889.6,308.0,869.3,305.75,0,1,849.0,303.5
81,2673,2063068,849.0,303.4,889.8,308.0,869.4,305.7,0,1,849.0,303.4
81,2674,2063069,848.9,303.3,889.9,308.3,869.4,305.8,0,1,848.9,303.3
81,2675,2063070,848.9,303.0,889.9,308.7,869.4,305.85,0,1,848.9,303.0
81,2676,2063071,848.7,302.6,889.9,309.0,869.3,305.8,0,1,848.7,302.6
81,2677,2063072,848.5,302.2,890.0,309.4,869.25,305.8,0,1,848.5,302.2
81,2678,2063073,848.2,301.7,890.0,309.8,869.1,305.75,0,1,848.2,301.7
81,2679,2063074,847.8,301.2,890.1,310.2,868.95,305.7,0,1,847.8,301.2
81,2680,2063075,847.4,301.0,890.1,310.5,868.75,305.75,0,1,847.4,301.0
81,2681,2063076,846.9,301.3,890.3,310.4,868.6,305.85,0,1,846.9,301.3
81,2682,2063077,846.6,301.7,890.4,310.1,868.5,305.9,0,1,846.6,301.7
81,2683,2063078,846.5,302.3,890.5,309.7,868.5,306.0,0,1,846.5,302.3
81,2684,2063079,846.4,302.9,890.7,309.1,868.55,306.0,0,1,846.4,302.9
81,2685,2063080,846.5,303.5,890.8,308.5,868.65,306.0,0,1,846.5,303.5
81,2686,2063081,846.5,304.2,890.9,307.9,868.7,306.05,0,1,846.5,304.2
81,2687,2063082,846.8,304.7,890.9,307.4,868.85,306.05,0,1,846.8,304.7
81,2688,2063083,847.0,304.8,890.8,307.1,868.9,305.95,0,1,847.0,304.8
81,2689,2063084,847.2,304.8,890.7,307.4,868.95,306.1,0,1,847.2,304.8
81,2690,2063085,847.2,304.8,890.5,307.6,868.85,306.2,0,1,847.2,304.8
81,2691,2063086,847.1,304.8,890.4,308.1,868.75,306.45,0,1,847.1,304.8
81,2692,2063087,846.8,304.7,890.2,308.5,868.5,306.6,0,1,846.8,304.7
81,2693,2063088,846.5,304.4,890.1,308.8,868.3,306.6,0,1,846.5,304.4
81,2694,2063089,846.2,304.0,889.9,309.2,868.05,306.6,0,1,846.2,304.0
81,2695,2063090,845.9,303.5,889.9,309.0,867.9,306.25,0,1,845.9,303.5
81,2696,2063091,845.6,303.1,889.8,308.8,867.7,305.95,0,1,845.6,303.1
81,2697,2063092,845.3,302.7,889.7,308.7,867.5,305.7,0,1,845.3,302.7
81,2698,2063093,845.3,302.2,889.6,308.7,867.45,305.45,0,1,845.3,302.2
81,2699,2063094,845.6,301.9,889.7,308.9,867.65,305.4,0,1,845.6,301.9
81,2700,2063095,845.9,301.6,889.7,309.0,867.8,305.3,0,1,845.9,301.6
82,2701,2063096,846.3,301.4,889.6,309.3,867.95,305.35,0,1,846.3,301.4
82,2702,2063097,846.6,301.1,889.5,310.1,868.05,305.6,0,1,846.6,301.1
82,2703,2063098,846.9,300.9,889.3,310.7,868.1,305.8,0,1,846.9,300.9
82,2704,2063099,847.3,300.7,889.2,311.1,868.25,305.9,0,1,847.3,300.7
82,2705,2063100,847.3,300.7,889.0,311.3,868.15,306.0,0,1,847.3,300.7
82,2706,2063101,847.3,300.9,888.8,311.5,868.05,306.2,0,1,847.3,300.9
82,2707,2063102,847.3,301.1,888.7,311.6,868.0,306.35,0,1,847.3,301.1
82,2708,2063103,847.1,301.7,888.6,311.6,867.85,306.65,0,1,847.1,301.7
82,2709,2063104,847.0,302.3,888.7,311.1,867.85,306.7,0,1,847.0,302.3
82,2710,2063105,846.9,303.0,888.8,310.7,867.85,306.85,0,1,846.9,303.0
82,2711,2063106,846.7,303.8,888.9,310.3,867.8,307.05,0,1,846.7,303.8
82,2712,2063107,846.6,304.4,889.0,310.2,867.8,307.3,0,1,846.6,304.4
82,2713,2063108,846.5,305.0,889.1,310.0,867.8,307.5,0,1,846.5,305.0
82,2714,2063109,846.4,305.5,889.2,309.9,867.8,307.7,0,1,846.4,305.5
82,2715,2063110,846.2,305.8,889.2,309.8,867.7,307.8,0,1,846.2,305.8
82,2716,2063111,845.6,306.1,889.2,310.0,867.4,308.05,0,1,845.6,306.1
82,2717,2063112,845.0,306.4,889.2,310.2,867.1,308.3,0,1,845.0,306.4
82,2718,2063113,844.5,305.8,889.0,310.4,866.75,308.1,0,1,844.5,305.8
82,2719,2063114,844.1,305.0,888.9,310.5,866.5,307.75,0,1,844.1,305.0
82,2720,2063115,843.9,304.2,888.7,310.6,866.3,307.4,0,1,843.9,304.2
82,2721,2063116,843.8,303.3,888.3,310.7,866.05,307.0,0,1,843.8,303.3
82,2722,2063117,843.7,302.6,888.0,310.9,865.85,306.75,0,1,843.7,302.6
82,2723,2063118,844.1,302.0,887.7,311.2,865.9,306.6,0,1,844.1,302.0
82,2724,2063119,844.6,301.8,887.5,311.4,866.05,306.6,0,1,844.6,301.8
82,2725,2063120,845.0,302.4,887.2,311.6,866.1,307.0,0,1,845.0,302.4
82,2726,2063121,845.4,303.0,886.9,312.0,866.15,307.5,0,1,845.4,303.0
82,2727,2063122,845.7,303.6,886.6,312.4,866.15,308.0,0,1,845.7,303.6
82,2728,2063123,846.1,304.2,886.5,312.8,866.3,308.5,0,1,846.1,304.2
82,2729,2063124,846.4,304.6,886.3,313.3,866.35,308.95,0,1,846.4,304.6
82,2730,2063125,846.7,304.8,886.1,313.9,866.4,309.35,0,1,846.7,304.8
82,2731,2063126,847.0,304.6,885.9,314.5,866.45,309.55,0,1,847.0,304.6
82,2732,2063127,847.1,304.3,886.2,315.0,866.65,309.65,0,1,847.1,304.3
82,2733,2063128,847.1,304.1,886.7,315.4,866.9,309.75,0,1,847.1,304.1
83,2734,2063129,847.1,304.0,887.1,315.7,867.1,309.85,0,1,847.1,304.0
83,2735,2063130,846.9,303.9,887.6,316.0,867.25,309.95,0,1,846.9,303.9
83,2736,2063131,846.6,303.8,887.9,316.2,867.25,310.0,0,1,846.6,303.8
83,2737,2063132,846.2,303.9,888.3,316.4,867.25,310.15,0,1,846.2,303.9
83,2738,2063133,845.9,303.9,888.6,316.5,867.25,310.2,0,1,845.9,303.9
83,2739,2063134,845.7,304.0,888.4,316.8,867.05,310.4,0,1,845.7,304.0
83,2740,2063135,845.4,304.2,887.8,317.1,866.6,310.65,0,1,845.4,304.2
83,2741,2063136,845.3,304.4,887.1,317.4,866.2,310.9,0,1,845.3,304.4
83,2742,2063137,845.1,304.5,886.6,317.6,865.85,311.05,0,1,845.1,304.5
83,2743,2063138,845.2,304.5,886.0,317.8,865.6,311.15,0,1,845.2,304.5
83,2744,2063139,845.4,304.5,885.6,318.2,865.5,311.35,0,1,845.4,304.5
83,2745,2063140,845.5,304.5,885.3,318.6,865.4,311.55,0,1,845.5,304.5
83,2746,2063141,845.6,304.1,885.1,319.0,865.35,311.55,0,1,845.6,304.1
83,2747,2063142,845.7,303.8,885.2,319.4,865.45,311.6,0,1,845.7,303.8
83,2748,2063143,845.7,303.5,885.4,319.8,865.55,311.65,0,1,845.7,303.5
83,2749,2063144,845.6,303.6,885.4,320.3,865.5,311.95,0,1,845.6,303.6
83,2750,2063145,845.4,303.9,885.5,320.8,865.45,312.35,0,1,845.4,303.9
83,2751,2063146,845.4,304.1,885.6,321.2,865.5,312.65,0,1,845.4,304.1
83,2752,2063147,845.4,304.4,885.3,321.3,865.35,312.85,0,1,845.4,304.4
83,2753,2063148,845.3,304.9,885.0,321.4,865.15,313.15,0,1,845.3,304.9
83,2754,2063149,845.3,305.4,884.7,321.3,865.0,313.35,0,1,845.3,305.4
83,2755,2063150,845.2,305.7,884.5,320.7,864.85,313.2,0,1,845.2,305.7
83,2756,2063151,845.3,305.8,884.3,320.2,864.8,313.0,0,1,845.3,305.8
83,2757,2063152,845.4,305.4,884.1,319.6,864.75,312.5,0,1,845.4,305.4
83,2758,2063153,845.5,305.0,883.8,318.9,864.65,311.95,0,1,845.5,305.0
83,2759,2063154,845.5,304.6,883.6,318.3,864.55,311.45,0,1,845.5,304.6
83,2760,2063155,845.5,304.6,883.5,318.0,864.5,311.3,0,1,845.5,304.6
83,2761,2063156,845.6,304.6,883.4,317.7,864.5,311.15,0,1,845.6,304.6
83,2762,2063157,845.8,304.7,883.2,317.7,864.5,311.2,0,1,845.8,304.7
83,2763,2063158,846.2,304.7,883.0,317.6,864.6,311.15,0,1,846.2,304.7
83,2764,2063159,846.6,305.3,882.8,317.5,864.7,311.4,0,1,846.6,305.3
83,2765,2063160,846.9,305.8,882.6,317.5,864.75,311.65,0,1,846.9,305.8
83,2766,2063161,847.2,306.2,882.5,317.4,864.85,311.8,0,1,847.2,306.2
84,2767,2063162,847.4,306.0,882.3,317.2,864.85,311.6,0,1,847.4,306.0
84,2768,2063163,847.2,305.8,882.2,317.1,864.7,311.45,0,1,847.2,305.8
84,2769,2063164,846.9,305.5,882.2,317.2,864.55,311.35,0,1,846.9,305.5
84,2770,2063165,846.4,305.1,882.2,317.3,864.3,311.2,0,1,846.4,305.1
84,2771,2063166,846.0,304.7,882.2,317.3,864.1,311.0,0,1,846.0,304.7
84,2772,2063167,845.6,304.2,882.2,317.2,863.9,310.7,0,1,845.6,304.2
84,2773,2063168,845.3,303.6,882.3,317.2,863.8,310.4,0,1,845.3,303.6
84,2774,2063169,845.1,303.4,882.4,317.0,863.75,310.2,0,1,845.1,303.4
84,2775,2063170,845.2,303.3,882.5,316.8,863.85,310.05,0,1,845.2,303.3
84,2776,2063171,845.4,303.4,882.8,316.5,864.1,309.95,0,1,845.4,303.4
84,2777,2063172,845.6,303.6,883.0,316.3,864.3,309.95,0,1,845.6,303.6
84,2778,2063173,845.7,303.8,883.3,316.2,864.5,310.0,0,1,845.7,303.8
84,2779,2063174,845.8,304.1,883.6,316.2,864.7,310.15,0,1,845.8,304.1
84,2780,2063175,845.9,304.4,883.9,316.3,864.9,310.35,0,1,845.9,304.4
84,2781,2063176,846.1,304.7,884.0,316.5,865.05,310.6,0,1,846.1,304.7
84,2782,2063177,846.2,304.9,884.1,316.8,865.15,310.85,0,1,846.2,304.9
84,2783,2063178,846.3,304.9,884.1,317.1,865.2,311.0,0,1,846.3,304.9
84,2784,2063179,846.4,304.9,884.1,317.2,865.25,311.05,0,1,846.4,304.9
84,2785,2063180,846.5,305.0,884.1,317.2,865.3,311.1,0,1,846.5,305.0
84,2786,2063181,846.6,305.1,884.1,317.3,865.35,311.2,0,1,846.6,305.1
84,2787,2063182,846.7,305.2,884.1,317.3,865.4,311.25,0,1,846.7,305.2
84,2788,2063183,846.9,305.4,884.2,317.2,865.55,311.3,0,1,846.9,305.4
84,2789,2063184,847.0,305.4,884.3,317.0,865.65,311.2,0,1,847.0,305.4
84,2790,2063185,847.0,305.3,884.5,317.4,865.75,311.35,0,1,847.0,305.3
84,2791,2063186,847.1,305.2,884.6,317.9,865.85,311.55,0,1,847.1,305.2
84,2792,2063187,847.2,305.0,884.6,318.5,865.9,311.75,0,1,847.2,305.0
84,2793,2063188,847.3,304.6,884.4,319.4,865.85,312.0,0,1,847.3,304.6
84,2794,2063189,847.3,304.2,884.2,320.3,865.75,312.25,0,1,847.3,304.2
84,2795,2063190,847.3,303.8,884.0,321.0,865.65,312.4,0,1,847.3,303.8
84,2796,2063191,847.4,303.4,883.8,321.3,865.6,312.35,0,1,847.4,303.4
84,2797,2063192,847.5,303.2,883.5,321.2,865.5,312.2,0,1,847.5,303.2
84,2798,2063193,847.8,302.9,883.3,321.0,865.55,311.95,0,1,847.8,302.9
84,2799,2063194,848.0,302.7,883.1,320.9,865.55,311.8,0,1,848.0,302.7
84,2800,2063195,848.4,302.6,883.2,320.4,865.8,311.5,0,1,848.4,302.6
85,2801,2063196,848.6,302.6,883.3,319.9,865.95,311.25,0,1,848.6,302.6
85,2802,2063197,848.9,302.7,883.3,319.5,866.1,311.1,0,1,848.9,302.7
85,2803,2063198,849.2,303.1,883.5,319.5,866.35,311.3,0,1,849.2,303.1
85,2804,2063199,849.3,303.5,883.7,319.6,866.5,311.55,0,1,849.3,303.5
85,2805,2063200,849.1,303.9,884.1,319.7,866.6,311.8,0,1,849.1,303.9
85,2806,2063201,849.0,304.4,884.6,319.9,866.8,312.15,0,1,849.0,304.4
85,2807,2063202,848.8,304.8,885.1,319.6,866.95,312.2,0,1,848.8,304.8
85,2808,2063203,848.6,305.1,885.6,319.2,867.1,312.15,0,1,848.6,305.1
85,2809,2063204,848.5,305.4,886.0,318.9,867.25,312.15,0,1,848.5,305.4
85,2810,2063205,848.4,305.7,886.4,318.5,867.4,312.1,0,1,848.4,305.7
85,2811,2063206,848.5,305.9,886.8,318.0,867.65,311.95,0,1,848.5,305.9
85,2812,2063207,848.6,306.2,886.8,317.6,867.7,311.9,0,1,848.6,306.2
85,2813,2063208,848.8,306.6,886.8,317.1,867.8,311.85,0,1,848.8,306.6
85,2814,2063209,848.9,307.0,886.6,317.0,867.75,312.0,0,1,848.9,307.0
85,2815,2063210,849.0,307.4,886.5,316.9,867.75,312.15,0,1,849.0,307.4
85,2816,2063211,849.0,307.8,886.4,316.8,867.7,312.3,0,1,849.0,307.8
85,2817,2063212,848.8,307.1,886.4,317.0,867.6,312.05,0,1,848.8,307.1
85,2818,2063213,848.7,306.4,886.7,317.6,867.7,312.0,0,1,848.7,306.4
85,2819,2063214,848.6,305.8,887.0,318.2,867.8,312.0,0,1,848.6,305.8
85,2820,2063215,848.6,305.2,887.4,318.7,868.0,311.95,0,1,848.6,305.2
85,2821,2063216,848.6,304.9,888.3,319.2,868.45,312.05,0,1,848.6,304.9
85,2822,2063217,848.5,304.6,889.2,319.1,868.85,311.85,0,1,848.5,304.6
85,2823,2063218,848.7,304.3,890.0,319.0,869.35,311.65,0,1,848.7,304.3
85,2824,2063219,848.8,304.7,890.5,318.3,869.65,311.5,0,1,848.8,304.7
85,2825,2063220,849.0,305.1,890.8,317.1,869.9,311.1,0,1,849.0,305.1
85,2826,2063221,849.2,305.7,890.9,315.9,870.05,310.8,0,1,849.2,305.7
85,2827,2063222,849.4,306.2,890.9,314.9,870.15,310.55,0,1,849.4,306.2
85,2828,2063223,849.6,306.5,890.8,314.0,870.2,310.25,0,1,849.6,306.5
85,2829,2063224,849.9,306.9,890.7,313.7,870.3,310.3,0,1,849.9,306.9
85,2830,2063225,850.2,307.5,890.6,313.5,870.4,310.5,0,1,850.2,307.5
85,2831,2063226,850.5,308.5,890.7,313.6,870.6,311.05,0,1,850.5,308.5
85,2832,2063227,850.7,309.4,890.8,313.7,870.75,311.55,0,1,850.7,309.4
85,2833,2063228,850.8,310.2,890.8,313.9,870.8,312.05,0,1,850.8,310.2
86,2834,2063229,850.9,311.1,890.8,314.1,870.85,312.6,0,1,850.9,311.1
86,2835,2063230,850.9,312.0,890.6,314.4,870.75,313.2,0,1,850.9,312.0
86,2836,2063231,851.2,312.8,890.3,314.8,870.75,313.8,0,1,851.2,312.8
86,2837,2063232,851.5,313.2,890.2,315.1,870.85,314.15,0,1,851.5,313.2
86,2838,2063233,851.8,313.4,890.2,315.3,871.0,314.35,0,1,851.8,313.4
86,2839,2063234,852.1,313.6,890.5,315.2,871.3,314.4,0,1,852.1,313.6
86,2840,2063235,852.3,313.5,890.8,315.0,871.55,314.25,0,1,852.3,313.5
86,2841,2063236,852.4,313.2,891.3,314.7,871.85,313.95,0,1,852.4,313.2
86,2842,2063237,852.5,313.0,891.7,314.3,872.1,313.65,0,1,852.5,313.0
86,2843,2063238,852.4,312.7,892.2,313.7,872.3,313.2,0,1,852.4,312.7
86,2844,2063239,852.2,312.8,892.5,313.3,872.35,313.05,0,1,852.2,312.8
86,2845,2063240,852.1,312.9,892.6,313.0,872.35,312.95,0,1,852.1,312.9
86,2846,2063241,852.0,313.0,892.5,313.0,872.25,313.0,0,1,852.0,313.0
86,2847,2063242,852.0,313.2,892.3,313.1,872.15,313.15,0,1,852.0,313.2
86,2848,2063243,852.2,313.4,892.1,313.2,872.15,313.3,0,1,852.2,313.4
86,2849,2063244,852.4,313.6,891.9,313.2,872.15,313.4,0,1,852.4,313.6
86,2850,2063245,852.4,313.7,891.7,312.9,872.05,313.3,0,1,852.4,313.7
86,2851,2063246,852.5,313.5,891.6,312.6,872.05,313.05,0,1,852.5,313.5
86,2852,2063247,852.6,313.3,891.5,312.1,872.05,312.7,0,1,852.6,313.3
86,2853,2063248,852.7,313.2,891.4,311.3,872.05,312.25,0,1,852.7,313.2
86,2854,2063249,852.8,313.0,891.4,310.4,872.1,311.7,0,1,852.8,313.0
86,2855,2063250,852.8,313.9,891.5,309.3,872.15,311.6,0,1,852.8,313.9
86,2856,2063251,852.7,314.7,891.8,308.6,872.25,311.65,0,1,852.7,314.7
86,2857,2063252,852.7,315.3,892.0,308.0,872.35,311.65,0,1,852.7,315.3
86,2858,2063253,852.7,315.9,892.2,307.5,872.45,311.7,0,1,852.7,315.9
86,2859,2063254,852.7,316.5,892.4,307.0,872.55,311.75,0,1,852.7,316.5
86,2860,2063255,852.5,316.8,892.3,306.8,872.4,311.8,0,1,852.5,316.8
86,2861,2063256,852.3,317.0,892.0,306.7,872.15,311.85,0,1,852.3,317.0
86,2862,2063257,852.2,316.3,891.6,306.6,871.9,311.45,0,1,852.2,316.3
86,2863,2063258,852.1,315.7,891.2,306.7,871.65,311.2,0,1,852.1,315.7
86,2864,2063259,852.0,315.1,890.8,307.2,871.4,311.15,0,1,852.0,315.1
86,2865,2063260,851.8,314.6,890.4,307.6,871.1,311.1,0,1,851.8,314.6
86,2866,2063261,851.7,314.4,890.1,308.1,870.9,311.25,0,1,851.7,314.4
87,2867,2063262,851.7,314.6,890.0,308.7,870.85,311.65,0,1,851.7,314.6
87,2868,2063263,851.6,315.5,890.1,309.2,870.85,312.35,0,1,851.6,315.5
87,2869,2063264,851.6,316.4,890.1,309.7,870.85,313.05,0,1,851.6,316.4
87,2870,2063265,851.9,317.3,890.0,309.7,870.95,313.5,0,1,851.9,317.3
87,2871,2063266,852.2,318.3,889.9,309.3,871.05,313.8,0,1,852.2,318.3
87,2872,2063267,852.5,319.3,889.8,308.9,871.15,314.1,0,1,852.5,319.3
87,2873,2063268,852.8,320.1,889.7,308.4,871.25,314.25,0,1,852.8,320.1
87,2874,2063269,853.3,320.8,889.7,308.0,871.5,314.4,0,1,853.3,320.8
87,2875,2063270,853.7,320.8,889.6,307.6,871.65,314.2,0,1,853.7,320.8
87,2876,2063271,854.0,320.8,889.5,307.4,871.75,314.1,0,1,854.0,320.8
87,2877,2063272,854.0,320.7,889.1,307.4,871.55,314.05,0,1,854.0,320.7
87,2878,2063273,854.0,320.5,888.7,307.6,871.35,314.05,0,1,854.0,320.5
87,2879,2063274,853.9,320.3,888.4,307.9,871.15,314.1,0,1,853.9,320.3
87,2880,2063275,853.8,320.1,888.2,308.2,871.0,314.15,0,1,853.8,320.1
87,2881,2063276,853.7,319.8,888.0,308.0,870.85,313.9,0,1,853.7,319.8
87,2882,2063277,853.5,319.5,888.0,307.8,870.75,313.65,0,1,853.5,319.5
87,2883,2063278,853.4,319.4,888.1,307.4,870.75,313.4,0,1,853.4,319.4
87,2884,2063279,853.5,319.5,888.4,306.8,870.95,313.15,0,1,853.5,319.5
87,2885,2063280,853.6,319.8,888.4,306.2,871.0,313.0,0,1,853.6,319.8
87,2886,2063281,853.8,319.9,888.3,305.6,871.05,312.75,0,1,853.8,319.9
87,2887,2063282,854.0,319.8,888.1,305.1,871.05,312.45,0,1,854.0,319.8
87,2888,2063283,854.2,319.8,887.7,305.1,870.95,312.45,0,1,854.2,319.8
87,2889,2063284,854.3,319.8,887.3,305.2,870.8,312.5,0,1,854.3,319.8
87,2890,2063285,854.5,319.8,886.8,305.5,870.65,312.65,0,1,854.5,319.8
87,2891,2063286,854.5,319.6,886.6,305.8,870.55,312.7,0,1,854.5,319.6
87,2892,2063287,854.5,319.8,886.7,306.7,870.6,313.25,0,1,854.5,319.8
87,2893,2063288,854.4,320.1,886.7,307.4,870.55,313.75,0,1,854.4,320.1
87,2894,2063289,854.3,320.6,887.1,308.0,870.7,314.3,0,1,854.3,320.6
87,2895,2063290,854.2,321.2,887.5,307.5,870.85,314.35,0,1,854.2,321.2
87,2896,2063291,854.2,321.7,888.0,307.0,871.1,314.35,0,1,854.2,321.7
87,2897,2063292,854.2,322.1,888.5,306.3,871.35,314.2,0,1,854.2,322.1
87,2898,2063293,854.3,322.3,888.6,305.7,871.45,314.0,0,1,854.3,322.3
87,2899,2063294,854.3,322.3,888.6,304.6,871.45,313.45,0,1,854.3,322.3
87,2900,2063295,854.6,322.2,888.6,303.5,871.6,312.85,0,1,854.6,322.2
88,2901,2063296,854.9,322.1,888.4,302.5,871.65,312.3,0,1,854.9,322.1
88,2902,2063297,855.2,321.9,888.1,302.6,871.65,312.25,0,1,855.2,321.9
88,2903,2063298,855.5,321.7,887.7,302.9,871.6,312.3,0,1,855.5,321.7
88,2904,2063299,855.7,321.5,887.2,303.3,871.45,312.4,0,1,855.7,321.5
88,2905,2063300,855.9,321.5,886.7,304.1,871.3,312.8,0,1,855.9,321.5
88,2906,2063301,856.2,321.5,886.3,305.2,871.25,313.35,0,1,856.2,321.5
88,2907,2063302,856.2,321.5,885.9,306.1,871.05,313.8,0,1,856.2,321.5
88,2908,2063303,856.4,321.5,885.4,306.9,870.9,314.2,0,1,856.4,321.5
88,2909,2063304,856.9,321.5,884.9,307.1,870.9,314.3,0,1,856.9,321.5
88,2910,2063305,857.5,321.4,884.5,307.2,871.0,314.3,0,1,857.5,321.4
88,2911,2063306,858.0,321.2,884.3,307.2,871.15,314.2,0,1,858.0,321.2
88,2912,2063307,858.5,321.2,884.5,306.9,871.5,314.05,0,1,858.5,321.2
88,2913,2063308,859.0,321.3,884.7,306.7,871.85,314.0,0,1,859.0,321.3
88,2914,2063309,859.4,322.0,885.0,307.1,872.2,314.55,0,1,859.4,322.0
88,2915,2063310,859.6,322.6,885.4,307.7,872.5,315.15,0,1,859.6,322.6
88,2916,2063311,859.5,323.3,885.8,308.9,872.65,316.1,0,1,859.5,323.3
88,2917,2063312,859.5,324.1,886.4,310.2,872.95,317.15,0,1,859.5,324.1
88,2918,2063313,859.4,324.8,887.0,311.4,873.2,318.1,0,1,859.4,324.8
88,2919,2063314,859.4,325.4,887.3,312.5,873.35,318.95,0,1,859.4,325.4
88,2920,2063315,859.3,325.8,887.3,313.2,873.3,319.5,0,1,859.3,325.8
88,2921,2063316,859.3,325.6,887.3,313.4,873.3,319.5,0,1,859.3,325.6
88,2922,2063317,859.3,325.4,887.3,313.7,873.3,319.55,0,1,859.3,325.4
88,2923,2063318,859.4,325.1,887.0,313.7,873.2,319.4,0,1,859.4,325.1
88,2924,2063319,859.4,324.6,886.4,313.7,872.9,319.15,0,1,859.4,324.6
88,2925,2063320,859.4,324.3,885.8,313.5,872.6,318.9,0,1,859.4,324.3
88,2926,2063321,859.4,324.0,885.3,313.3,872.35,318.65,0,1,859.4,324.0
88,2927,2063322,859.5,323.9,885.0,313.0,872.25,318.45,0,1,859.5,323.9
88,2928,2063323,859.5,324.3,884.8,312.9,872.15,318.6,0,1,859.5,324.3
88,2929,2063324,859.5,324.7,884.8,313.0,872.15,318.85,0,1,859.5,324.7
88,2930,2063325,859.6,325.3,885.1,313.0,872.35,319.15,0,1,859.6,325.3
88,2931,2063326,859.7,326.1,885.5,313.1,872.6,319.6,0,1,859.7,326.1
88,2932,2063327,859.9,327.1,885.8,313.3,872.85,320.2,0,1,859.9,327.1
88,2933,2063328,860.2,328.1,886.1,313.7,873.15,320.9,0,1,860.2,328.1
89,2934,2063329,860.3,329.0,886.2,314.4,873.25,321.7,0,1,860.3,329.0
89,2935,2063330,860.4,329.2,886.2,315.0,873.3,322.1,0,1,860.4,329.2
89,2936,2063331,860.4,329.2,886.0,315.4,873.2,322.3,0,1,860.4,329.2
89,2937,2063332,860.4,328.4,885.6,315.9,873.0,322.15,0,1,860.4,328.4
89,2938,2063333,860.4,327.5,885.1,316.4,872.75,321.95,0,1,860.4,327.5
89,2939,2063334,860.4,326.4,884.6,316.8,872.5,321.6,0,1,860.4,326.4
89,2940,2063335,860.6,325.3,884.2,317.3,872.4,321.3,0,1,860.6,325.3
89,2941,2063336,860.9,324.3,883.9,317.4,872.4,320.85,0,1,860.9,324.3
89,2942,2063337,861.3,323.4,883.8,317.4,872.55,320.4,0,1,861.3,323.4
89,2943,2063338,861.7,322.8,883.7,317.6,872.7,320.2,0,1,861.7,322.8
89,2944,2063339,862.1,323.1,883.9,317.9,873.0,320.5,0,1,862.1,323.1
89,2945,2063340,862.5,323.4,884.1,318.2,873.3,320.8,0,1,862.5,323.4
89,2946,2063341,862.7,323.7,884.2,318.5,873.45,321.1,0,1,862.7,323.7
89,2947,2063342,862.6,324.0,883.9,318.8,873.25,321.4,0,1,862.6,324.0
89,2948,2063343,862.6,324.3,883.7,318.7,873.15,321.5,0,1,862.6,324.3
89,2949,2063344,862.5,324.5,883.4,318.6,872.95,321.55,0,1,862.5,324.5
89,2950,2063345,862.3,324.6,883.1,318.4,872.7,321.5,0,1,862.3,324.6
89,2951,2063346,862.2,324.4,882.8,318.1,872.5,321.25,0,1,862.2,324.4
89,2952,2063347,862.0,324.2,882.7,317.8,872.35,321.0,0,1,862.0,324.2
89,2953,2063348,861.9,324.1,882.8,317.4,872.35,320.75,0,1,861.9,324.1
89,2954,2063349,861.6,324.0,883.1,317.0,872.35,320.5,0,1,861.6,324.0
89,2955,2063350,861.4,323.9,883.5,317.1,872.45,320.5,0,1,861.4,323.9
89,2956,2063351,861.2,323.8,883.7,317.7,872.45,320.75,0,1,861.2,323.8
89,2957,2063352,861.2,323.8,884.0,318.2,872.6,321.0,0,1,861.2,323.8
89,2958,2063353,861.3,323.8,884.1,318.8,872.7,321.3,0,1,861.3,323.8
89,2959,2063354,861.5,323.9,884.0,319.3,872.75,321.6,0,1,861.5,323.9
89,2960,2063355,861.7,324.5,883.9,320.0,872.8,322.25,0,1,861.7,324.5
89,2961,2063356,862.0,325.1,883.7,320.7,872.85,322.9,0,1,862.0,325.1
89,2962,2063357,862.3,325.6,883.5,321.5,872.9,323.55,0,1,862.3,325.6
89,2963,2063358,862.5,326.0,883.3,321.8,872.9,323.9,0,1,862.5,326.0
89,2964,2063359,862.7,326.3,883.1,322.2,872.9,324.25,0,1,862.7,326.3
89,2965,2063360,862.9,326.5,882.9,322.6,872.9,324.55,0,1,862.9,326.5
89,2966,2063361,863.1,326.8,882.5,322.9,872.8,324.85,0,1,863.1,326.8
90,2967,2063362,863.4,326.4,882.1,323.0,872.75,324.7,0,1,863.4,326.4
90,2968,2063363,863.6,326.0,881.9,323.1,872.75,324.55,0,1,863.6,326.0
90,2969,2063364,863.8,325.8,881.7,323.0,872.75,324.4,0,1,863.8,325.8
90,2970,2063365,864.0,325.7,881.5,323.2,872.75,324.45,0,1,864.0,325.7
90,2971,2063366,864.1,325.7,881.3,323.3,872.7,324.5,0,1,864.1,325.7
90,2972,2063367,864.2,325.6,881.2,323.5,872.7,324.55,0,1,864.2,325.6
90,2973,2063368,864.2,324.8,881.3,323.8,872.75,324.3,0,1,864.2,324.8
90,2974,2063369,864.3,324.1,881.5,324.2,872.9,324.15,0,1,864.3,324.1
90,2975,2063370,864.5,323.2,881.7,324.6,873.1,323.9,0,1,864.5,323.2
90,2976,2063371,864.8,322.2,881.9,325.0,873.35,323.6,0,1,864.8,322.2
90,2977,2063372,865.1,321.2,882.1,325.0,873.6,323.1,0,1,865.1,321.2
90,2978,2063373,865.4,320.3,882.3,325.0,873.85,322.65,0,1,865.4,320.3
90,2979,2063374,865.6,319.5,882.5,325.1,874.05,322.3,0,1,865.6,319.5
90,2980,2063375,865.8,320.1,882.9,325.3,874.35,322.7,0,1,865.8,320.1
90,2981,2063376,865.9,320.7,883.2,325.4,874.55,323.05,0,1,865.9,320.7
90,2982,2063377,866.3,321.5,883.3,325.6,874.8,323.55,0,1,866.3,321.5
90,2983,2063378,866.6,322.3,883.5,326.0,875.05,324.15,0,1,866.6,322.3
90,2984,2063379,866.8,323.2,883.8,326.5,875.3,324.85,0,1,866.8,323.2
90,2985,2063380,867.1,324.1,884.2,326.9,875.65,325.5,0,1,867.1,324.1
90,2986,2063381,867.5,325.0,884.4,327.2,875.95,326.1,0,1,867.5,325.0
90,2987,2063382,867.8,325.2,884.6,327.5,876.2,326.35,0,1,867.8,325.2
90,2988,2063383,868.0,324.7,884.8,327.9,876.4,326.3,0,1,868.0,324.7
90,2989,2063384,867.8,324.2,885.0,328.4,876.4,326.3,0,1,867.8,324.2
90,2990,2063385,867.7,323.7,885.1,328.6,876.4,326.15,0,1,867.7,323.7
90,2991,2063386,867.7,323.2,885.0,328.7,876.35,325.95,0,1,867.7,323.2
90,2992,2063387,867.7,322.6,884.8,328.4,876.25,325.5,0,1,867.7,322.6
90,2993,2063388,867.7,321.9,884.2,328.1,875.95,325.0,0,1,867.7,321.9
90,2994,2063389,867.6,321.3,883.5,327.8,875.55,324.55,0,1,867.6,321.3
90,2995,2063390,867.5,321.4,882.8,327.4,875.15,324.4,0,1,867.5,321.4
90,2996,2063391,867.4,321.6,882.2,327.0,874.8,324.3,0,1,867.4,321.6
90,2997,2063392,867.3,321.7,881.6,326.7,874.45,324.2,0,1,867.3,321.7
90,2998,2063393,867.1,322.0,881.2,326.6,874.15,324.3,0,1,867.1,322.0
90,2999,2063394,867.0,322.3,880.8,326.8,873.9,324.55,0,1,867.0,322.3
90,3000,2063395,866.9,322.6,880.9,327.0,873.9,324.8,0,1,866.9,322.6
91,3001,2063396,866.9,322.7,881.0,327.2,873.95,324.95,0,1,866.9,322.7
91,3002,2063397,867.0,322.6,881.1,327.4,874.05,325.0,0,1,867.0,322.6
91,3003,2063398,867.1,321.9,881.4,327.6,874.25,324.75,0,1,867.1,321.9
91,3004,2063399,867.4,321.2,882.2,327.7,874.8,324.45,0,1,867.4,321.2
91,3005,2063400,867.9,320.4,882.8,328.2,875.35,324.3,0,1,867.9,320.4
91,3006,2063401,868.4,319.6,883.3,328.6,875.85,324.1,0,1,868.4,319.6
91,3007,2063402,869.0,318.7,883.7,329.0,876.35,323.85,0,1,869.0,318.7
91,3008,2063403,869.6,317.8,883.6,329.4,876.6,323.6,0,1,869.6,317.8
91,3009,2063404,870.2,317.1,883.4,330.2,876.8,323.65,0,1,870.2,317.1
91,3010,2063405,870.7,316.8,883.0,331.1,876.85,323.95,0,1,870.7,316.8
91,3011,2063406,871.2,316.6,882.2,332.0,876.7,324.3,0,1,871.2,316.6
91,3012,2063407,871.2,316.3,881.4,332.7,876.3,324.5,0,1,871.2,316.3
91,3013,2063408,871.3,316.1,880.7,333.4,876.0,324.75,0,1,871.3,316.1
91,3014,2063409,871.2,315.9,880.2,334.1,875.7,325.0,0,1,871.2,315.9
91,3015,2063410,871.2,315.8,880.1,334.6,875.65,325.2,0,1,871.2,315.8
91,3016,2063411,871.1,315.8,880.0,334.7,875.55,325.25,0,1,871.1,315.8
91,3017,2063412,871.1,315.6,880.0,334.7,875.55,325.15,0,1,871.1,315.6
91,3018,2063413,871.0,315.3,879.8,334.6,875.4,324.95,0,1,871.0,315.3
91,3019,2063414,871.1,314.4,879.8,334.2,875.45,324.3,0,1,871.1,314.4
91,3020,2063415,871.2,313.4,879.8,333.8,875.5,323.6,0,1,871.2,313.4
91,3021,2063416,871.5,312.6,880.2,333.4,875.85,323.0,0,1,871.5,312.6
91,3022,2063417,871.7,311.7,880.5,333.0,876.1,322.35,0,1,871.7,311.7
91,3023,2063418,871.9,311.0,880.8,332.7,876.35,321.85,0,1,871.9,311.0
91,3024,2063419,872.2,310.9,881.2,332.7,876.7,321.8,0,1,872.2,310.9
91,3025,2063420,872.4,311.1,881.6,332.8,877.0,321.95,0,1,872.4,311.1
91,3026,2063421,872.6,311.8,881.9,333.0,877.25,322.4,0,1,872.6,311.8
91,3027,2063422,872.8,312.5,881.7,333.4,877.25,322.95,0,1,872.8,312.5
91,3028,2063423,872.9,313.2,881.1,334.0,877.0,323.6,0,1,872.9,313.2
91,3029,2063424,873.4,313.9,880.5,334.7,876.95,324.3,0,1,873.4,313.9
91,3030,2063425,873.8,314.5,880.0,335.3,876.9,324.9,0,1,873.8,314.5
91,3031,2063426,874.3,314.6,879.4,335.6,876.85,325.1,0,1,874.3,314.6
91,3032,2063427,874.8,314.6,878.9,336.0,876.85,325.3,0,1,874.8,314.6
91,3033,2063428,875.1,314.6,878.5,335.8,876.8,325.2,0,1,875.1,314.6
92,3034,2063429,875.0,314.4,878.6,335.6,876.8,325.0,0,1,875.0,314.4
92,3035,2063430,874.3,314.4,878.7,335.1,876.5,324.75,0,1,874.3,314.4
92,3036,2063431,872.2,314.3,878.8,334.1,875.5,324.2,0,1,872.2,314.3
92,3037,2063432,869.1,314.2,878.9,333.1,874.0,323.65,0,1,869.1,314.2
92,3038,2063433,865.3,314.3,879.0,331.6,872.15,322.95,0,1,865.3,314.3
92,3039,2063434,861.2,314.3,878.5,327.8,869.85,321.05,0,1,861.2,314.3
92,3040,2063435,855.6,314.6,876.6,324.2,866.1,319.4,0,1,855.6,314.6
92,3041,2063436,848.8,315.3,874.3,320.8,861.55,318.05,0,1,848.8,315.3
92,3042,2063437,840.7,316.9,870.8,317.5,855.75,317.2,0,1,840.7,316.9
92,3043,2063438,831.1,320.2,866.3,315.3,848.7,317.75,0,1,831.1,320.2
92,3044,2063439,819.2,324.6,859.8,314.7,839.5,319.65,0,1,819.2,324.6
92,3045,2063440,806.5,329.6,849.8,314.8,828.15,322.2,0,1,806.5,329.6
92,3046,2063441,791.6,337.2,837.5,317.5,814.55,327.35,0,1,791.6,337.2
92,3047,2063442,774.2,344.5,822.7,321.1,798.45,332.8,0,1,774.2,344.5
92,3048,2063443,756.4,352.9,805.1,327.3,780.75,340.1,0,1,756.4,352.9
92,3049,2063444,737.8,361.7,787.1,333.8,762.45,347.75,0,1,737.8,361.7
92,3050,2063445,718.1,368.8,766.5,340.0,742.3,354.4,0,1,718.1,368.8
92,3051,2063446,698.8,374.9,744.5,346.8,721.65,360.85,0,1,698.8,374.9
92,3052,2063447,679.3,380.3,722.8,355.0,701.05,367.65,0,1,679.3,380.3
92,3053,2063448,658.4,384.1,700.7,363.2,679.55,373.65,0,1,658.4,384.1
92,3054,2063449,640.0,388.6,679.8,371.6,659.9,380.1,0,1,640.0,388.6
92,3055,2063450,621.1,391.9,660.8,377.6,640.95,384.75,0,1,621.1,391.9
92,3056,2063451,603.9,394.1,640.3,383.4,622.1,388.75,0,1,603.9,394.1
92,3057,2063452,588.7,397.6,621.6,390.3,605.15,393.95,0,1,588.7,397.6
92,3058,2063453,574.9,402.1,604.1,395.8,589.5,398.95,0,1,574.9,402.1
92,3059,2063454,561.2,407.2,587.1,400.1,574.15,403.65,0,1,561.2,407.2
92,3060,2063455,550.0,411.4,572.2,404.4,561.1,407.9,0,1,550.0,411.4
92,3061,2063456,538.3,414.9,558.5,407.3,548.4,411.1,0,1,538.3,414.9
92,3062,2063457,527.8,417.9,544.4,410.5,536.1,414.2,0,1,527.8,417.9
92,3063,2063458,516.5,420.3,532.3,413.7,524.4,417.0,0,1,516.5,420.3
92,3064,2063459,505.5,421.3,519.5,415.3,512.5,418.3,0,1,505.5,421.3
92,3065,2063460,494.5,421.5,507.3,416.0,500.9,418.75,0,1,494.5,421.5
92,3066,2063461,483.2,421.0,496.3,418.0,489.75,419.5,0,1,483.2,421.0
93,3067,2063462,473.2,421.0,485.2,420.5,479.2,420.75,0,1,473.2,421.0
93,3068,2063463,464.3,421.4,475.5,423.2,469.9,422.3,0,1,464.3,421.4
93,3069,2063464,455.7,422.5,467.4,427.3,461.55,424.9,0,1,455.7,422.5
93,3070,2063465,448.5,424.9,460.2,431.3,454.35,428.1,0,1,448.5,424.9
93,3071,2063466,442.5,427.4,455.4,435.8,448.95,431.6,0,1,442.5,427.4
93,3072,2063467,438.0,429.8,452.3,440.4,445.15,435.1,0,1,438.0,429.8
93,3073,2063468,435.6,432.2,450.5,445.1,443.05,438.65,0,1,435.6,432.2
93,3074,2063469,433.3,434.2,450.2,449.5,441.75,441.85,0,1,433.3,434.2
93,3075,2063470,431.9,435.9,450.0,453.4,440.95,444.65,0,1,431.9,435.9
93,3076,2063471,431.5,437.6,450.1,455.5,440.8,446.55,0,1,431.5,437.6
93,3077,2063472,431.6,437.8,450.4,457.6,441.0,447.7,0,1,431.6,437.8
93,3078,2063473,431.7,437.9,450.9,459.3,441.3,448.6,0,1,431.7,437.9
93,3079,2063474,432.4,437.2,451.3,460.5,441.85,448.85,0,1,432.4,437.2
93,3080,2063475,433.6,436.5,452.1,460.0,442.85,448.25,0,1,433.6,436.5
93,3081,2063476,434.9,435.9,453.1,459.4,444.0,447.65,0,1,434.9,435.9
93,3082,2063477,436.6,434.8,454.2,458.5,445.4,446.65,0,1,436.6,434.8
93,3083,2063478,438.4,432.5,455.2,457.8,446.8,445.15,0,1,438.4,432.5
93,3084,2063479,440.8,430.4,456.4,456.8,448.6,443.6,0,1,440.8,430.4
93,3085,2063480,443.3,427.1,457.5,455.9,450.4,441.5,0,1,443.3,427.1
93,3086,2063481,445.4,424.6,458.8,455.1,452.1,439.85,0,1,445.4,424.6
93,3087,2063482,447.0,422.0,460.0,454.1,453.5,438.05,0,1,447.0,422.0
93,3088,2063483,448.5,419.5,461.5,453.3,455.0,436.4,0,1,448.5,419.5
93,3089,2063484,449.7,417.3,462.8,452.6,456.25,434.95,0,1,449.7,417.3
93,3090,2063485,450.9,415.9,464.1,451.9,457.5,433.9,0,1,450.9,415.9
93,3091,2063486,451.8,414.6,464.9,451.1,458.35,432.85,0,1,451.8,414.6
93,3092,2063487,452.7,414.7,465.3,450.3,459.0,432.5,0,1,452.7,414.7
93,3093,2063488,453.5,414.7,465.6,449.4,459.55,432.05,0,1,453.5,414.7
93,3094,2063489,454.2,414.9,465.8,449.0,460.0,431.95,0,1,454.2,414.9
93,3095,2063490,454.8,415.3,465.3,448.7,460.05,432.0,0,1,454.8,415.3
93,3096,2063491,455.4,415.7,464.7,448.8,460.05,432.25,0,1,455.4,415.7
93,3097,2063492,456.0,416.1,464.1,449.1,460.05,432.6,0,1,456.0,416.1
93,3098,2063493,456.0,416.6,463.5,449.8,459.75,433.2,0,1,456.0,416.6
93,3099,2063494,455.9,417.3,463.3,450.4,459.6,433.85,0,1,455.9,417.3
93,3100,2063495,455.6,418.5,463.0,451.0,459.3,434.75,0,1,455.6,418.5
94,3101,2063496,455.3,419.7,462.8,451.6,459.05,435.65,0,1,455.3,419.7
94,3102,2063497,455.0,420.9,463.0,452.2,459.0,436.55,0,1,455.0,420.9
94,3103,2063498,454.6,422.1,463.3,452.5,458.95,437.3,0,1,454.6,422.1
94,3104,2063499,454.1,423.2,463.6,452.8,458.85,438.0,0,1,454.1,423.2
94,3105,2063500,453.7,425.8,463.9,453.0,458.8,439.4,0,1,453.7,425.8
94,3106,2063501,453.5,428.4,464.2,453.0,458.85,440.7,0,1,453.5,428.4
94,3107,2063502,453.3,430.5,464.6,452.8,458.95,441.65,0,1,453.3,430.5
94,3108,2063503,453.3,432.4,465.2,452.4,459.25,442.4,0,1,453.3,432.4
94,3109,2063504,453.7,433.9,465.4,452.0,459.55,442.95,0,1,453.7,433.9
94,3110,2063505,453.9,435.3,465.5,451.7,459.7,443.5,0,1,453.9,435.3
94,3111,2063506,454.2,436.7,465.7,451.3,459.95,444.0,0,1,454.2,436.7
94,3112,2063507,454.2,436.3,465.8,451.0,460.0,443.65,0,1,454.2,436.3
94,3113,2063508,454.2,435.5,465.6,451.0,459.9,443.25,0,1,454.2,435.5
94,3114,2063509,454.2,434.7,465.2,451.1,459.7,442.9,0,1,454.2,434.7
94,3115,2063510,454.0,434.0,464.8,451.3,459.4,442.65,0,1,454.0,434.0
94,3116,2063511,453.7,433.4,464.2,451.8,458.95,442.6,0,1,453.7,433.4
94,3117,2063512,453.5,432.9,463.7,452.3,458.6,442.6,0,1,453.5,432.9
94,3118,2063513,453.3,432.5,463.3,452.7,458.3,442.6,0,1,453.3,432.5
94,3119,2063514,453.3,432.6,462.9,453.1,458.1,442.85,0,1,453.3,432.6
94,3120,2063515,453.2,433.5,462.7,453.5,457.95,443.5,0,1,453.2,433.5
94,3121,2063516,453.1,434.5,462.4,454.0,457.75,444.25,0,1,453.1,434.5
94,3122,2063517,453.1,435.5,462.0,454.6,457.55,445.05,0,1,453.1,435.5
94,3123,2063518,452.9,436.5,461.6,454.7,457.25,445.6,0,1,452.9,436.5
94,3124,2063519,452.8,437.5,461.1,455.0,456.95,446.25,0,1,452.8,437.5
94,3125,2063520,452.7,438.3,460.5,455.3,456.6,446.8,0,1,452.7,438.3
94,3126,2063521,452.6,438.9,460.0,456.0,456.3,447.45,0,1,452.6,438.9
94,3127,2063522,452.8,438.8,459.5,456.7,456.15,447.75,0,1,452.8,438.8
94,3128,2063523,453.0,438.7,458.9,457.4,455.95,448.05,0,1,453.0,438.7
94,3129,2063524,453.2,438.6,458.4,458.0,455.8,448.3,0,1,453.2,438.6
94,3130,2063525,453.6,438.3,458.0,458.5,455.8,448.4,0,1,453.6,438.3
94,3131,2063526,454.0,437.8,457.6,458.4,455.8,448.1,0,1,454.0,437.8
94,3132,2063527,454.4,437.3,457.3,458.5,455.85,447.9,0,1,454.4,437.3
94,3133,2063528,454.7,436.8,456.9,458.3,455.8,447.55,0,1,454.7,436.8
95,3134,2063529,455.0,436.0,456.5,458.6,455.75,447.3,0,1,455.0,436.0
95,3135,2063530,455.2,435.3,456.3,459.7,455.75,447.5,0,1,455.2,435.3
95,3136,2063531,455.2,434.5,456.0,460.9,455.6,447.7,0,1,455.2,434.5
95,3137,2063532,454.9,434.0,455.7,462.2,455.3,448.1,0,1,454.9,434.0
95,3138,2063533,454.6,433.7,455.2,463.9,454.9,448.8,0,1,454.6,433.7
95,3139,2063534,454.3,433.3,454.8,465.4,454.55,449.35,0,1,454.3,433.3
95,3140,2063535,454.0,432.9,454.3,466.5,454.15,449.7,0,1,454.0,432.9
95,3141,2063536,453.6,432.9,454.1,466.7,453.85,449.8,0,1,453.6,432.9
95,3142,2063537,453.3,432.9,453.8,466.0,453.55,449.45,0,1,453.3,432.9
95,3143,2063538,453.2,433.1,453.6,465.2,453.4,449.15,0,1,453.2,433.1
95,3144,2063539,453.3,433.4,453.4,464.5,453.35,448.95,0,1,453.3,433.4
95,3145,2063540,453.5,433.7,453.2,463.8,453.35,448.75,0,1,453.5,433.7
95,3146,2063541,453.6,433.7,453.0,463.2,453.3,448.45,0,1,453.6,433.7
95,3147,2063542,453.7,433.7,452.4,462.8,453.05,448.25,0,1,453.7,433.7
95,3148,2063543,453.7,433.5,451.8,462.8,452.75,448.15,0,1,453.7,433.5
95,3149,2063544,453.6,433.3,451.2,462.9,452.4,448.1,0,1,453.6,433.3
95,3150,2063545,453.5,432.8,450.8,463.2,452.15,448.0,0,1,453.5,432.8
95,3151,2063546,453.4,432.2,450.2,463.4,451.8,447.8,0,1,453.4,432.2
95,3152,2063547,453.4,431.5,449.8,463.7,451.6,447.6,0,1,453.4,431.5
95,3153,2063548,453.4,431.0,449.3,464.1,451.35,447.55,0,1,453.4,431.0
95,3154,2063549,453.0,430.7,449.2,464.5,451.1,447.6,0,1,453.0,430.7
95,3155,2063550,452.8,430.5,449.0,464.8,450.9,447.65,0,1,452.8,430.5
95,3156,2063551,452.6,430.4,448.9,465.2,450.75,447.8,0,1,452.6,430.4
95,3157,2063552,452.6,430.1,448.6,465.6,450.6,447.85,0,1,452.6,430.1
95,3158,2063553,452.5,430.0,448.5,465.9,450.5,447.95,0,1,452.5,430.0
95,3159,2063554,452.5,429.5,448.5,466.1,450.5,447.8,0,1,452.5,429.5
95,3160,2063555,452.5,429.2,448.6,466.2,450.55,447.7,0,1,452.5,429.2
95,3161,2063556,452.8,428.9,448.6,466.4,450.7,447.65,0,1,452.8,428.9
95,3162,2063557,453.1,428.9,448.7,466.7,450.9,447.8,0,1,453.1,428.9
95,3163,2063558,453.3,428.9,448.5,466.9,450.9,447.9,0,1,453.3,428.9
95,3164,2063559,453.5,429.0,448.2,467.0,450.85,448.0,0,1,453.5,429.0
95,3165,2063560,453.5,429.1,447.9,467.1,450.7,448.1,0,1,453.5,429.1
95,3166,2063561,453.5,429.5,447.5,467.2,450.5,448.35,0,1,453.5,429.5
96,3167,2063562,453.4,429.9,447.0,467.3,450.2,448.6,0,1,453.4,429.9
96,3168,2063563,453.3,430.2,446.5,467.2,449.9,448.7,0,1,453.3,430.2
96,3169,2063564,453.2,430.2,445.8,467.0,449.5,448.6,0,1,453.2,430.2
96,3170,2063565,453.3,430.2,445.2,466.7,449.25,448.45,0,1,453.3,430.2
96,3171,2063566,453.4,430.3,444.8,466.4,449.1,448.35,0,1,453.4,430.3
96,3172,2063567,453.5,430.4,444.8,466.1,449.15,448.25,0,1,453.5,430.4
96,3173,2063568,453.6,430.6,444.8,465.9,449.2,448.25,0,1,453.6,430.6
96,3174,2063569,453.8,430.6,444.9,465.7,449.35,448.15,0,1,453.8,430.6
96,3175,2063570,454.0,430.6,444.9,465.7,449.45,448.15,0,1,454.0,430.6
96,3176,2063571,454.2,430.5,445.1,466.2,449.65,448.35,0,1,454.2,430.5
96,3177,2063572,454.3,430.4,445.4,467.0,449.85,448.7,0,1,454.3,430.4
96,3178,2063573,454.3,430.1,445.6,467.8,449.95,448.95,0,1,454.3,430.1
96,3179,2063574,454.3,429.9,445.3,468.6,449.8,449.25,0,1,454.3,429.9
96,3180,2063575,454.2,429.8,445.0,469.3,449.6,449.55,0,1,454.2,429.8
96,3181,2063576,454.2,429.8,444.8,470.0,449.5,449.9,0,1,454.2,429.8
96,3182,2063577,454.2,429.6,444.7,470.6,449.45,450.1,0,1,454.2,429.6
96,3183,2063578,454.2,429.5,444.5,470.8,449.35,450.15,0,1,454.2,429.5
96,3184,2063579,454.2,429.4,444.5,470.7,449.35,450.05,0,1,454.2,429.4
96,3185,2063580,454.3,429.3,444.5,470.7,449.4,450.0,0,1,454.3,429.3
96,3186,2063581,454.3,429.1,444.5,470.8,449.4,449.95,0,1,454.3,429.1
96,3187,2063582,454.4,428.9,444.4,471.1,449.4,450.0,0,1,454.4,428.9
96,3188,2063583,454.4,428.7,444.4,471.1,449.4,449.9,0,1,454.4,428.7
96,3189,2063584,454.4,429.0,444.4,471.1,449.4,450.05,0,1,454.4,429.0
96,3190,2063585,454.1,429.4,444.3,470.7,449.2,450.05,0,1,454.1,429.4
96,3191,2063586,453.7,429.7,444.1,470.2,448.9,449.95,0,1,453.7,429.7
96,3192,2063587,453.4,429.7,443.9,469.8,448.65,449.75,0,1,453.4,429.7
96,3193,2063588,453.1,429.3,443.7,469.5,448.4,449.4,0,1,453.1,429.3
96,3194,2063589,452.8,429.1,443.2,469.7,448.0,449.4,0,1,452.8,429.1
96,3195,2063590,452.5,429.0,442.5,470.0,447.5,449.5,0,1,452.5,429.0
96,3196,2063591,452.1,428.6,441.8,470.6,446.95,449.6,0,1,452.1,428.6
96,3197,2063592,452.1,428.3,440.8,471.6,446.45,449.95,0,1,452.1,428.3
96,3198,2063593,452.0,428.2,440.0,472.6,446.0,450.4,0,1,452.0,428.2
96,3199,2063594,451.9,428.5,439.2,473.5,445.55,451.0,0,1,451.9,428.5
96,3200,2063595,451.6,429.6,438.2,474.2,444.9,451.9,0,1,451.6,429.6
97,3201,2063596,451.6,430.6,437.5,474.5,444.55,452.55,0,1,451.6,430.6
97,3202,2063597,451.7,431.4,437.0,474.7,444.35,453.05,0,1,451.7,431.4
97,3203,2063598,451.7,432.1,436.6,474.7,444.15,453.4,0,1,451.7,432.1
97,3204,2063599,451.8,432.8,436.3,474.8,444.05,453.8,0,1,451.8,432.8
97,3205,2063600,451.5,433.2,435.7,474.7,443.6,453.95,0,1,451.5,433.2
97,3206,2063601,451.3,433.6,435.3,474.5,443.3,454.05,0,1,451.3,433.6
97,3207,2063602,451.2,433.3,434.8,474.1,443.0,453.7,0,1,451.2,433.3
97,3208,2063603,451.0,433.0,434.3,473.5,442.65,453.25,0,1,451.0,433.0
97,3209,2063604,450.6,432.7,433.9,472.8,442.25,452.75,0,1,450.6,432.7
97,3210,2063605,450.3,432.3,433.5,472.1,441.9,452.2,0,1,450.3,432.3
97,3211,2063606,450.1,431.9,433.1,471.4,441.6,451.65,0,1,450.1,431.9
97,3212,2063607,450.2,431.4,432.8,470.9,441.5,451.15,0,1,450.2,431.4
97,3213,2063608,450.3,430.6,432.4,471.6,441.35,451.1,0,1,450.3,430.6
97,3214,2063609,450.3,429.8,432.0,472.6,441.15,451.2,0,1,450.3,429.8
97,3215,2063610,450.2,429.1,431.5,473.7,440.85,451.4,0,1,450.2,429.1
97,3216,2063611,450.2,428.5,430.9,475.0,440.55,451.75,0,1,450.2,428.5
97,3217,2063612,450.1,428.3,430.1,476.4,440.1,452.35,0,1,450.1,428.3
97,3218,2063613,449.9,428.4,429.3,477.8,439.6,453.1,0,1,449.9,428.4
97,3219,2063614,449.8,428.7,428.6,479.2,439.2,453.95,0,1,449.8,428.7
97,3220,2063615,449.6,429.3,428.1,479.5,438.85,454.4,0,1,449.6,429.3
97,3221,2063616,449.4,429.6,427.6,479.6,438.5,454.6,0,1,449.4,429.6
97,3222,2063617,449.4,430.0,427.4,479.6,438.4,454.8,0,1,449.4,430.0
97,3223,2063618,449.3,430.4,427.1,479.6,438.2,455.0,0,1,449.3,430.4
97,3224,2063619,449.3,430.4,427.1,479.6,438.2,455.0,0,1,449.3,430.4
97,3225,2063620,449.4,430.3,427.1,479.5,438.25,454.9,0,1,449.4,430.3
97,3226,2063621,449.4,430.2,427.2,479.3,438.3,454.75,0,1,449.4,430.2
97,3227,2063622,449.3,430.4,427.3,478.9,438.3,454.65,0,1,449.3,430.4
97,3228,2063623,449.2,430.8,427.4,477.8,438.3,454.3,0,1,449.2,430.8
97,3229,2063624,449.0,431.1,427.5,476.9,438.25,454.0,0,1,449.0,431.1
97,3230,2063625,448.8,431.4,427.5,476.0,438.15,453.7,0,1,448.8,431.4
97,3231,2063626,448.6,431.8,427.4,475.3,438.0,453.55,0,1,448.6,431.8
97,3232,2063627,448.4,432.5,427.2,475.3,437.8,453.9,0,1,448.4,432.5
97,3233,2063628,448.2,433.2,427.1,475.4,437.65,454.3,0,1,448.2,433.2
98,3234,2063629,448.0,433.8,427.1,475.8,437.55,454.8,0,1,448.0,433.8
98,3235,2063630,447.8,434.4,427.0,477.0,437.4,455.7,0,1,447.8,434.4
98,3236,2063631,447.6,434.3,427.0,478.3,437.3,456.3,0,1,447.6,434.3
98,3237,2063632,447.4,434.2,427.0,479.4,437.2,456.8,0,1,447.4,434.2
98,3238,2063633,447.2,434.1,427.1,480.4,437.15,457.25,0,1,447.2,434.1
98,3239,2063634,447.0,433.4,427.3,480.7,437.15,457.05,0,1,447.0,433.4
98,3240,2063635,446.9,432.6,427.4,481.1,437.15,456.85,0,1,446.9,432.6
98,3241,2063636,446.7,431.9,427.5,481.4,437.1,456.65,0,1,446.7,431.9
98,3242,2063637,446.5,431.1,427.5,481.5,437.0,456.3,0,1,446.5,431.1
98,3243,2063638,446.3,430.9,427.5,481.6,436.9,456.25,0,1,446.3,430.9
98,3244,2063639,446.1,430.8,427.5,481.6,436.8,456.2,0,1,446.1,430.8
98,3245,2063640,445.9,430.7,427.2,481.5,436.55,456.1,0,1,445.9,430.7
98,3246,2063641,445.7,430.7,427.0,481.3,436.35,456.0,0,1,445.7,430.7
98,3247,2063642,445.5,430.8,426.7,481.1,436.1,455.95,0,1,445.5,430.8
98,3248,2063643,445.3,430.7,426.4,480.9,435.85,455.8,0,1,445.3,430.7
98,3249,2063644,445.2,430.6,425.8,480.7,435.5,455.65,0,1,445.2,430.6
98,3250,2063645,445.1,430.3,425.2,480.5,435.15,455.4,0,1,445.1,430.3
98,3251,2063646,445.1,430.0,424.6,480.3,434.85,455.15,0,1,445.1,430.0
98,3252,2063647,445.0,429.6,424.4,480.1,434.7,454.85,0,1,445.0,429.6
98,3253,2063648,444.9,429.1,424.3,480.2,434.6,454.65,0,1,444.9,429.1
98,3254,2063649,444.7,428.7,424.2,480.2,434.45,454.45,0,1,444.7,428.7
98,3255,2063650,444.6,428.3,424.1,480.3,434.35,454.3,0,1,444.6,428.3
98,3256,2063651,444.6,428.0,424.5,480.3,434.55,454.15,0,1,444.6,428.0
98,3257,2063652,444.4,427.9,425.0,480.3,434.7,454.1,0,1,444.4,427.9
98,3258,2063653,444.3,427.9,425.4,480.3,434.85,454.1,0,1,444.3,427.9
98,3259,2063654,443.9,428.0,425.8,480.2,434.85,454.1,0,1,443.9,428.0
98,3260,2063655,443.6,428.0,426.0,480.1,434.8,454.05,0,1,443.6,428.0
98,3261,2063656,443.3,428.2,426.3,479.8,434.8,454.0,0,1,443.3,428.2
98,3262,2063657,442.9,428.3,426.6,479.6,434.75,453.95,0,1,442.9,428.3
98,3263,2063658,442.5,428.4,426.8,479.4,434.65,453.9,0,1,442.5,428.4
98,3264,2063659,442.2,428.2,426.9,479.6,434.55,453.9,0,1,442.2,428.2
98,3265,2063660,441.9,427.7,427.0,480.0,434.45,453.85,0,1,441.9,427.7
98,3266,2063661,441.8,427.3,427.1,480.6,434.45,453.95,0,1,441.8,427.3
99,3267,2063662,441.6,427.0,427.0,481.7,434.3,454.35,0,1,441.6,427.0
99,3268,2063663,441.4,427.3,426.8,483.0,434.1,455.15,0,1,441.4,427.3
99,3269,2063664,441.2,427.6,426.6,484.3,433.9,455.95,0,1,441.2,427.6
99,3270,2063665,440.9,428.2,426.4,485.3,433.65,456.75,0,1,440.9,428.2
99,3271,2063666,440.7,429.1,426.2,485.7,433.45,457.4,0,1,440.7,429.1
99,3272,2063667,440.5,430.3,426.1,485.9,433.3,458.1,0,1,440.5,430.3
99,3273,2063668,440.3,431.1,426.0,485.9,433.15,458.5,0,1,440.3,431.1
99,3274,2063669,440.1,431.8,426.1,485.4,433.1,458.6,0,1,440.1,431.8
99,3275,2063670,440.0,432.0,426.4,484.1,433.2,458.05,0,1,440.0,432.0
99,3276,2063671,439.9,432.3,426.8,482.8,433.35,457.55,0,1,439.9,432.3
99,3277,2063672,439.7,432.2,427.2,481.7,433.45,456.95,0,1,439.7,432.2
99,3278,2063673,439.5,432.1,427.6,481.0,433.55,456.55,0,1,439.5,432.1
99,3279,2063674,439.3,432.1,427.7,480.5,433.5,456.3,0,1,439.3,432.1
99,3280,2063675,439.1,432.2,427.8,480.1,433.45,456.15,0,1,439.1,432.2
99,3281,2063676,438.9,432.3,427.7,479.7,433.3,456.0,0,1,438.9,432.3
99,3282,2063677,439.0,432.3,427.8,480.0,433.4,456.15,0,1,439.0,432.3
99,3283,2063678,439.2,432.3,427.8,480.3,433.5,456.3,0,1,439.2,432.3
99,3284,2063679,439.4,432.3,428.3,480.6,433.85,456.45,0,1,439.4,432.3
99,3285,2063680,439.7,432.2,428.7,480.9,434.2,456.55,0,1,439.7,432.2
99,3286,2063681,439.9,432.1,429.2,481.1,434.55,456.6,0,1,439.9,432.1
99,3287,2063682,440.2,432.0,429.6,481.5,434.9,456.75,0,1,440.2,432.0
99,3288,2063683,440.4,431.6,429.7,481.9,435.05,456.75,0,1,440.4,431.6
99,3289,2063684,440.1,431.2,429.5,482.3,434.8,456.75,0,1,440.1,431.2
99,3290,2063685,439.9,430.8,429.2,482.8,434.55,456.8,0,1,439.9,430.8
99,3291,2063686,439.6,430.4,428.5,483.2,434.05,456.8,0,1,439.6,430.4
99,3292,2063687,439.4,430.0,428.2,483.7,433.8,456.85,0,1,439.4,430.0
99,3293,2063688,439.1,429.5,428.0,484.1,433.55,456.8,0,1,439.1,429.5
99,3294,2063689,438.6,429.1,428.1,484.1,433.35,456.6,0,1,438.6,429.1
99,3295,2063690,438.2,428.7,428.5,484.2,433.35,456.45,0,1,438.2,428.7
99,3296,2063691,437.9,428.4,429.1,484.1,433.5,456.25,0,1,437.9,428.4
99,3297,2063692,437.6,428.1,429.8,484.0,433.7,456.05,0,1,437.6,428.1
99,3298,2063693,437.3,427.9,430.5,483.9,433.9,455.9,0,1,437.3,427.9
99,3299,2063694,437.1,427.8,430.8,483.7,433.95,455.75,0,1,437.1,427.8
99,3300,2063695,436.8,427.6,430.4,483.6,433.6,455.6,0,1,436.8,427.6
100,3301,2063696,436.9,427.2,430.1,483.5,433.5,455.35,0,1,436.9,427.2
100,3302,2063697,436.9,427.2,429.4,483.6,433.15,455.4,0,1,436.9,427.2
100,3303,2063698,437.0,427.1,428.8,483.6,432.9,455.35,0,1,437.0,427.1
100,3304,2063699,437.1,427.3,428.1,483.7,432.6,455.5,0,1,437.1,427.3
100,3305,2063700,437.2,427.3,427.6,483.8,432.4,455.55,0,1,437.2,427.3
100,3306,2063701,437.3,427.3,427.2,484.1,432.25,455.7,0,1,437.3,427.3
100,3307,2063702,437.4,427.5,427.2,484.3,432.3,455.9,0,1,437.4,427.5
100,3308,2063703,437.5,428.0,427.3,484.5,432.4,456.25,0,1,437.5,428.0
100,3309,2063704,437.6,428.5,427.6,484.4,432.6,456.45,0,1,437.6,428.5
100,3310,2063705,437.6,428.9,427.7,484.4,432.65,456.65,0,1,437.6,428.9
100,3311,2063706,437.5,429.7,427.5,484.4,432.5,457.05,0,1,437.5,429.7
100,3312,2063707,437.3,430.5,427.1,484.3,432.2,457.4,0,1,437.3,430.5
100,3313,2063708,437.2,431.2,426.7,484.2,431.95,457.7,0,1,437.2,431.2
100,3314,2063709,437.0,431.7,426.2,484.0,431.6,457.85,0,1,437.0,431.7
100,3315,2063710,436.9,431.9,425.7,483.8,431.3,457.85,0,1,436.9,431.9
100,3316,2063711,436.9,432.0,425.3,483.7,431.1,457.85,0,1,436.9,432.0
100,3317,2063712,436.9,431.9,424.9,483.6,430.9,457.75,0,1,436.9,431.9
100,3318,2063713,437.0,431.1,424.8,483.3,430.9,457.2,0,1,437.0,431.1
100,3319,2063714,437.1,430.3,424.8,483.0,430.95,456.65,0,1,437.1,430.3
100,3320,2063715,437.2,429.5,424.9,482.4,431.05,455.95,0,1,437.2,429.5
100,3321,2063716,437.2,428.8,425.0,481.9,431.1,455.35,0,1,437.2,428.8
100,3322,2063717,437.3,428.4,425.2,481.4,431.25,454.9,0,1,437.3,428.4
100,3323,2063718,437.2,428.1,425.3,481.0,431.25,454.55,0,1,437.2,428.1
100,3324,2063719,437.2,427.7,425.3,480.6,431.25,454.15,0,1,437.2,427.7
100,3325,2063720,437.2,426.9,425.3,480.4,431.25,453.65,0,1,437.2,426.9
100,3326,2063721,437.2,426.0,425.2,480.1,431.2,453.05,0,1,437.2,426.0
100,3327,2063722,437.3,425.2,424.8,480.1,431.05,452.65,0,1,437.3,425.2
100,3328,2063723,437.4,424.6,424.3,480.0,430.85,452.3,0,1,437.4,424.6
100,3329,2063724,437.4,424.4,423.9,479.4,430.65,451.9,0,1,437.4,424.4
100,3330,2063725,437.3,424.1,423.6,478.8,430.45,451.45,0,1,437.3,424.1
100,3331,2063726,437.2,424.3,423.5,478.3,430.35,451.3,0,1,437.2,424.3
100,3332,2063727,437.0,424.9,423.7,477.9,430.35,451.4,0,1,437.0,424.9
100,3333,2063728,436.9,426.1,424.0,477.6,430.45,451.85,0,1,436.9,426.1
101,3334,2063729,436.8,427.1,424.4,477.5,430.6,452.3,0,1,436.8,427.1
101,3335,2063730,436.6,428.0,424.8,477.4,430.7,452.7,0,1,436.6,428.0
101,3336,2063731,436.5,428.4,425.2,477.8,430.85,453.1,0,1,436.5,428.4
101,3337,2063732,436.5,428.7,425.6,478.2,431.05,453.45,0,1,436.5,428.7
101,3338,2063733,436.5,428.3,425.9,478.6,431.2,453.45,0,1,436.5,428.3
101,3339,2063734,436.4,428.0,425.7,479.2,431.05,453.6,0,1,436.4,428.0
101,3340,2063735,436.2,427.6,425.4,479.6,430.8,453.6,0,1,436.2,427.6
101,3341,2063736,435.9,427.2,425.1,479.9,430.5,453.55,0,1,435.9,427.2
101,3342,2063737,435.4,426.8,424.7,480.3,430.05,453.55,0,1,435.4,426.8
101,3343,2063738,434.9,426.5,424.3,480.6,429.6,453.55,0,1,434.9,426.5
101,3344,2063739,434.5,426.2,423.8,480.9,429.15,453.55,0,1,434.5,426.2
101,3345,2063740,434.1,426.5,423.5,481.2,428.8,453.85,0,1,434.1,426.5
101,3346,2063741,433.8,426.6,423.2,481.4,428.5,454.0,0,1,433.8,426.6
101,3347,2063742,433.6,426.5,423.2,481.7,428.4,454.1,0,1,433.6,426.5
101,3348,2063743,433.3,426.4,423.6,482.1,428.45,454.25,0,1,433.3,426.4
101,3349,2063744,433.4,426.2,424.0,482.7,428.7,454.45,0,1,433.4,426.2
101,3350,2063745,433.4,426.2,424.4,483.8,428.9,455.0,0,1,433.4,426.2
101,3351,2063746,433.4,426.2,424.8,484.9,429.1,455.55,0,1,433.4,426.2
101,3352,2063747,433.3,426.4,425.0,486.0,429.15,456.2,0,1,433.3,426.4
101,3353,2063748,433.0,426.7,425.4,487.1,429.2,456.9,0,1,433.0,426.7
101,3354,2063749,432.7,427.8,425.7,488.0,429.2,457.9,0,1,432.7,427.8
101,3355,2063750,432.3,428.9,425.5,488.8,428.9,458.85,0,1,432.3,428.9
101,3356,2063751,432.0,430.0,425.4,489.6,428.7,459.8,0,1,432.0,430.0
101,3357,2063752,431.6,431.1,425.4,489.9,428.5,460.5,0,1,431.6,431.1
101,3358,2063753,430.9,432.1,425.6,490.2,428.25,461.15,0,1,430.9,432.1
101,3359,2063754,430.4,433.2,425.8,490.7,428.1,461.95,0,1,430.4,433.2
101,3360,2063755,429.8,434.7,425.9,491.3,427.85,463.0,0,1,429.8,434.7
101,3361,2063756,429.5,435.3,425.9,492.0,427.7,463.65,0,1,429.5,435.3
101,3362,2063757,429.2,436.1,425.9,492.6,427.55,464.35,0,1,429.2,436.1
101,3363,2063758,428.9,436.8,425.8,493.0,427.35,464.9,0,1,428.9,436.8
101,3364,2063759,428.8,437.6,425.8,493.5,427.3,465.55,0,1,428.8,437.6
101,3365,2063760,428.9,438.2,425.7,493.9,427.3,466.05,0,1,428.9,438.2
101,3366,2063761,429.0,438.7,426.3,494.1,427.65,466.4,0,1,429.0,438.7
102,3367,2063762,429.4,438.7,426.9,494.3,428.15,466.5,0,1,429.4,438.7
102,3368,2063763,429.7,438.5,427.5,494.4,428.6,466.45,0,1,429.7,438.5
102,3369,2063764,430.0,437.9,428.0,495.3,429.0,466.6,0,1,430.0,437.9
102,3370,2063765,430.4,437.2,428.4,496.1,429.4,466.65,0,1,430.4,437.2
102,3371,2063766,430.7,436.5,428.6,497.0,429.65,466.75,0,1,430.7,436.5
102,3372,2063767,431.0,435.9,428.8,497.7,429.9,466.8,0,1,431.0,435.9
102,3373,2063768,431.1,435.3,428.4,498.3,429.75,466.8,0,1,431.1,435.3
102,3374,2063769,431.0,435.2,428.0,498.8,429.5,467.0,0,1,431.0,435.2
102,3375,2063770,430.8,435.2,427.7,498.8,429.25,467.0,0,1,430.8,435.2
102,3376,2063771,430.5,435.8,427.2,498.1,428.85,466.95,0,1,430.5,435.8
102,3377,2063772,430.2,436.7,426.9,497.4,428.55,467.05,0,1,430.2,436.7
102,3378,2063773,429.8,437.7,426.5,496.8,428.15,467.25,0,1,429.8,437.7
102,3379,2063774,429.3,438.6,426.1,496.3,427.7,467.45,0,1,429.3,438.6
102,3380,2063775,429.0,439.5,425.6,496.0,427.3,467.75,0,1,429.0,439.5
102,3381,2063776,428.9,440.1,425.2,495.9,427.05,468.0,0,1,428.9,440.1
102,3382,2063777,428.8,440.5,424.8,496.1,426.8,468.3,0,1,428.8,440.5
102,3383,2063778,428.8,440.2,424.7,496.2,426.75,468.2,0,1,428.8,440.2
102,3384,2063779,428.9,439.5,424.7,496.3,426.8,467.9,0,1,428.9,439.5
102,3385,2063780,429.0,438.9,424.7,496.5,426.85,467.7,0,1,429.0,438.9
102,3386,2063781,429.2,438.2,424.7,497.0,426.95,467.6,0,1,429.2,438.2
102,3387,2063782,429.4,437.5,424.7,497.4,427.05,467.45,0,1,429.4,437.5
102,3388,2063783,429.6,436.8,424.8,497.6,427.2,467.2,0,1,429.6,436.8
102,3389,2063784,429.8,436.1,425.0,497.9,427.4,467.0,0,1,429.8,436.1
102,3390,2063785,429.9,436.0,425.0,498.6,427.45,467.3,0,1,429.9,436.0
102,3391,2063786,430.2,436.1,425.0,499.3,427.6,467.7,0,1,430.2,436.1
102,3392,2063787,430.4,436.5,425.0,500.1,427.7,468.3,0,1,430.4,436.5
102,3393,2063788,430.5,436.8,425.0,500.5,427.75,468.65,0,1,430.5,436.8
102,3394,2063789,430.7,437.1,424.9,501.0,427.8,469.05,0,1,430.7,437.1
102,3395,2063790,430.9,437.4,424.4,501.5,427.65,469.45,0,1,430.9,437.4
102,3396,2063791,431.0,437.8,423.8,502.0,427.4,469.9,0,1,431.0,437.8
102,3397,2063792,431.1,438.2,423.4,502.0,427.25,470.1,0,1,431.1,438.2
102,3398,2063793,431.1,438.8,422.9,501.9,427.0,470.35,0,1,431.1,438.8
102,3399,2063794,431.1,439.1,422.3,501.6,426.7,470.35,0,1,431.1,439.1
102,3400,2063795,431.0,440.4,421.7,501.3,426.35,470.85,0,1,431.0,440.4
103,3401,2063796,431.0,441.7,421.3,500.9,426.15,471.3,0,1,431.0,441.7
103,3402,2063797,430.9,443.0,421.2,500.6,426.05,471.8,0,1,430.9,443.0
103,3403,2063798,430.8,444.2,421.1,500.1,425.95,472.15,0,1,430.8,444.2
103,3404,2063799,430.7,445.4,421.0,500.0,425.85,472.7,0,1,430.7,445.4
103,3405,2063800,430.8,446.2,421.1,499.7,425.95,472.95,0,1,430.8,446.2
103,3406,2063801,430.8,447.0,421.3,499.5,426.05,473.25,0,1,430.8,447.0
103,3407,2063802,430.9,446.9,421.4,499.5,426.15,473.2,0,1,430.9,446.9
103,3408,2063803,431.0,446.8,421.4,499.6,426.2,473.2,0,1,431.0,446.8
103,3409,2063804,431.1,446.5,421.3,499.8,426.2,473.15,0,1,431.1,446.5
103,3410,2063805,431.3,446.1,421.1,500.4,426.2,473.25,0,1,431.3,446.1
103,3411,2063806,431.3,445.8,420.7,501.0,426.0,473.4,0,1,431.3,445.8
103,3412,2063807,430.6,445.6,419.9,501.9,425.25,473.75,0,1,430.6,445.6
103,3413,2063808,429.3,445.3,418.7,502.7,424.0,474.0,0,1,429.3,445.3
103,3414,2063809,426.4,446.0,416.5,503.3,421.45,474.65,0,1,426.4,446.0
103,3415,2063810,422.8,447.0,413.2,503.9,418.0,475.45,0,1,422.8,447.0
103,3416,2063811,418.4,448.1,409.8,504.5,414.1,476.3,0,1,418.4,448.1
103,3417,2063812,411.9,450.0,405.2,504.6,408.55,477.3,0,1,411.9,450.0
103,3418,2063813,404.9,451.7,400.5,504.6,402.7,478.15,0,1,404.9,451.7
103,3419,2063814,396.6,454.7,392.7,504.0,394.65,479.35,0,1,396.6,454.7
103,3420,2063815,387.1,458.2,382.9,503.3,385.0,480.75,0,1,387.1,458.2
103,3421,2063816,377.0,461.7,371.3,502.5,374.15,482.1,0,1,377.0,461.7
103,3422,2063817,366.2,464.9,358.7,501.8,362.45,483.35,0,1,366.2,464.9
103,3423,2063818,354.7,468.0,345.5,501.3,350.1,484.65,0,1,354.7,468.0
103,3424,2063819,344.1,470.5,331.1,501.2,337.6,485.85,0,1,344.1,470.5
103,3425,2063820,332.2,474.0,315.5,501.2,323.85,487.6,0,1,332.2,474.0
103,3426,2063821,321.7,476.2,302.2,501.9,311.95,489.05,0,1,321.7,476.2
103,3427,2063822,311.5,478.8,289.7,502.8,300.6,490.8,0,1,311.5,478.8
103,3428,2063823,303.2,481.0,279.1,504.1,291.15,492.55,0,1,303.2,481.0
103,3429,2063824,296.0,484.0,270.0,505.9,283.0,494.95,0,1,296.0,484.0
103,3430,2063825,289.2,487.1,261.1,509.4,275.15,498.25,0,1,289.2,487.1
103,3431,2063826,283.4,490.2,254.0,512.6,268.7,501.4,0,1,283.4,490.2
103,3432,2063827,279.4,492.3,248.7,515.8,264.05,504.05,0,1,279.4,492.3
103,3433,2063828,276.1,494.3,244.1,518.8,260.1,506.55,0,1,276.1,494.3
104,3434,2063829,274.0,495.5,241.3,521.9,257.65,508.7,0,1,274.0,495.5
104,3435,2063830,272.5,495.9,239.4,524.0,255.95,509.95,0,1,272.5,495.9
104,3436,2063831,271.3,495.1,238.5,525.5,254.9,510.3,0,1,271.3,495.1
104,3437,2063832,271.3,494.1,238.3,525.0,254.8,509.55,0,1,271.3,494.1
104,3438,2063833,272.5,493.2,238.9,524.3,255.7,508.75,0,1,272.5,493.2
104,3439,2063834,273.7,492.2,239.6,523.4,256.65,507.8,0,1,273.7,492.2
104,3440,2063835,275.2,490.9,240.6,522.2,257.9,506.55,0,1,275.2,490.9
104,3441,2063836,276.9,489.8,242.1,520.9,259.5,505.35,0,1,276.9,489.8
104,3442,2063837,278.7,487.8,243.8,519.7,261.25,503.75,0,1,278.7,487.8
104,3443,2063838,280.5,486.1,245.4,517.8,262.95,501.95,0,1,280.5,486.1
104,3444,2063839,282.3,484.7,247.0,516.1,264.65,500.4,0,1,282.3,484.7
104,3445,2063840,283.1,483.4,248.8,514.2,265.95,498.8,0,1,283.1,483.4
104,3446,2063841,284.0,482.2,250.9,512.6,267.45,497.4,0,1,284.0,482.2
104,3447,2063842,284.8,481.0,253.4,510.6,269.1,495.8,0,1,284.8,481.0
104,3448,2063843,286.4,479.8,255.7,508.8,271.05,494.3,0,1,286.4,479.8
104,3449,2063844,288.0,479.4,257.6,507.1,272.8,493.25,0,1,288.0,479.4
104,3450,2063845,289.6,478.9,259.8,506.1,274.7,492.5,0,1,289.6,478.9
104,3451,2063846,291.0,478.4,261.9,505.2,276.45,491.8,0,1,291.0,478.4
104,3452,2063847,292.3,478.0,263.3,504.5,277.8,491.25,0,1,292.3,478.0
104,3453,2063848,293.5,477.5,264.5,503.9,279.0,490.7,0,1,293.5,477.5
104,3454,2063849,294.6,477.4,265.1,504.0,279.85,490.7,0,1,294.6,477.4
104,3455,2063850,294.8,477.2,265.4,504.1,280.1,490.65,0,1,294.8,477.2
104,3456,2063851,294.9,477.4,265.8,504.3,280.35,490.85,0,1,294.9,477.4
104,3457,2063852,294.8,477.9,265.9,504.3,280.35,491.1,0,1,294.8,477.9
104,3458,2063853,294.5,478.2,266.1,504.2,280.3,491.2,0,1,294.5,478.2
104,3459,2063854,294.2,478.2,266.3,503.1,280.25,490.65,0,1,294.2,478.2
104,3460,2063855,293.8,478.2,266.5,501.9,280.15,490.05,0,1,293.8,478.2
104,3461,2063856,293.4,478.2,266.7,500.7,280.05,489.45,0,1,293.4,478.2
104,3462,2063857,292.8,478.1,266.9,498.9,279.85,488.5,0,1,292.8,478.1
104,3463,2063858,292.4,477.9,267.1,497.1,279.75,487.5,0,1,292.4,477.9
104,3464,2063859,292.3,477.4,267.2,495.4,279.75,486.4,0,1,292.3,477.4
104,3465,2063860,292.5,477.1,267.3,492.4,279.9,484.75,0,1,292.5,477.1
104,3466,2063861,292.8,476.9,267.4,490.2,280.1,483.55,0,1,292.8,476.9
105,3467,2063862,293.1,476.8,267.5,488.0,280.3,482.4,0,1,293.1,476.8
105,3468,2063863,293.4,476.5,267.5,485.9,280.45,481.2,0,1,293.4,476.5
105,3469,2063864,293.2,476.1,267.6,484.4,280.4,480.25,0,1,293.2,476.1
105,3470,2063865,292.9,476.0,267.9,482.8,280.4,479.4,0,1,292.9,476.0
105,3471,2063866,292.0,476.0,268.2,481.2,280.1,478.6,0,1,292.0,476.0
105,3472,2063867,291.1,476.0,268.7,480.8,279.9,478.4,0,1,291.1,476.0
105,3473,2063868,290.2,475.9,269.1,480.2,279.65,478.05,0,1,290.2,475.9
105,3474,2063869,289.3,475.7,269.8,479.5,279.55,477.6,0,1,289.3,475.7
105,3475,2063870,288.6,475.6,270.5,478.3,279.55,476.95,0,1,288.6,475.6
105,3476,2063871,288.4,475.4,271.1,477.2,279.75,476.3,0,1,288.4,475.4
105,3477,2063872,288.2,475.0,271.3,476.0,279.75,475.5,0,1,288.2,475.0
105,3478,2063873,288.5,474.5,271.5,474.9,280.0,474.7,0,1,288.5,474.5
105,3479,2063874,288.8,474.0,271.6,473.9,280.2,473.95,0,1,288.8,474.0
105,3480,2063875,289.2,473.6,271.7,472.5,280.45,473.05,0,1,289.2,473.6
105,3481,2063876,289.6,473.3,271.6,471.3,280.6,472.3,0,1,289.6,473.3
105,3482,2063877,289.9,472.8,271.5,470.5,280.7,471.65,0,1,289.9,472.8
105,3483,2063878,290.1,472.4,271.5,469.3,280.8,470.85,0,1,290.1,472.4
105,3484,2063879,290.3,472.1,271.8,468.2,281.05,470.15,0,1,290.3,472.1
105,3485,2063880,290.3,472.0,272.0,467.2,281.15,469.6,0,1,290.3,472.0
105,3486,2063881,290.2,472.3,272.2,466.2,281.2,469.25,0,1,290.2,472.3
105,3487,2063882,290.0,472.5,272.3,465.5,281.15,469.0,0,1,290.0,472.5
105,3488,2063883,289.6,472.7,272.5,464.6,281.05,468.65,0,1,289.6,472.7
105,3489,2063884,289.2,473.1,272.7,463.6,280.95,468.35,0,1,289.2,473.1
105,3490,2063885,288.8,473.5,273.0,463.0,280.9,468.25,0,1,288.8,473.5
105,3491,2063886,288.4,473.8,273.1,462.3,280.75,468.05,0,1,288.4,473.8
105,3492,2063887,288.0,474.0,273.3,461.7,280.65,467.85,0,1,288.0,474.0
105,3493,2063888,287.7,473.9,273.5,461.2,280.6,467.55,0,1,287.7,473.9
105,3494,2063889,287.5,473.8,273.7,460.8,280.6,467.3,0,1,287.5,473.8
105,3495,2063890,287.5,473.8,273.9,460.3,280.7,467.05,0,1,287.5,473.8
105,3496,2063891,287.5,473.9,274.1,459.7,280.8,466.8,0,1,287.5,473.9
105,3497,2063892,287.5,474.1,274.4,459.3,280.95,466.7,0,1,287.5,474.1
105,3498,2063893,287.5,474.3,274.6,459.1,281.05,466.7,0,1,287.5,474.3
105,3499,2063894,287.3,474.5,274.8,458.8,281.05,466.65,0,1,287.3,474.5
105,3500,2063895,287.2,474.7,274.9,458.5,281.05,466.6,0,1,287.2,474.7
106,3501,2063896,287.0,474.9,275.1,458.2,281.05,466.55,0,1,287.0,474.9
106,3502,2063897,286.8,474.1,275.2,458.4,281.0,466.25,0,1,286.8,474.1
106,3503,2063898,286.5,473.3,275.2,458.6,280.85,465.95,0,1,286.5,473.3
106,3504,2063899,286.3,472.4,275.2,458.7,280.75,465.55,0,1,286.3,472.4
106,3505,2063900,286.0,471.6,275.2,458.6,280.6,465.1,0,1,286.0,471.6
106,3506,2063901,286.0,470.8,275.2,458.3,280.6,464.55,0,1,286.0,470.8
106,3507,2063902,286.0,470.0,275.2,458.0,280.6,464.0,0,1,286.0,470.0
106,3508,2063903,286.0,469.2,275.4,457.6,280.7,463.4,0,1,286.0,469.2
106,3509,2063904,286.0,469.4,275.5,457.1,280.75,463.25,0,1,286.0,469.4
106,3510,2063905,286.0,469.5,275.6,456.9,280.8,463.2,0,1,286.0,469.5
106,3511,2063906,285.7,469.7,275.7,456.7,280.7,463.2,0,1,285.7,469.7
106,3512,2063907,285.4,469.8,275.8,456.6,280.6,463.2,0,1,285.4,469.8
106,3513,2063908,285.0,470.0,275.9,456.6,280.45,463.3,0,1,285.0,470.0
106,3514,2063909,284.6,470.2,275.9,456.8,280.25,463.5,0,1,284.6,470.2
106,3515,2063910,284.2,470.5,275.8,457.1,280.0,463.8,0,1,284.2,470.5
106,3516,2063911,283.8,470.9,275.8,457.4,279.8,464.15,0,1,283.8,470.9
106,3517,2063912,283.5,471.3,275.7,457.5,279.6,464.4,0,1,283.5,471.3
106,3518,2063913,283.4,471.8,275.7,457.4,279.55,464.6,0,1,283.4,471.8
106,3519,2063914,283.3,472.3,275.7,457.0,279.5,464.65,0,1,283.3,472.3
106,3520,2063915,283.2,472.6,275.4,456.8,279.3,464.7,0,1,283.2,472.6
106,3521,2063916,283.2,472.7,275.0,456.5,279.1,464.6,0,1,283.2,472.7
106,3522,2063917,283.3,472.5,274.5,456.1,278.9,464.3,0,1,283.3,472.5
106,3523,2063918,283.3,472.1,273.9,455.8,278.6,463.95,0,1,283.3,472.1
106,3524,2063919,283.2,471.8,273.3,455.4,278.25,463.6,0,1,283.2,471.8
106,3525,2063920,283.1,471.4,272.7,455.3,277.9,463.35,0,1,283.1,471.4
106,3526,2063921,283.0,471.2,272.1,455.4,277.55,463.3,0,1,283.0,471.2
106,3527,2063922,282.9,471.1,271.7,455.5,277.3,463.3,0,1,282.9,471.1
106,3528,2063923,282.7,471.0,271.5,456.2,277.1,463.6,0,1,282.7,471.0
106,3529,2063924,282.3,471.2,271.3,456.9,276.8,464.05,0,1,282.3,471.2
106,3530,2063925,282.1,471.2,271.3,457.7,276.7,464.45,0,1,282.1,471.2
106,3531,2063926,282.0,471.3,271.2,458.3,276.6,464.8,0,1,282.0,471.3
106,3532,2063927,281.9,471.4,271.2,458.7,276.55,465.05,0,1,281.9,471.4
106,3533,2063928,281.8,471.4,271.1,459.1,276.45,465.25,0,1,281.8,471.4
107,3534,2063929,281.7,471.5,271.0,459.4,276.35,465.45,0,1,281.7,471.5
107,3535,2063930,281.5,471.6,270.9,459.0,276.2,465.3,0,1,281.5,471.6
107,3536,2063931,281.5,471.7,271.2,458.9,276.35,465.3,0,1,281.5,471.7
107,3537,2063932,281.4,472.1,271.4,458.7,276.4,465.4,0,1,281.4,472.1
107,3538,2063933,281.3,472.3,271.6,458.8,276.45,465.55,0,1,281.3,472.3
107,3539,2063934,281.3,472.5,271.5,459.0,276.4,465.75,0,1,281.3,472.5
107,3540,2063935,281.3,472.6,270.6,459.2,275.95,465.9,0,1,281.3,472.6
107,3541,2063936,281.2,472.6,269.8,459.6,275.5,466.1,0,1,281.2,472.6
107,3542,2063937,281.2,472.4,269.0,460.0,275.1,466.2,0,1,281.2,472.4
107,3543,2063938,281.1,472.3,268.0,460.3,274.55,466.3,0,1,281.1,472.3
107,3544,2063939,281.0,472.0,267.1,460.7,274.05,466.35,0,1,281.0,472.0
107,3545,2063940,280.8,471.9,266.4,460.8,273.6,466.35,0,1,280.8,471.9
107,3546,2063941,280.3,471.8,266.0,460.7,273.15,466.25,0,1,280.3,471.8
107,3547,2063942,279.8,471.8,266.5,459.9,273.15,465.85,0,1,279.8,471.8
107,3548,2063943,279.3,471.9,267.0,459.3,273.15,465.6,0,1,279.3,471.9
107,3549,2063944,278.7,472.2,267.4,458.6,273.05,465.4,0,1,278.7,472.2
107,3550,2063945,278.2,472.6,267.8,457.9,273.0,465.25,0,1,278.2,472.6
107,3551,2063946,277.8,472.9,267.6,457.1,272.7,465.0,0,1,277.8,472.9
107,3552,2063947,277.4,473.3,267.4,456.5,272.4,464.9,0,1,277.4,473.3
107,3553,2063948,277.3,473.5,267.2,456.3,272.25,464.9,0,1,277.3,473.5
107,3554,2063949,277.2,473.7,266.8,456.9,272.0,465.3,0,1,277.2,473.7
107,3555,2063950,277.2,473.8,266.3,457.5,271.75,465.65,0,1,277.2,473.8
107,3556,2063951,277.2,473.6,265.5,458.1,271.35,465.85,0,1,277.2,473.6
107,3557,2063952,277.2,473.3,264.7,458.6,270.95,465.95,0,1,277.2,473.3
107,3558,2063953,277.1,472.9,264.3,459.0,270.7,465.95,0,1,277.1,472.9
107,3559,2063954,276.8,472.6,263.9,459.1,270.35,465.85,0,1,276.8,472.6
107,3560,2063955,276.5,472.3,263.3,458.9,269.9,465.6,0,1,276.5,472.3
107,3561,2063956,276.2,472.0,262.7,458.6,269.45,465.3,0,1,276.2,472.0
107,3562,2063957,276.0,471.8,262.0,457.5,269.0,464.65,0,1,276.0,471.8
107,3563,2063958,275.7,471.6,261.8,456.2,268.75,463.9,0,1,275.7,471.6
107,3564,2063959,275.5,471.5,261.6,454.7,268.55,463.1,0,1,275.5,471.5
107,3565,2063960,275.3,471.4,261.5,453.4,268.4,462.4,0,1,275.3,471.4
107,3566,2063961,275.4,471.3,261.2,452.3,268.3,461.8,0,1,275.4,471.3
108,3567,2063962,275.6,471.2,261.0,450.9,268.3,461.05,0,1,275.6,471.2
108,3568,2063963,275.7,471.1,261.0,448.7,268.35,459.9,0,1,275.7,471.1
108,3569,2063964,275.9,471.2,260.9,447.3,268.4,459.25,0,1,275.9,471.2
108,3570,2063965,276.0,471.2,260.8,446.0,268.4,458.6,0,1,276.0,471.2
108,3571,2063966,276.0,471.4,260.6,445.0,268.3,458.2,0,1,276.0,471.4
108,3572,2063967,276.1,471.6,260.4,444.5,268.25,458.05,0,1,276.1,471.6
108,3573,2063968,276.1,471.8,260.1,445.4,268.1,458.6,0,1,276.1,471.8
108,3574,2063969,276.2,471.8,259.6,446.4,267.9,459.1,0,1,276.2,471.8
108,3575,2063970,276.4,471.7,259.1,448.3,267.75,460.0,0,1,276.4,471.7
108,3576,2063971,276.6,471.1,258.6,450.2,267.6,460.65,0,1,276.6,471.1
108,3577,2063972,276.8,470.4,258.2,452.0,267.5,461.2,0,1,276.8,470.4
108,3578,2063973,277.0,469.5,257.7,453.2,267.35,461.35,0,1,277.0,469.5
108,3579,2063974,277.4,468.6,257.4,454.0,267.4,461.3,0,1,277.4,468.6
108,3580,2063975,277.6,467.8,257.2,453.4,267.4,460.6,0,1,277.6,467.8
108,3581,2063976,277.6,467.3,257.3,452.8,267.45,460.05,0,1,277.6,467.3
108,3582,2063977,277.7,466.9,257.4,452.2,267.55,459.55,0,1,277.7,466.9
108,3583,2063978,277.6,467.0,257.6,451.6,267.6,459.3,0,1,277.6,467.0
108,3584,2063979,277.3,467.2,257.7,451.0,267.5,459.1,0,1,277.3,467.2
108,3585,2063980,277.0,467.7,257.8,450.8,267.4,459.25,0,1,277.0,467.7
108,3586,2063981,276.5,468.0,257.8,450.6,267.15,459.3,0,1,276.5,468.0
108,3587,2063982,276.1,468.2,257.7,450.6,266.9,459.4,0,1,276.1,468.2
108,3588,2063983,275.8,467.6,257.3,450.6,266.55,459.1,0,1,275.8,467.6
108,3589,2063984,275.7,467.0,256.8,450.6,266.25,458.8,0,1,275.7,467.0
108,3590,2063985,275.7,466.5,256.1,450.2,265.9,458.35,0,1,275.7,466.5
108,3591,2063986,275.8,466.3,255.4,449.6,265.6,457.95,0,1,275.8,466.3
108,3592,2063987,276.0,466.0,254.8,448.6,265.4,457.3,0,1,276.0,466.0
108,3593,2063988,276.3,465.8,254.3,447.6,265.3,456.7,0,1,276.3,465.8
108,3594,2063989,276.6,465.7,253.9,446.6,265.25,456.15,0,1,276.6,465.7
108,3595,2063990,276.8,466.0,254.1,445.5,265.45,455.75,0,1,276.8,466.0
108,3596,2063991,277.0,466.4,254.4,444.2,265.7,455.3,0,1,277.0,466.4
108,3597,2063992,277.0,466.6,254.9,443.2,265.95,454.9,0,1,277.0,466.6
108,3598,2063993,277.0,466.3,255.5,442.5,266.25,454.4,0,1,277.0,466.3
108,3599,2063994,277.1,465.9,256.2,442.1,266.65,454.0,0,1,277.1,465.9
108,3600,2063995,277.2,465.5,256.9,441.7,267.05,453.6,0,1,277.2,465.5
109,3601,2063996,277.3,465.3,257.4,441.6,267.35,453.45,0,1,277.3,465.3
109,3602,2063997,277.4,464.8,257.7,441.8,267.55,453.3,0,1,277.4,464.8
109,3603,2063998,277.4,464.3,257.9,442.7,267.65,453.5,0,1,277.4,464.3
109,3604,2063999,277.6,463.8,258.0,443.7,267.8,453.75,0,1,277.6,463.8
109,3605,2064000,277.7,463.4,258.0,444.7,267.85,454.05,0,1,277.7,463.4
109,3606,2064001,277.8,463.1,258.1,445.6,267.95,454.35,0,1,277.8,463.1
109,3607,2064002,277.8,462.7,258.8,446.6,268.3,454.65,0,1,277.8,462.7
109,3608,2064003,277.9,462.2,259.6,447.2,268.75,454.7,0,1,277.9,462.2
109,3609,2064004,278.1,461.5,260.5,447.6,269.3,454.55,0,1,278.1,461.5
109,3610,2064005,278.2,460.9,261.3,447.3,269.75,454.1,0,1,278.2,460.9
109,3611,2064006,278.2,460.3,262.1,447.8,270.15,454.05,0,1,278.2,460.3
109,3612,2064007,278.2,459.8,262.7,448.6,270.45,454.2,0,1,278.2,459.8
109,3613,2064008,278.2,459.1,263.2,449.4,270.7,454.25,0,1,278.2,459.1
109,3614,2064009,278.1,458.5,263.0,450.2,270.55,454.35,0,1,278.1,458.5
109,3615,2064010,278.1,458.0,262.8,451.1,270.45,454.55,0,1,278.1,458.0
109,3616,2064011,278.0,457.9,262.6,452.0,270.3,454.95,0,1,278.0,457.9
109,3617,2064012,277.9,457.8,262.8,452.5,270.35,455.15,0,1,277.9,457.8
109,3618,2064013,277.9,457.7,263.0,452.3,270.45,455.0,0,1,277.9,457.7
109,3619,2064014,277.9,457.5,263.3,451.8,270.6,454.65,0,1,277.9,457.5
109,3620,2064015,277.9,457.5,263.6,451.4,270.75,454.45,0,1,277.9,457.5
109,3621,2064016,277.9,457.6,263.9,451.2,270.9,454.4,0,1,277.9,457.6
109,3622,2064017,277.8,457.7,264.1,451.0,270.95,454.35,0,1,277.8,457.7
109,3623,2064018,277.7,457.7,264.2,450.9,270.95,454.3,0,1,277.7,457.7
109,3624,2064019,277.5,457.6,264.1,451.2,270.8,454.4,0,1,277.5,457.6
109,3625,2064020,277.1,456.8,263.9,451.4,270.5,454.1,0,1,277.1,456.8
109,3626,2064021,276.3,456.0,263.8,451.7,270.05,453.85,0,1,276.3,456.0
109,3627,2064022,275.5,455.1,263.7,452.0,269.6,453.55,0,1,275.5,455.1
109,3628,2064023,274.7,454.1,263.4,452.6,269.05,453.35,0,1,274.7,454.1
109,3629,2064024,274.0,453.1,262.8,453.3,268.4,453.2,0,1,274.0,453.1
109,3630,2064025,273.3,452.4,262.2,454.2,267.75,453.3,0,1,273.3,452.4
109,3631,2064026,272.7,451.8,261.7,455.0,267.2,453.4,0,1,272.7,451.8
109,3632,2064027,271.5,452.7,261.2,455.9,266.35,454.3,0,1,271.5,452.7
109,3633,2064028,270.7,453.5,260.5,456.7,265.6,455.1,0,1,270.7,453.5
110,3634,2064029,269.9,454.4,259.7,457.3,264.8,455.85,0,1,269.9,454.4
110,3635,2064030,269.4,454.1,258.8,457.4,264.1,455.75,0,1,269.4,454.1
110,3636,2064031,268.9,453.9,258.3,457.8,263.6,455.85,0,1,268.9,453.9
110,3637,2064032,268.4,453.6,257.7,458.6,263.05,456.1,0,1,268.4,453.6
110,3638,2064033,267.9,453.1,257.0,459.3,262.45,456.2,0,1,267.9,453.1
110,3639,2064034,268.2,452.0,256.3,460.3,262.25,456.15,0,1,268.2,452.0
110,3640,2064035,268.5,450.9,255.4,461.3,261.95,456.1,0,1,268.5,450.9
110,3641,2064036,268.8,449.9,254.7,462.4,261.75,456.15,0,1,268.8,449.9
110,3642,2064037,268.7,450.0,254.2,463.6,261.45,456.8,0,1,268.7,450.0
110,3643,2064038,268.7,450.2,253.7,464.9,261.2,457.55,0,1,268.7,450.2
110,3644,2064039,268.6,450.6,253.3,465.7,260.95,458.15,0,1,268.6,450.6
110,3645,2064040,268.5,451.0,252.9,466.4,260.7,458.7,0,1,268.5,451.0
110,3646,2064041,268.4,451.3,253.0,467.0,260.7,459.15,0,1,268.4,451.3
110,3647,2064042,267.9,451.5,253.2,467.5,260.55,459.5,0,1,267.9,451.5
110,3648,2064043,267.5,451.7,254.6,468.0,261.05,459.85,0,1,267.5,451.7
110,3649,2064044,266.8,451.9,256.1,468.3,261.45,460.1,0,1,266.8,451.9
110,3650,2064045,265.9,450.5,257.8,468.2,261.85,459.35,0,1,265.9,450.5
110,3651,2064046,265.1,448.7,259.5,465.1,262.3,456.9,0,1,265.1,448.7
110,3652,2064047,264.1,446.7,261.3,462.0,262.7,454.35,0,1,264.1,446.7
110,3653,2064048,263.2,443.9,262.8,456.8,263.0,450.35,0,1,263.2,443.9
110,3654,2064049,262.6,439.7,264.4,450.6,263.5,445.15,0,1,262.6,439.7
110,3655,2064050,260.5,434.8,264.6,442.9,262.55,438.85,0,1,260.5,434.8
110,3656,2064051,258.7,427.3,264.8,434.9,261.75,431.1,0,1,258.7,427.3
110,3657,2064052,256.2,420.8,265.0,426.0,260.6,423.4,0,1,256.2,420.8
110,3658,2064053,253.3,413.6,264.0,418.0,258.65,415.8,0,1,253.3,413.6
110,3659,2064054,249.4,405.9,262.4,408.5,255.9,407.2,0,1,249.4,405.9
110,3660,2064055,245.7,397.5,260.5,400.8,253.1,399.15,0,1,245.7,397.5
110,3661,2064056,241.8,390.6,258.7,392.9,250.25,391.75,0,1,241.8,390.6
110,3662,2064057,239.4,384.6,257.0,386.4,248.2,385.5,0,1,239.4,384.6
110,3663,2064058,236.4,381.0,255.3,379.9,245.85,380.45,0,1,236.4,381.0
110,3664,2064059,234.3,377.7,253.6,374.1,243.95,375.9,0,1,234.3,377.7
110,3665,2064060,232.6,375.3,252.9,370.4,242.75,372.85,0,1,232.6,375.3
110,3666,2064061,232.2,373.5,252.7,368.1,242.45,370.8,0,1,232.2,373.5
111,3667,2064062,231.8,373.3,252.7,366.4,242.25,369.85,0,1,231.8,373.3
111,3668,2064063,231.5,373.7,252.7,365.9,242.1,369.8,0,1,231.5,373.7
111,3669,2064064,231.3,374.1,252.7,365.9,242.0,370.0,0,1,231.3,374.1
111,3670,2064065,232.0,374.8,252.5,366.8,242.25,370.8,0,1,232.0,374.8
111,3671,2064066,233.2,375.6,252.3,368.3,242.75,371.95,0,1,233.2,375.6
111,3672,2064067,234.3,376.5,252.1,369.8,243.2,373.15,0,1,234.3,376.5
111,3673,2064068,235.3,377.5,252.0,371.4,243.65,374.45,0,1,235.3,377.5
111,3674,2064069,236.2,378.5,251.9,372.8,244.05,375.65,0,1,236.2,378.5
111,3675,2064070,237.0,378.5,252.2,374.1,244.6,376.3,0,1,237.0,378.5
111,3676,2064071,237.9,378.4,252.6,375.1,245.25,376.75,0,1,237.9,378.4
111,3677,2064072,238.4,378.1,253.2,375.3,245.8,376.7,0,1,238.4,378.1
111,3678,2064073,238.6,377.7,254.0,375.1,246.3,376.4,0,1,238.6,377.7
111,3679,2064074,238.8,377.0,254.7,374.6,246.75,375.8,0,1,238.8,377.0
111,3680,2064075,239.3,376.4,255.3,374.0,247.3,375.2,0,1,239.3,376.4
111,3681,2064076,239.8,375.6,255.9,373.5,247.85,374.55,0,1,239.8,375.6
111,3682,2064077,240.3,374.9,256.1,373.0,248.2,373.95,0,1,240.3,374.9
111,3683,2064078,240.6,374.3,256.2,372.8,248.4,373.55,0,1,240.6,374.3
111,3684,2064079,240.9,373.7,256.0,373.1,248.45,373.4,0,1,240.9,373.7
111,3685,2064080,241.1,373.1,255.6,374.0,248.35,373.55,0,1,241.1,373.1
111,3686,2064081,241.2,372.3,255.1,375.0,248.15,373.65,0,1,241.2,372.3
111,3687,2064082,241.0,371.6,254.7,376.2,247.85,373.9,0,1,241.0,371.6
111,3688,2064083,240.9,370.9,254.3,377.4,247.6,374.15,0,1,240.9,370.9
111,3689,2064084,240.7,370.6,253.8,378.5,247.25,374.55,0,1,240.7,370.6
111,3690,2064085,240.4,370.2,253.3,380.1,246.85,375.15,0,1,240.4,370.2
111,3691,2064086,240.1,369.9,252.9,381.4,246.5,375.65,0,1,240.1,369.9
111,3692,2064087,239.7,369.8,252.5,382.3,246.1,376.05,0,1,239.7,369.8
111,3693,2064088,239.4,370.0,252.2,383.2,245.8,376.6,0,1,239.4,370.0
111,3694,2064089,239.1,370.4,251.9,384.0,245.5,377.2,0,1,239.1,370.4
111,3695,2064090,238.6,370.8,251.4,384.9,245.0,377.85,0,1,238.6,370.8
111,3696,2064091,238.3,371.0,251.1,385.7,244.7,378.35,0,1,238.3,371.0
111,3697,2064092,238.1,371.0,250.9,385.8,244.5,378.4,0,1,238.1,371.0
111,3698,2064093,237.9,370.6,250.9,385.9,244.4,378.25,0,1,237.9,370.6
111,3699,2064094,237.8,370.2,251.4,386.0,244.6,378.1,0,1,237.8,370.2
111,3700,2064095,237.8,369.5,252.0,386.0,244.9,377.75,0,1,237.8,369.5
112,3701,2064096,237.7,368.8,252.7,386.0,245.2,377.4,0,1,237.7,368.8
112,3702,2064097,237.8,368.2,253.4,386.3,245.6,377.25,0,1,237.8,368.2
112,3703,2064098,237.8,367.9,254.2,386.9,246.0,377.4,0,1,237.8,367.9
112,3704,2064099,238.2,367.8,254.8,387.7,246.5,377.75,0,1,238.2,367.8
112,3705,2064100,238.5,367.7,255.3,388.7,246.9,378.2,0,1,238.5,367.7
112,3706,2064101,238.8,367.6,255.2,390.1,247.0,378.85,0,1,238.8,367.6
112,3707,2064102,239.2,367.4,254.9,391.6,247.05,379.5,0,1,239.2,367.4
112,3708,2064103,239.6,367.1,254.5,393.2,247.05,380.15,0,1,239.6,367.1
112,3709,2064104,240.0,366.7,254.1,394.6,247.05,380.65,0,1,240.0,366.7
112,3710,2064105,240.4,366.6,253.7,395.6,247.05,381.1,0,1,240.4,366.6
112,3711,2064106,240.4,367.1,253.4,396.4,246.9,381.75,0,1,240.4,367.1
112,3712,2064107,240.3,367.8,253.3,396.8,246.8,382.3,0,1,240.3,367.8
112,3713,2064108,240.2,368.7,253.3,396.7,246.75,382.7,0,1,240.2,368.7
112,3714,2064109,240.1,369.7,253.6,396.5,246.85,383.1,0,1,240.1,369.7
112,3715,2064110,240.0,370.8,254.0,396.2,247.0,383.5,0,1,240.0,370.8
112,3716,2064111,239.8,371.9,254.6,395.9,247.2,383.9,0,1,239.8,371.9
112,3717,2064112,239.8,372.3,255.2,395.6,247.5,383.95,0,1,239.8,372.3
112,3718,2064113,239.7,372.2,255.7,395.3,247.7,383.75,0,1,239.7,372.2
112,3719,2064114,239.7,372.0,256.1,395.3,247.9,383.65,0,1,239.7,372.0
112,3720,2064115,239.7,371.7,256.5,395.3,248.1,383.5,0,1,239.7,371.7
112,3721,2064116,239.6,371.5,256.8,395.5,248.2,383.5,0,1,239.6,371.5
112,3722,2064117,239.7,371.2,256.8,396.0,248.25,383.6,0,1,239.7,371.2
112,3723,2064118,239.8,371.0,256.8,396.5,248.3,383.75,0,1,239.8,371.0
112,3724,2064119,239.9,370.7,256.8,396.9,248.35,383.8,0,1,239.9,370.7
112,3725,2064120,240.0,370.4,256.8,397.4,248.4,383.9,0,1,240.0,370.4
112,3726,2064121,240.2,370.2,256.8,398.0,248.5,384.1,0,1,240.2,370.2
112,3727,2064122,240.3,370.1,256.7,398.4,248.5,384.25,0,1,240.3,370.1
112,3728,2064123,240.4,370.3,256.7,399.0,248.55,384.65,0,1,240.4,370.3
112,3729,2064124,240.3,370.5,256.8,399.3,248.55,384.9,0,1,240.3,370.5
112,3730,2064125,240.3,370.7,257.0,399.8,248.65,385.25,0,1,240.3,370.7
112,3731,2064126,240.2,370.7,257.2,400.6,248.7,385.65,0,1,240.2,370.7
112,3732,2064127,240.2,370.7,257.6,402.0,248.9,386.35,0,1,240.2,370.7
112,3733,2064128,240.2,370.8,258.0,403.4,249.1,387.1,0,1,240.2,370.8
113,3734,2064129,240.2,370.8,258.5,404.7,249.35,387.75,0,1,240.2,370.8
113,3735,2064130,240.3,370.7,259.1,405.9,249.7,388.3,0,1,240.3,370.7
113,3736,2064131,240.3,370.7,259.7,407.1,250.0,388.9,0,1,240.3,370.7
113,3737,2064132,240.3,370.8,260.2,408.0,250.25,389.4,0,1,240.3,370.8
113,3738,2064133,240.1,371.0,260.6,408.7,250.35,389.85,0,1,240.1,371.0
113,3739,2064134,240.0,371.3,260.8,408.7,250.4,390.0,0,1,240.0,371.3
113,3740,2064135,239.9,371.0,261.0,408.7,250.45,389.85,0,1,239.9,371.0
113,3741,2064136,239.9,370.8,261.0,409.2,250.45,390.0,0,1,239.9,370.8
113,3742,2064137,239.9,370.3,261.3,409.6,250.6,389.95,0,1,239.9,370.3
113,3743,2064138,240.0,369.9,261.6,409.9,250.8,389.9,0,1,240.0,369.9
113,3744,2064139,240.1,369.8,261.9,409.7,251.0,389.75,0,1,240.1,369.8
113,3745,2064140,240.3,369.8,262.3,409.5,251.3,389.65,0,1,240.3,369.8
113,3746,2064141,240.5,369.9,262.7,409.3,251.6,389.6,0,1,240.5,369.9
113,3747,2064142,240.5,370.5,263.1,408.9,251.8,389.7,0,1,240.5,370.5
113,3748,2064143,240.5,370.9,263.4,408.1,251.95,389.5,0,1,240.5,370.9
113,3749,2064144,240.5,371.0,263.2,407.3,251.85,389.15,0,1,240.5,371.0
113,3750,2064145,240.5,371.1,263.0,406.8,251.75,388.95,0,1,240.5,371.1
113,3751,2064146,240.5,370.9,262.7,406.9,251.6,388.9,0,1,240.5,370.9
113,3752,2064147,240.5,371.0,262.4,407.2,251.45,389.1,0,1,240.5,371.0
113,3753,2064148,240.5,371.0,262.1,407.8,251.3,389.4,0,1,240.5,371.0
113,3754,2064149,240.5,371.0,262.0,409.1,251.25,390.05,0,1,240.5,371.0
113,3755,2064150,240.4,371.3,261.9,410.5,251.15,390.9,0,1,240.4,371.3
113,3756,2064151,240.4,371.8,262.0,411.9,251.2,391.85,0,1,240.4,371.8
113,3757,2064152,240.5,372.3,262.2,413.3,251.35,392.8,0,1,240.5,372.3
113,3758,2064153,240.6,373.0,262.5,414.5,251.55,393.75,0,1,240.6,373.0
113,3759,2064154,240.6,373.9,262.9,415.5,251.75,394.7,0,1,240.6,373.9
113,3760,2064155,240.7,374.7,263.9,416.4,252.3,395.55,0,1,240.7,374.7
113,3761,2064156,240.7,375.3,264.8,416.6,252.75,395.95,0,1,240.7,375.3
113,3762,2064157,240.6,376.0,265.7,416.9,253.15,396.45,0,1,240.6,376.0
113,3763,2064158,240.4,376.7,266.4,417.1,253.4,396.9,0,1,240.4,376.7
113,3764,2064159,240.1,377.4,267.1,417.7,253.6,397.55,0,1,240.1,377.4
113,3765,2064160,239.9,378.0,267.1,418.1,253.5,398.05,0,1,239.9,378.0
113,3766,2064161,239.7,377.9,266.9,419.1,253.3,398.5,0,1,239.7,377.9
114,3767,2064162,239.6,377.8,266.1,420.0,252.85,398.9,0,1,239.6,377.8
114,3768,2064163,239.5,377.8,265.2,420.9,252.35,399.35,0,1,239.5,377.8
114,3769,2064164,239.5,377.6,264.4,421.7,251.95,399.65,0,1,239.5,377.6
114,3770,2064165,239.6,377.3,263.7,422.4,251.65,399.85,0,1,239.6,377.3
114,3771,2064166,239.7,376.8,263.3,422.8,251.5,399.8,0,1,239.7,376.8
114,3772,2064167,239.9,376.3,263.5,423.1,251.7,399.7,0,1,239.9,376.3
114,3773,2064168,239.9,375.9,264.0,423.0,251.95,399.45,0,1,239.9,375.9
114,3774,2064169,239.8,375.6,265.0,422.3,252.4,398.95,0,1,239.8,375.6
114,3775,2064170,239.7,375.3,266.0,421.7,252.85,398.5,0,1,239.7,375.3
114,3776,2064171,239.7,375.0,267.0,421.0,253.35,398.0,0,1,239.7,375.0
114,3777,2064172,239.6,374.9,267.9,420.3,253.75,397.6,0,1,239.6,374.9
114,3778,2064173,239.6,374.4,268.4,419.9,254.0,397.15,0,1,239.6,374.4
114,3779,2064174,239.5,373.8,268.7,419.6,254.1,396.7,0,1,239.5,373.8
114,3780,2064175,239.4,373.3,268.7,419.3,254.05,396.3,0,1,239.4,373.3
114,3781,2064176,239.3,372.7,268.4,419.4,253.85,396.05,0,1,239.3,372.7
114,3782,2064177,239.1,371.9,268.1,419.7,253.6,395.8,0,1,239.1,371.9
114,3783,2064178,238.9,371.1,267.7,419.9,253.3,395.5,0,1,238.9,371.1
114,3784,2064179,238.7,370.6,267.4,419.9,253.05,395.25,0,1,238.7,370.6
114,3785,2064180,238.4,370.8,267.2,420.0,252.8,395.4,0,1,238.4,370.8
114,3786,2064181,238.1,371.7,267.1,419.9,252.6,395.8,0,1,238.1,371.7
114,3787,2064182,237.7,372.7,267.0,419.9,252.35,396.3,0,1,237.7,372.7
114,3788,2064183,237.6,373.8,266.8,420.0,252.2,396.9,0,1,237.6,373.8
114,3789,2064184,237.5,375.1,266.7,420.2,252.1,397.65,0,1,237.5,375.1
114,3790,2064185,237.5,376.2,266.6,420.4,252.05,398.3,0,1,237.5,376.2
114,3791,2064186,237.4,376.8,266.6,420.8,252.0,398.8,0,1,237.4,376.8
114,3792,2064187,237.4,377.2,266.6,421.2,252.0,399.2,0,1,237.4,377.2
114,3793,2064188,237.4,376.7,266.6,421.8,252.0,399.25,0,1,237.4,376.7
114,3794,2064189,237.5,376.3,266.7,422.1,252.1,399.2,0,1,237.5,376.3
114,3795,2064190,237.5,376.1,266.7,422.3,252.1,399.2,0,1,237.5,376.1
114,3796,2064191,237.5,376.4,266.8,422.3,252.15,399.35,0,1,237.5,376.4
114,3797,2064192,237.5,376.9,266.9,422.4,252.2,399.65,0,1,237.5,376.9
114,3798,2064193,237.6,377.6,267.0,422.0,252.3,399.8,0,1,237.6,377.6
114,3799,2064194,237.6,378.2,267.1,421.6,252.35,399.9,0,1,237.6,378.2
114,3800,2064195,237.6,378.8,267.1,421.2,252.35,400.0,0,1,237.6,378.8
115,3801,2064196,237.6,379.0,267.1,421.1,252.35,400.05,0,1,237.6,379.0
115,3802,2064197,237.6,379.0,267.1,421.8,252.35,400.4,0,1,237.6,379.0
115,3803,2064198,237.5,378.4,267.0,422.6,252.25,400.5,0,1,237.5,378.4
115,3804,2064199,237.4,377.9,267.0,423.4,252.2,400.65,0,1,237.4,377.9
115,3805,2064200,237.2,377.4,267.0,424.6,252.1,401.0,0,1,237.2,377.4
115,3806,2064201,237.1,376.8,267.3,425.8,252.2,401.3,0,1,237.1,376.8
115,3807,2064202,237.1,376.4,267.7,426.9,252.4,401.65,0,1,237.1,376.4
115,3808,2064203,237.1,376.3,268.1,427.7,252.6,402.0,0,1,237.1,376.3
115,3809,2064204,237.1,376.0,268.5,427.7,252.8,401.85,0,1,237.1,376.0
115,3810,2064205,237.2,375.6,268.9,427.7,253.05,401.65,0,1,237.2,375.6
115,3811,2064206,237.3,375.0,269.2,427.7,253.25,401.35,0,1,237.3,375.0
115,3812,2064207,237.5,374.3,269.5,427.6,253.5,400.95,0,1,237.5,374.3
115,3813,2064208,237.7,373.8,269.4,427.3,253.55,400.55,0,1,237.7,373.8
115,3814,2064209,237.8,373.4,269.3,427.0,253.55,400.2,0,1,237.8,373.4
115,3815,2064210,238.0,373.0,269.3,426.6,253.65,399.8,0,1,238.0,373.0
115,3816,2064211,238.1,372.9,269.5,426.2,253.8,399.55,0,1,238.1,372.9
115,3817,2064212,238.3,373.0,269.7,425.9,254.0,399.45,0,1,238.3,373.0
115,3818,2064213,238.3,373.4,270.0,425.7,254.15,399.55,0,1,238.3,373.4
115,3819,2064214,238.3,373.9,270.3,425.5,254.3,399.7,0,1,238.3,373.9
115,3820,2064215,238.1,374.3,270.6,425.5,254.35,399.9,0,1,238.1,374.3
115,3821,2064216,238.0,374.6,270.9,425.6,254.45,400.1,0,1,238.0,374.6
115,3822,2064217,237.9,374.8,271.2,425.7,254.55,400.25,0,1,237.9,374.8
115,3823,2064218,237.7,374.8,271.4,425.8,254.55,400.3,0,1,237.7,374.8
115,3824,2064219,237.5,374.7,271.5,425.8,254.5,400.25,0,1,237.5,374.7
115,3825,2064220,237.4,374.6,271.6,425.7,254.5,400.15,0,1,237.4,374.6
115,3826,2064221,237.2,374.4,271.7,425.6,254.45,400.0,0,1,237.2,374.4
115,3827,2064222,237.1,374.3,271.9,425.6,254.5,399.95,0,1,237.1,374.3
115,3828,2064223,237.0,374.4,272.0,425.6,254.5,400.0,0,1,237.0,374.4
115,3829,2064224,237.0,374.8,272.1,425.6,254.55,400.2,0,1,237.0,374.8
115,3830,2064225,236.9,375.3,272.2,425.7,254.55,400.5,0,1,236.9,375.3
115,3831,2064226,236.8,375.8,272.3,425.8,254.55,400.8,0,1,236.8,375.8
115,3832,2064227,236.7,376.1,272.2,425.9,254.45,401.0,0,1,236.7,376.1
115,3833,2064228,236.7,376.1,271.7,426.5,254.2,401.3,0,1,236.7,376.1
116,3834,2064229,236.6,375.9,271.2,427.0,253.9,401.45,0,1,236.6,375.9
116,3835,2064230,236.5,375.5,270.6,427.4,253.55,401.45,0,1,236.5,375.5
116,3836,2064231,236.4,374.8,270.1,427.9,253.25,401.35,0,1,236.4,374.8
116,3837,2064232,236.4,374.2,269.5,428.4,252.95,401.3,0,1,236.4,374.2
116,3838,2064233,236.4,373.7,269.1,428.8,252.75,401.25,0,1,236.4,373.7
116,3839,2064234,236.6,373.7,268.7,429.2,252.65,401.45,0,1,236.6,373.7
116,3840,2064235,236.8,373.9,268.9,429.3,252.85,401.6,0,1,236.8,373.9
116,3841,2064236,237.0,374.3,269.0,429.2,253.0,401.75,0,1,237.0,374.3
116,3842,2064237,237.1,374.8,269.1,428.9,253.1,401.85,0,1,237.1,374.8
116,3843,2064238,237.2,375.3,269.2,428.5,253.2,401.9,0,1,237.2,375.3
116,3844,2064239,237.3,375.7,269.3,428.1,253.3,401.9,0,1,237.3,375.7
116,3845,2064240,237.3,376.3,269.4,427.7,253.35,402.0,0,1,237.3,376.3
116,3846,2064241,237.4,376.6,269.5,427.2,253.45,401.9,0,1,237.4,376.6
116,3847,2064242,237.5,376.9,269.4,426.8,253.45,401.85,0,1,237.5,376.9
116,3848,2064243,237.6,377.2,269.5,426.4,253.55,401.8,0,1,237.6,377.2
116,3849,2064244,237.5,377.5,269.6,426.4,253.55,401.95,0,1,237.5,377.5
116,3850,2064245,237.5,377.7,269.7,426.8,253.6,402.25,0,1,237.5,377.7
116,3851,2064246,237.5,377.7,269.9,427.1,253.7,402.4,0,1,237.5,377.7
116,3852,2064247,237.4,377.5,270.2,427.4,253.8,402.45,0,1,237.4,377.5
116,3853,2064248,237.2,377.3,270.4,427.7,253.8,402.5,0,1,237.2,377.3
116,3854,2064249,237.0,377.1,270.5,428.1,253.75,402.6,0,1,237.0,377.1
116,3855,2064250,236.9,376.9,270.5,428.6,253.7,402.75,0,1,236.9,376.9
116,3856,2064251,237.0,376.8,270.5,428.8,253.75,402.8,0,1,237.0,376.8
116,3857,2064252,237.1,376.7,270.5,428.9,253.8,402.8,0,1,237.1,376.7
116,3858,2064253,237.2,376.8,270.4,429.3,253.8,403.05,0,1,237.2,376.8
116,3859,2064254,237.3,377.8,270.2,429.7,253.75,403.75,0,1,237.3,377.8
116,3860,2064255,237.3,378.7,270.1,430.1,253.7,404.4,0,1,237.3,378.7
116,3861,2064256,237.4,379.6,270.1,430.6,253.75,405.1,0,1,237.4,379.6
116,3862,2064257,237.4,380.5,270.0,430.9,253.7,405.7,0,1,237.4,380.5
116,3863,2064258,237.4,381.2,270.1,431.2,253.75,406.2,0,1,237.4,381.2
116,3864,2064259,237.4,381.7,270.0,431.5,253.7,406.6,0,1,237.4,381.7
116,3865,2064260,237.5,382.1,269.9,431.8,253.7,406.95,0,1,237.5,382.1
116,3866,2064261,237.6,381.8,269.5,432.0,253.55,406.9,0,1,237.6,381.8
117,3867,2064262,237.7,381.5,269.1,432.1,253.4,406.8,0,1,237.7,381.5
117,3868,2064263,237.8,381.2,268.9,432.3,253.35,406.75,0,1,237.8,381.2
117,3869,2064264,237.9,380.9,269.0,433.0,253.45,406.95,0,1,237.9,380.9
117,3870,2064265,238.0,380.7,268.9,433.6,253.45,407.15,0,1,238.0,380.7
117,3871,2064266,238.1,380.8,269.0,434.4,253.55,407.6,0,1,238.1,380.8
117,3872,2064267,238.1,380.8,269.1,435.0,253.6,407.9,0,1,238.1,380.8
117,3873,2064268,238.1,380.8,269.7,435.8,253.9,408.3,0,1,238.1,380.8
117,3874,2064269,238.1,380.8,270.2,436.6,254.15,408.7,0,1,238.1,380.8
117,3875,2064270,238.1,380.7,270.5,437.3,254.3,409.0,0,1,238.1,380.7
117,3876,2064271,238.0,380.7,270.5,437.4,254.25,409.05,0,1,238.0,380.7
117,3877,2064272,238.0,380.6,270.2,437.2,254.1,408.9,0,1,238.0,380.6
117,3878,2064273,237.9,380.5,269.9,436.8,253.9,408.65,0,1,237.9,380.5
117,3879,2064274,237.8,380.5,269.7,436.0,253.75,408.25,0,1,237.8,380.5
117,3880,2064275,237.7,380.4,269.4,434.9,253.55,407.65,0,1,237.7,380.4
117,3881,2064276,237.5,380.5,269.0,434.0,253.25,407.25,0,1,237.5,380.5
117,3882,2064277,237.3,380.6,268.7,433.4,253.0,407.0,0,1,237.3,380.6
117,3883,2064278,237.1,380.9,268.4,432.9,252.75,406.9,0,1,237.1,380.9
117,3884,2064279,236.9,381.4,268.4,432.8,252.65,407.1,0,1,236.9,381.4
117,3885,2064280,236.4,381.9,268.3,432.7,252.35,407.3,0,1,236.4,381.9
117,3886,2064281,235.9,382.9,268.3,433.2,252.1,408.05,0,1,235.9,382.9
117,3887,2064282,235.5,383.9,268.3,433.6,251.9,408.75,0,1,235.5,383.9
117,3888,2064283,235.1,384.8,268.3,433.9,251.7,409.35,0,1,235.1,384.8
117,3889,2064284,234.7,385.7,268.3,433.9,251.5,409.8,0,1,234.7,385.7
117,3890,2064285,234.5,386.5,268.2,433.9,251.35,410.2,0,1,234.5,386.5
117,3891,2064286,234.3,387.2,268.3,433.9,251.3,410.55,0,1,234.3,387.2
117,3892,2064287,234.5,387.9,268.3,434.0,251.4,410.95,0,1,234.5,387.9
117,3893,2064288,234.6,388.2,268.3,434.2,251.45,411.2,0,1,234.6,388.2
117,3894,2064289,234.8,388.5,268.3,434.9,251.55,411.7,0,1,234.8,388.5
117,3895,2064290,234.9,388.8,268.3,435.6,251.6,412.2,0,1,234.9,388.8
117,3896,2064291,235.2,389.0,268.2,436.3,251.7,412.65,0,1,235.2,389.0
117,3897,2064292,235.3,389.2,268.2,437.0,251.75,413.1,0,1,235.3,389.2
117,3898,2064293,235.4,389.5,267.9,437.8,251.65,413.65,0,1,235.4,389.5
117,3899,2064294,235.3,389.5,267.7,438.4,251.5,413.95,0,1,235.3,389.5
117,3900,2064295,235.3,389.6,267.4,439.5,251.35,414.55,0,1,235.3,389.6
118,3901,2064296,235.2,389.7,266.9,440.0,251.05,414.85,0,1,235.2,389.7
118,3902,2064297,235.2,389.9,266.3,440.7,250.75,415.3,0,1,235.2,389.9
118,3903,2064298,235.1,390.0,265.8,441.4,250.45,415.7,0,1,235.1,390.0
118,3904,2064299,235.1,390.2,265.2,442.1,250.15,416.15,0,1,235.1,390.2
118,3905,2064300,235.1,390.3,264.8,442.9,249.95,416.6,0,1,235.1,390.3
118,3906,2064301,235.2,390.4,264.5,443.6,249.85,417.0,0,1,235.2,390.4
118,3907,2064302,235.3,390.4,264.2,443.9,249.75,417.15,0,1,235.3,390.4
118,3908,2064303,235.3,390.4,264.3,444.0,249.8,417.2,0,1,235.3,390.4
118,3909,2064304,235.1,390.4,264.5,443.9,249.8,417.15,0,1,235.1,390.4
118,3910,2064305,234.8,390.3,264.7,443.8,249.75,417.05,0,1,234.8,390.3
118,3911,2064306,234.5,390.2,265.0,443.7,249.75,416.95,0,1,234.5,390.2
118,3912,2064307,234.0,390.2,265.2,443.5,249.6,416.85,0,1,234.0,390.2
118,3913,2064308,233.4,390.3,265.6,443.5,249.5,416.9,0,1,233.4,390.3
118,3914,2064309,232.9,390.7,266.0,443.6,249.45,417.15,0,1,232.9,390.7
118,3915,2064310,232.4,391.1,266.2,443.9,249.3,417.5,0,1,232.4,391.1
118,3916,2064311,232.2,391.6,266.4,444.3,249.3,417.95,0,1,232.2,391.6
118,3917,2064312,232.1,392.1,266.5,444.6,249.3,418.35,0,1,232.1,392.1
118,3918,2064313,232.0,392.9,266.5,444.9,249.25,418.9,0,1,232.0,392.9
118,3919,2064314,231.9,393.8,266.3,445.2,249.1,419.5,0,1,231.9,393.8
118,3920,2064315,231.3,394.9,265.8,445.4,248.55,420.15,0,1,231.3,394.9
118,3921,2064316,230.6,395.6,265.4,445.3,248.0,420.45,0,1,230.6,395.6
118,3922,2064317,230.0,396.5,265.0,445.3,247.5,420.9,0,1,230.0,396.5
118,3923,2064318,229.4,397.6,264.4,445.2,246.9,421.4,0,1,229.4,397.6
118,3924,2064319,228.9,398.7,263.9,445.1,246.4,421.9,0,1,228.9,398.7
118,3925,2064320,228.4,400.1,263.5,445.1,245.95,422.6,0,1,228.4,400.1
118,3926,2064321,227.9,401.2,263.4,445.1,245.65,423.15,0,1,227.9,401.2
118,3927,2064322,228.2,402.1,263.0,445.3,245.6,423.7,0,1,228.2,402.1
118,3928,2064323,228.5,403.0,262.6,445.7,245.55,424.35,0,1,228.5,403.0
118,3929,2064324,228.9,403.7,262.2,446.6,245.55,425.15,0,1,228.9,403.7
118,3930,2064325,229.3,404.2,262.0,447.4,245.65,425.8,0,1,229.3,404.2
118,3931,2064326,229.6,404.3,262.0,448.4,245.8,426.35,0,1,229.6,404.3
118,3932,2064327,230.0,404.1,262.0,449.5,246.0,426.8,0,1,230.0,404.1
118,3933,2064328,230.2,403.8,262.1,450.5,246.15,427.15,0,1,230.2,403.8
119,3934,2064329,230.4,403.2,262.5,452.2,246.45,427.7,0,1,230.4,403.2
119,3935,2064330,230.5,402.7,262.9,453.8,246.7,428.25,0,1,230.5,402.7
119,3936,2064331,230.4,402.5,263.2,454.9,246.8,428.7,0,1,230.4,402.5
119,3937,2064332,230.3,402.5,263.7,455.8,247.0,429.15,0,1,230.3,402.5
119,3938,2064333,230.1,403.3,264.0,456.2,247.05,429.75,0,1,230.1,403.3
119,3939,2064334,229.8,404.3,264.2,456.5,247.0,430.4,0,1,229.8,404.3
119,3940,2064335,229.6,405.5,264.4,456.8,247.0,431.15,0,1,229.6,405.5
119,3941,2064336,229.3,407.1,264.5,455.9,246.9,431.5,0,1,229.3,407.1
119,3942,2064337,229.0,408.7,264.6,454.6,246.8,431.65,0,1,229.0,408.7
119,3943,2064338,228.7,410.1,264.8,453.4,246.75,431.75,0,1,228.7,410.1
119,3944,2064339,228.3,411.4,264.8,452.3,246.55,431.85,0,1,228.3,411.4
119,3945,2064340,228.0,411.9,264.8,451.6,246.4,431.75,0,1,228.0,411.9
119,3946,2064341,227.8,412.4,264.8,450.6,246.3,431.5,0,1,227.8,412.4
119,3947,2064342,227.7,412.1,264.9,449.7,246.3,430.9,0,1,227.7,412.1
119,3948,2064343,227.7,411.6,265.0,449.0,246.35,430.3,0,1,227.7,411.6
119,3949,2064344,227.8,411.2,265.0,448.7,246.4,429.95,0,1,227.8,411.2
119,3950,2064345,227.8,411.3,264.9,448.2,246.35,429.75,0,1,227.8,411.3
119,3951,2064346,228.0,411.5,264.8,447.8,246.4,429.65,0,1,228.0,411.5
119,3952,2064347,228.1,411.6,264.5,447.5,246.3,429.55,0,1,228.1,411.6
119,3953,2064348,228.2,411.9,264.2,447.4,246.2,429.65,0,1,228.2,411.9
119,3954,2064349,228.3,412.8,264.0,447.4,246.15,430.1,0,1,228.3,412.8
119,3955,2064350,228.3,413.6,263.8,448.2,246.05,430.9,0,1,228.3,413.6
119,3956,2064351,228.2,414.4,263.7,449.0,245.95,431.7,0,1,228.2,414.4
119,3957,2064352,228.1,414.6,263.8,449.9,245.95,432.25,0,1,228.1,414.6
119,3958,2064353,228.0,414.7,264.0,450.9,246.0,432.8,0,1,228.0,414.7
119,3959,2064354,227.9,414.8,264.5,451.9,246.2,433.35,0,1,227.9,414.8
119,3960,2064355,227.8,414.9,265.0,452.9,246.4,433.9,0,1,227.8,414.9
119,3961,2064356,227.9,415.0,265.5,453.8,246.7,434.4,0,1,227.9,415.0
119,3962,2064357,228.0,415.3,265.9,453.9,246.95,434.6,0,1,228.0,415.3
119,3963,2064358,228.1,415.7,266.0,454.1,247.05,434.9,0,1,228.1,415.7
119,3964,2064359,228.2,416.3,265.9,454.3,247.05,435.3,0,1,228.2,416.3
119,3965,2064360,228.1,416.8,265.7,454.5,246.9,435.65,0,1,228.1,416.8
119,3966,2064361,228.1,417.6,265.2,454.7,246.65,436.15,0,1,228.1,417.6
120,3967,2064362,228.0,418.4,264.8,455.0,246.4,436.7,0,1,228.0,418.4
120,3968,2064363,227.8,419.0,264.3,455.2,246.05,437.1,0,1,227.8,419.0
120,3969,2064364,227.6,419.5,263.9,455.5,245.75,437.5,0,1,227.6,419.5
120,3970,2064365,227.7,419.9,263.5,455.7,245.6,437.8,0,1,227.7,419.9
120,3971,2064366,227.8,420.2,263.4,455.9,245.6,438.05,0,1,227.8,420.2
120,3972,2064367,228.1,420.6,263.5,455.7,245.8,438.15,0,1,228.1,420.6
120,3973,2064368,228.4,420.6,263.7,455.0,246.05,437.8,0,1,228.4,420.6
120,3974,2064369,228.7,420.8,263.9,454.4,246.3,437.6,0,1,228.7,420.8
120,3975,2064370,228.9,420.9,264.3,453.8,246.6,437.35,0,1,228.9,420.9
120,3976,2064371,229.1,421.2,264.7,453.2,246.9,437.2,0,1,229.1,421.2
120,3977,2064372,229.0,421.4,265.2,452.8,247.1,437.1,0,1,229.0,421.4
120,3978,2064373,229.0,421.5,265.5,452.8,247.25,437.15,0,1,229.0,421.5
120,3979,2064374,228.9,421.5,265.7,453.2,247.3,437.35,0,1,228.9,421.5
120,3980,2064375,229.0,421.3,265.6,453.8,247.3,437.55,0,1,229.0,421.3
120,3981,2064376,229.2,421.2,265.2,454.5,247.2,437.85,0,1,229.2,421.2
120,3982,2064377,229.4,421.1,264.7,455.2,247.05,438.15,0,1,229.4,421.1
120,3983,2064378,229.6,421.5,264.3,455.8,246.95,438.65,0,1,229.6,421.5
120,3984,2064379,229.8,421.9,263.9,456.3,246.85,439.1,0,1,229.8,421.9
120,3985,2064380,230.0,422.3,263.4,456.6,246.7,439.45,0,1,230.0,422.3
120,3986,2064381,230.1,422.8,262.9,456.9,246.5,439.85,0,1,230.1,422.8
120,3987,2064382,229.9,423.6,262.5,457.3,246.2,440.45,0,1,229.9,423.6
120,3988,2064383,229.5,424.4,262.4,457.6,245.95,441.0,0,1,229.5,424.4
120,3989,2064384,229.2,425.0,262.1,458.0,245.65,441.5,0,1,229.2,425.0
120,3990,2064385,229.1,425.2,261.9,458.3,245.5,441.75,0,1,229.1,425.2
120,3991,2064386,229.0,425.4,261.9,458.5,245.45,441.95,0,1,229.0,425.4
120,3992,2064387,229.3,425.6,262.4,458.4,245.85,442.0,0,1,229.3,425.6
120,3993,2064388,229.7,425.5,262.9,458.2,246.3,441.85,0,1,229.7,425.5
120,3994,2064389,230.3,425.4,263.4,458.0,246.85,441.7,0,1,230.3,425.4
120,3995,2064390,230.7,425.2,263.9,457.7,247.3,441.45,0,1,230.7,425.2
120,3996,2064391,231.2,425.1,264.5,457.3,247.85,441.2,0,1,231.2,425.1
120,3997,2064392,231.3,425.0,264.9,456.8,248.1,440.9,0,1,231.3,425.0
120,3998,2064393,231.3,425.1,265.2,456.1,248.25,440.6,0,1,231.3,425.1
120,3999,2064394,231.0,425.3,265.1,455.6,248.05,440.45,0,1,231.0,425.3
120,4000,2064395,230.7,426.0,264.6,455.1,247.65,440.55,0,1,230.7,426.0
121,4001,2064396,230.3,426.7,264.2,454.8,247.25,440.75,0,1,230.3,426.7
121,4002,2064397,230.4,427.4,263.9,454.5,247.15,440.95,0,1,230.4,427.4
121,4003,2064398,230.6,427.9,263.5,454.3,247.05,441.1,0,1,230.6,427.9
121,4004,2064399,231.0,428.2,263.0,454.2,247.0,441.2,0,1,231.0,428.2
121,4005,2064400,231.5,428.2,262.6,454.5,247.05,441.35,0,1,231.5,428.2
121,4006,2064401,232.0,428.3,262.1,455.0,247.05,441.65,0,1,232.0,428.3
121,4007,2064402,232.5,428.1,261.7,455.6,247.1,441.85,0,1,232.5,428.1
121,4008,2064403,233.1,428.0,261.2,456.1,247.15,442.05,0,1,233.1,428.0
121,4009,2064404,233.4,427.8,260.7,456.5,247.05,442.15,0,1,233.4,427.8
121,4010,2064405,233.4,427.8,260.2,456.8,246.8,442.3,0,1,233.4,427.8
121,4011,2064406,233.4,428.0,259.7,457.1,246.55,442.55,0,1,233.4,428.0
121,4012,2064407,233.4,428.3,259.4,457.2,246.4,442.75,0,1,233.4,428.3
121,4013,2064408,233.4,428.5,259.2,457.0,246.3,442.75,0,1,233.4,428.5
121,4014,2064409,233.2,428.6,259.3,456.9,246.25,442.75,0,1,233.2,428.6
121,4015,2064410,233.1,428.7,259.3,456.7,246.2,442.7,0,1,233.1,428.7
121,4016,2064411,233.0,428.9,259.4,456.7,246.2,442.8,0,1,233.0,428.9
121,4017,2064412,233.0,429.1,259.5,456.8,246.25,442.95,0,1,233.0,429.1
121,4018,2064413,233.0,429.1,259.6,457.0,246.3,443.05,0,1,233.0,429.1
121,4019,2064414,233.0,429.3,259.5,457.0,246.25,443.15,0,1,233.0,429.3
121,4020,2064415,232.9,429.5,259.2,456.8,246.05,443.15,0,1,232.9,429.5
121,4021,2064416,232.8,429.9,258.9,456.5,245.85,443.2,0,1,232.8,429.9
121,4022,2064417,232.7,430.3,258.6,456.0,245.65,443.15,0,1,232.7,430.3
121,4023,2064418,232.5,430.6,258.2,455.3,245.35,442.95,0,1,232.5,430.6
121,4024,2064419,232.4,431.0,257.8,454.6,245.1,442.8,0,1,232.4,431.0
121,4025,2064420,232.2,431.4,257.3,453.8,244.75,442.6,0,1,232.2,431.4
121,4026,2064421,232.1,431.8,257.0,453.1,244.55,442.45,0,1,232.1,431.8
121,4027,2064422,231.9,432.9,256.8,452.6,244.35,442.75,0,1,231.9,432.9
121,4028,2064423,231.7,433.8,256.6,452.2,244.15,443.0,0,1,231.7,433.8
121,4029,2064424,231.5,434.6,256.5,452.3,244.0,443.45,0,1,231.5,434.6
121,4030,2064425,231.3,435.2,256.6,452.3,243.95,443.75,0,1,231.3,435.2
121,4031,2064426,231.2,435.8,256.7,452.3,243.95,444.05,0,1,231.2,435.8
121,4032,2064427,231.2,436.4,256.8,451.9,244.0,444.15,0,1,231.2,436.4
121,4033,2064428,231.4,436.8,256.9,451.5,244.15,444.15,0,1,231.4,436.8
122,4034,2064429,231.6,436.4,257.2,451.1,244.4,443.75,0,1,231.6,436.4
122,4035,2064430,231.8,436.1,257.3,450.7,244.55,443.4,0,1,231.8,436.1
122,4036,2064431,232.1,435.9,257.5,450.1,244.8,443.0,0,1,232.1,435.9
122,4037,2064432,232.3,435.8,257.7,449.8,245.0,442.8,0,1,232.3,435.8
122,4038,2064433,232.3,435.7,257.8,449.6,245.05,442.65,0,1,232.3,435.7
122,4039,2064434,232.3,435.6,257.8,450.0,245.05,442.8,0,1,232.3,435.6
122,4040,2064435,232.2,435.4,257.3,450.3,244.75,442.85,0,1,232.2,435.4
122,4041,2064436,232.1,435.2,256.8,450.9,244.45,443.05,0,1,232.1,435.2
122,4042,2064437,232.0,435.1,256.2,451.4,244.1,443.25,0,1,232.0,435.1
122,4043,2064438,231.9,434.8,255.5,451.9,243.7,443.35,0,1,231.9,434.8
122,4044,2064439,231.8,434.6,254.9,452.3,243.35,443.45,0,1,231.8,434.6
122,4045,2064440,231.8,434.4,254.3,452.7,243.05,443.55,0,1,231.8,434.4
122,4046,2064441,231.9,434.2,253.8,453.3,242.85,443.75,0,1,231.9,434.2
122,4047,2064442,231.9,434.2,253.6,453.8,242.75,444.0,0,1,231.9,434.2
122,4048,2064443,232.0,434.2,253.4,454.1,242.7,444.15,0,1,232.0,434.2
122,4049,2064444,232.0,434.3,253.1,454.3,242.55,444.3,0,1,232.0,434.3
122,4050,2064445,232.1,434.8,252.8,454.5,242.45,444.65,0,1,232.1,434.8
122,4051,2064446,232.1,435.4,252.5,454.6,242.3,445.0,0,1,232.1,435.4
122,4052,2064447,232.2,435.7,252.1,454.7,242.15,445.2,0,1,232.2,435.7
122,4053,2064448,232.3,436.1,251.4,454.6,241.85,445.35,0,1,232.3,436.1
122,4054,2064449,232.3,436.5,250.7,453.6,241.5,445.05,0,1,232.3,436.5
122,4055,2064450,232.3,436.9,250.2,452.7,241.25,444.8,0,1,232.3,436.9
122,4056,2064451,232.2,437.2,249.7,451.8,240.95,444.5,0,1,232.2,437.2
122,4057,2064452,232.2,437.1,249.3,450.9,240.75,444.0,0,1,232.2,437.1
122,4058,2064453,232.2,437.0,248.9,450.1,240.55,443.55,0,1,232.2,437.0
122,4059,2064454,232.1,437.1,248.7,449.2,240.4,443.15,0,1,232.1,437.1
122,4060,2064455,232.1,437.3,249.0,448.4,240.55,442.85,0,1,232.1,437.3
122,4061,2064456,232.1,437.7,249.3,448.5,240.7,443.1,0,1,232.1,437.7
122,4062,2064457,232.1,438.2,249.8,448.6,240.95,443.4,0,1,232.1,438.2
122,4063,2064458,232.2,438.9,250.2,448.9,241.2,443.9,0,1,232.2,438.9
122,4064,2064459,232.4,439.6,250.5,449.2,241.45,444.4,0,1,232.4,439.6
122,4065,2064460,232.8,440.3,250.8,449.5,241.8,444.9,0,1,232.8,440.3
122,4066,2064461,233.3,441.0,251.0,449.8,242.15,445.4,0,1,233.3,441.0
123,4067,2064462,233.7,441.6,251.2,450.4,242.45,446.0,0,1,233.7,441.6
123,4068,2064463,234.0,442.1,251.2,451.0,242.6,446.55,0,1,234.0,442.1
123,4069,2064464,234.2,442.4,251.0,451.4,242.6,446.9,0,1,234.2,442.4
123,4070,2064465,234.4,442.5,250.9,451.7,242.65,447.1,0,1,234.4,442.5
123,4071,2064466,234.6,442.6,250.8,451.8,242.7,447.2,0,1,234.6,442.6
123,4072,2064467,234.7,442.6,250.8,451.9,242.75,447.25,0,1,234.7,442.6
123,4073,2064468,234.7,442.5,250.7,452.0,242.7,447.25,0,1,234.7,442.5
123,4074,2064469,234.7,442.5,250.7,451.8,242.7,447.15,0,1,234.7,442.5
123,4075,2064470,234.7,442.5,250.6,451.5,242.65,447.0,0,1,234.7,442.5
123,4076,2064471,234.8,442.5,250.5,451.3,242.65,446.9,0,1,234.8,442.5
123,4077,2064472,234.9,442.6,250.3,451.1,242.6,446.85,0,1,234.9,442.6
123,4078,2064473,234.9,442.8,250.2,451.0,242.55,446.9,0,1,234.9,442.8
123,4079,2064474,234.9,443.2,250.1,450.8,242.5,447.0,0,1,234.9,443.2
123,4080,2064475,234.9,443.5,249.9,450.7,242.4,447.1,0,1,234.9,443.5
123,4081,2064476,234.8,443.7,249.6,450.7,242.2,447.2,0,1,234.8,443.7
123,4082,2064477,234.8,443.8,249.4,450.9,242.1,447.35,0,1,234.8,443.8
123,4083,2064478,234.9,443.7,249.2,451.0,242.05,447.35,0,1,234.9,443.7
123,4084,2064479,235.0,443.3,249.0,451.2,242.0,447.25,0,1,235.0,443.3
123,4085,2064480,235.2,442.8,248.9,451.3,242.05,447.05,0,1,235.2,442.8
123,4086,2064481,235.5,442.0,248.8,451.2,242.15,446.6,0,1,235.5,442.0
123,4087,2064482,235.7,441.4,248.9,450.3,242.3,445.85,0,1,235.7,441.4
123,4088,2064483,235.9,440.8,249.0,449.2,242.45,445.0,0,1,235.9,440.8
123,4089,2064484,236.2,440.4,249.1,448.2,242.65,444.3,0,1,236.2,440.4
123,4090,2064485,236.3,440.1,249.2,447.4,242.75,443.75,0,1,236.3,440.1
123,4091,2064486,236.2,439.9,249.2,447.2,242.7,443.55,0,1,236.2,439.9
123,4092,2064487,236.0,439.9,249.3,447.2,242.65,443.55,0,1,236.0,439.9
123,4093,2064488,235.8,439.8,249.4,447.4,242.6,443.6,0,1,235.8,439.8
123,4094,2064489,235.6,439.8,249.4,448.3,242.5,444.05,0,1,235.6,439.8
123,4095,2064490,235.4,439.6,249.5,449.2,242.45,444.4,0,1,235.4,439.6
123,4096,2064491,235.3,439.4,249.6,449.9,242.45,444.65,0,1,235.3,439.4
123,4097,2064492,235.3,439.2,249.7,450.6,242.5,444.9,0,1,235.3,439.2
123,4098,2064493,235.7,439.0,249.8,450.6,242.75,444.8,0,1,235.7,439.0
123,4099,2064494,236.2,438.6,249.9,450.4,243.05,444.5,0,1,236.2,438.6
123,4100,2064495,236.7,438.0,250.2,450.3,243.45,444.15,0,1,236.7,438.0
124,4101,2064496,237.4,437.3,250.4,450.2,243.9,443.75,0,1,237.4,437.3
124,4102,2064497,238.2,436.8,250.6,450.1,244.4,443.45,0,1,238.2,436.8
124,4103,2064498,238.9,436.4,250.7,450.2,244.8,443.3,0,1,238.9,436.4
124,4104,2064499,239.5,436.8,250.9,450.3,245.2,443.55,0,1,239.5,436.8
124,4105,2064500,239.7,437.2,251.0,450.6,245.35,443.9,0,1,239.7,437.2
124,4106,2064501,239.9,438.0,251.2,450.9,245.55,444.45,0,1,239.9,438.0
124,4107,2064502,240.0,439.2,251.6,451.3,245.8,445.25,0,1,240.0,439.2
124,4108,2064503,240.0,440.5,252.1,451.9,246.05,446.2,0,1,240.0,440.5
124,4109,2064504,239.9,441.6,252.6,452.7,246.25,447.15,0,1,239.9,441.6
124,4110,2064505,240.0,442.5,253.2,453.3,246.6,447.9,0,1,240.0,442.5
124,4111,2064506,240.1,442.7,254.1,453.7,247.1,448.2,0,1,240.1,442.7
124,4112,2064507,240.4,442.8,255.2,454.0,247.8,448.4,0,1,240.4,442.8
124,4113,2064508,240.7,442.6,256.6,454.4,248.65,448.5,0,1,240.7,442.6
124,4114,2064509,241.0,442.4,257.6,455.3,249.3,448.85,0,1,241.0,442.4
124,4115,2064510,241.9,442.2,258.6,455.9,250.25,449.05,0,1,241.9,442.2
124,4116,2064511,242.8,442.2,259.6,457.8,251.2,450.0,0,1,242.8,442.2
124,4117,2064512,243.5,442.1,260.3,460.1,251.9,451.1,0,1,243.5,442.1
124,4118,2064513,244.5,442.0,260.9,462.6,252.7,452.3,0,1,244.5,442.0
124,4119,2064514,245.5,441.9,261.3,464.9,253.4,453.4,0,1,245.5,441.9
124,4120,2064515,246.4,441.6,261.4,466.7,253.9,454.15,0,1,246.4,441.6
124,4121,2064516,247.4,441.3,261.4,467.7,254.4,454.5,0,1,247.4,441.3
124,4122,2064517,247.9,439.6,261.6,468.5,254.75,454.05,0,1,247.9,439.6
124,4123,2064518,248.4,437.8,262.2,467.9,255.3,452.85,0,1,248.4,437.8
124,4124,2064519,248.9,435.0,262.9,466.2,255.9,450.6,0,1,248.9,435.0
124,4125,2064520,250.0,429.6,263.5,464.6,256.75,447.1,0,1,250.0,429.6
124,4126,2064521,251.2,423.2,264.5,462.5,257.85,442.85,0,1,251.2,423.2
124,4127,2064522,252.6,417.1,265.7,460.3,259.15,438.7,0,1,252.6,417.1
124,4128,2064523,254.3,407.9,267.9,456.2,261.1,432.05,0,1,254.3,407.9
124,4129,2064524,256.0,398.9,271.1,451.1,263.55,425.0,0,1,256.0,398.9
124,4130,2064525,257.9,387.6,273.9,444.0,265.9,415.8,0,1,257.9,387.6
124,4131,2064526,259.8,377.1,276.9,435.9,268.35,406.5,0,1,259.8,377.1
124,4132,2064527,261.0,368.2,280.4,427.8,270.7,398.0,0,1,261.0,368.2
124,4133,2064528,262.5,359.3,283.5,419.6,273.0,389.45,0,1,262.5,359.3
125,4134,2064529,263.8,350.2,286.7,409.9,275.25,380.05,0,1,263.8,350.2
125,4135,2064530,265.0,342.4,288.7,402.7,276.85,372.55,0,1,265.0,342.4
125,4136,2064531,266.3,335.4,289.7,395.5,278.0,365.45,0,1,266.3,335.4
125,4137,2064532,267.4,330.8,290.7,390.4,279.05,360.6,0,1,267.4,330.8
125,4138,2064533,269.0,326.0,291.8,387.2,280.4,356.6,0,1,269.0,326.0
125,4139,2064534,270.4,322.2,292.9,384.0,281.65,353.1,0,1,270.4,322.2
125,4140,2064535,271.5,319.7,294.1,381.3,282.8,350.5,0,1,271.5,319.7
125,4141,2064536,272.7,317.2,295.2,380.5,283.95,348.85,0,1,272.7,317.2
125,4142,2064537,273.7,316.8,296.7,379.3,285.2,348.05,0,1,273.7,316.8
125,4143,2064538,275.4,317.1,298.2,379.4,286.8,348.25,0,1,275.4,317.1
125,4144,2064539,277.1,317.8,299.6,379.7,288.35,348.75,0,1,277.1,317.8
125,4145,2064540,278.3,318.8,301.0,380.9,289.65,349.85,0,1,278.3,318.8
125,4146,2064541,279.6,319.8,301.6,382.1,290.6,350.95,0,1,279.6,319.8
125,4147,2064542,280.8,320.8,302.3,383.4,291.55,352.1,0,1,280.8,320.8
125,4148,2064543,282.1,321.9,303.1,385.2,292.6,353.55,0,1,282.1,321.9
125,4149,2064544,283.2,322.7,303.3,387.3,293.25,355.0,0,1,283.2,322.7
125,4150,2064545,283.6,323.0,303.4,389.1,293.5,356.05,0,1,283.6,323.0
125,4151,2064546,283.9,322.8,303.4,390.7,293.65,356.75,0,1,283.9,322.8
125,4152,2064547,284.1,322.7,302.8,391.2,293.45,356.95,0,1,284.1,322.7
125,4153,2064548,284.2,322.7,301.4,391.7,292.8,357.2,0,1,284.2,322.7
125,4154,2064549,284.2,323.6,300.1,392.5,292.15,358.05,0,1,284.2,323.6
125,4155,2064550,284.1,325.4,298.7,392.7,291.4,359.05,0,1,284.1,325.4
125,4156,2064551,284.1,327.3,297.4,392.8,290.75,360.05,0,1,284.1,327.3
125,4157,2064552,283.9,329.3,296.2,393.0,290.05,361.15,0,1,283.9,329.3
125,4158,2064553,283.7,331.1,295.2,393.1,289.45,362.1,0,1,283.7,331.1
125,4159,2064554,283.6,333.0,294.6,393.2,289.1,363.1,0,1,283.6,333.0
125,4160,2064555,283.4,334.8,294.7,393.2,289.05,364.0,0,1,283.4,334.8
125,4161,2064556,283.3,336.0,294.6,392.9,288.95,364.45,0,1,283.3,336.0
125,4162,2064557,283.2,336.2,294.4,392.7,288.8,364.45,0,1,283.2,336.2
125,4163,2064558,283.3,336.3,293.8,392.7,288.55,364.5,0,1,283.3,336.3
125,4164,2064559,283.3,336.6,293.2,392.7,288.25,364.65,0,1,283.3,336.6
125,4165,2064560,283.5,337.0,292.6,392.7,288.05,364.85,0,1,283.5,337.0
125,4166,2064561,283.7,337.4,292.2,392.8,287.95,365.1,0,1,283.7,337.4
126,4167,2064562,283.9,337.8,291.9,393.0,287.9,365.4,0,1,283.9,337.8
126,4168,2064563,284.1,337.9,291.7,393.1,287.9,365.5,0,1,284.1,337.9
126,4169,2064564,284.4,338.1,291.6,393.1,288.0,365.6,0,1,284.4,338.1
126,4170,2064565,284.6,338.3,291.8,392.8,288.2,365.55,0,1,284.6,338.3
126,4171,2064566,284.9,338.5,291.9,392.2,288.4,365.35,0,1,284.9,338.5
126,4172,2064567,285.1,338.6,291.9,391.6,288.5,365.1,0,1,285.1,338.6
126,4173,2064568,285.4,338.6,291.9,391.0,288.65,364.8,0,1,285.4,338.6
126,4174,2064569,285.7,338.4,291.8,390.0,288.75,364.2,0,1,285.7,338.4
126,4175,2064570,286.2,338.2,291.7,389.1,288.95,363.65,0,1,286.2,338.2
126,4176,2064571,286.7,338.0,291.4,388.2,289.05,363.1,0,1,286.7,338.0
126,4177,2064572,287.3,337.2,291.1,387.4,289.2,362.3,0,1,287.3,337.2
126,4178,2064573,288.1,336.4,290.8,386.8,289.45,361.6,0,1,288.1,336.4
126,4179,2064574,288.9,335.7,290.4,386.2,289.65,360.95,0,1,288.9,335.7
126,4180,2064575,289.6,334.9,289.9,385.7,289.75,360.3,0,1,289.6,334.9
126,4181,2064576,290.3,334.3,289.4,385.6,289.85,359.95,0,1,290.3,334.3
126,4182,2064577,290.8,333.8,288.9,385.5,289.85,359.65,0,1,290.8,333.8
126,4183,2064578,291.3,333.2,288.6,385.5,289.95,359.35,0,1,291.3,333.2
126,4184,2064579,291.6,333.0,288.4,385.7,290.0,359.35,0,1,291.6,333.0
126,4185,2064580,291.8,332.8,288.1,386.0,289.95,359.4,0,1,291.8,332.8
126,4186,2064581,291.9,332.6,287.9,386.2,289.9,359.4,0,1,291.9,332.6
126,4187,2064582,291.9,332.5,287.4,386.5,289.65,359.5,0,1,291.9,332.5
126,4188,2064583,292.0,332.5,287.0,386.7,289.5,359.6,0,1,292.0,332.5
126,4189,2064584,292.1,332.6,286.6,386.8,289.35,359.7,0,1,292.1,332.6
126,4190,2064585,292.1,333.0,286.1,387.0,289.1,360.0,0,1,292.1,333.0
126,4191,2064586,292.1,333.5,285.7,387.1,288.9,360.3,0,1,292.1,333.5
126,4192,2064587,292.1,334.0,285.3,387.1,288.7,360.55,0,1,292.1,334.0
126,4193,2064588,292.0,334.5,285.0,387.0,288.5,360.75,0,1,292.0,334.5
126,4194,2064589,292.0,334.5,285.0,386.4,288.5,360.45,0,1,292.0,334.5
126,4195,2064590,292.1,334.0,284.9,385.9,288.5,359.95,0,1,292.1,334.0
126,4196,2064591,292.1,333.5,284.6,385.3,288.35,359.4,0,1,292.1,333.5
126,4197,2064592,292.1,332.8,284.3,384.5,288.2,358.65,0,1,292.1,332.8
126,4198,2064593,292.1,330.9,284.0,383.7,288.05,357.3,0,1,292.1,330.9
126,4199,2064594,292.1,329.1,283.4,382.9,287.75,356.0,0,1,292.1,329.1
126,4200,2064595,292.0,327.3,282.8,382.2,287.4,354.75,0,1,292.0,327.3
127,4201,2064596,292.0,325.8,282.1,381.9,287.05,353.85,0,1,292.0,325.8
127,4202,2064597,292.0,325.2,281.6,381.6,286.8,353.4,0,1,292.0,325.2
127,4203,2064598,292.1,324.6,281.1,381.4,286.6,353.0,0,1,292.1,324.6
127,4204,2064599,292.4,324.1,280.7,381.4,286.55,352.75,0,1,292.4,324.1
127,4205,2064600,292.5,324.7,280.3,381.4,286.4,353.05,0,1,292.5,324.7
127,4206,2064601,292.7,325.5,280.0,381.5,286.35,353.5,0,1,292.7,325.5
127,4207,2064602,292.9,326.3,279.6,381.5,286.25,353.9,0,1,292.9,326.3
127,4208,2064603,293.0,327.1,279.4,381.8,286.2,354.45,0,1,293.0,327.1
127,4209,2064604,293.0,327.4,279.4,382.1,286.2,354.75,0,1,293.0,327.4
127,4210,2064605,292.7,327.9,279.3,382.3,286.0,355.1,0,1,292.7,327.9
127,4211,2064606,292.4,328.3,279.2,382.5,285.8,355.4,0,1,292.4,328.3
127,4212,2064607,292.1,328.6,279.0,382.5,285.55,355.55,0,1,292.1,328.6
127,4213,2064608,291.9,328.5,278.9,382.5,285.4,355.5,0,1,291.9,328.5
127,4214,2064609,291.6,328.3,278.9,382.4,285.25,355.35,0,1,291.6,328.3
127,4215,2064610,291.5,328.0,278.9,381.8,285.2,354.9,0,1,291.5,328.0
127,4216,2064611,291.4,327.5,278.8,380.7,285.1,354.1,0,1,291.4,327.5
127,4217,2064612,291.6,326.7,278.8,379.7,285.2,353.2,0,1,291.6,326.7
127,4218,2064613,291.8,326.0,278.8,378.3,285.3,352.15,0,1,291.8,326.0
127,4219,2064614,292.0,325.5,278.8,377.0,285.4,351.25,0,1,292.0,325.5
127,4220,2064615,292.2,324.9,278.7,375.6,285.45,350.25,0,1,292.2,324.9
127,4221,2064616,292.3,324.4,278.5,374.2,285.4,349.3,0,1,292.3,324.4
127,4222,2064617,292.3,323.9,278.3,372.9,285.3,348.4,0,1,292.3,323.9
127,4223,2064618,292.1,323.7,278.0,372.2,285.05,347.95,0,1,292.1,323.7
127,4224,2064619,291.9,323.4,277.1,371.7,284.5,347.55,0,1,291.9,323.4
127,4225,2064620,291.5,323.1,276.3,371.7,283.9,347.4,0,1,291.5,323.1
127,4226,2064621,291.1,322.8,275.6,371.9,283.35,347.35,0,1,291.1,322.8
127,4227,2064622,290.7,322.6,275.0,372.3,282.85,347.45,0,1,290.7,322.6
127,4228,2064623,290.8,322.5,274.3,373.4,282.55,347.95,0,1,290.8,322.5
127,4229,2064624,290.9,322.5,273.7,374.7,282.3,348.6,0,1,290.9,322.5
127,4230,2064625,290.9,322.4,273.7,376.4,282.3,349.4,0,1,290.9,322.4
127,4231,2064626,290.9,322.3,274.2,377.6,282.55,349.95,0,1,290.9,322.3
127,4232,2064627,290.7,322.3,274.8,378.6,282.75,350.45,0,1,290.7,322.3
127,4233,2064628,290.6,322.1,275.5,378.9,283.05,350.5,0,1,290.6,322.1
128,4234,2064629,290.4,321.8,276.1,379.1,283.25,350.45,0,1,290.4,321.8
128,4235,2064630,289.8,321.5,276.6,378.8,283.2,350.15,0,1,289.8,321.5
128,4236,2064631,289.2,321.3,276.7,378.2,282.95,349.75,0,1,289.2,321.3
128,4237,2064632,288.8,320.9,276.2,377.3,282.5,349.1,0,1,288.8,320.9
128,4238,2064633,288.6,320.5,275.7,376.6,282.15,348.55,0,1,288.6,320.5
128,4239,2064634,288.8,319.7,275.2,375.9,282.0,347.8,0,1,288.8,319.7
128,4240,2064635,289.0,319.1,274.8,375.5,281.9,347.3,0,1,289.0,319.1
128,4241,2064636,289.3,318.7,275.1,375.1,282.2,346.9,0,1,289.3,318.7
128,4242,2064637,289.6,318.3,275.5,374.8,282.55,346.55,0,1,289.6,318.3
128,4243,2064638,289.9,318.0,276.3,374.6,283.1,346.3,0,1,289.9,318.0
128,4244,2064639,290.1,317.7,277.0,374.4,283.55,346.05,0,1,290.1,317.7
128,4245,2064640,290.2,317.6,277.7,374.2,283.95,345.9,0,1,290.2,317.6
128,4246,2064641,290.4,317.7,278.4,374.0,284.4,345.85,0,1,290.4,317.7
128,4247,2064642,290.4,317.8,278.8,374.1,284.6,345.95,0,1,290.4,317.8
128,4248,2064643,290.6,318.0,278.7,374.0,284.65,346.0,0,1,290.6,318.0
128,4249,2064644,290.8,318.2,278.5,374.0,284.65,346.1,0,1,290.8,318.2
128,4250,2064645,291.0,318.2,278.4,373.7,284.7,345.95,0,1,291.0,318.2
128,4251,2064646,291.2,318.2,278.5,373.3,284.85,345.75,0,1,291.2,318.2
128,4252,2064647,291.3,318.1,278.7,373.0,285.0,345.55,0,1,291.3,318.1
128,4253,2064648,291.5,318.1,278.9,372.7,285.2,345.4,0,1,291.5,318.1
128,4254,2064649,291.5,318.1,279.4,372.4,285.45,345.25,0,1,291.5,318.1
128,4255,2064650,291.4,317.9,280.0,372.3,285.7,345.1,0,1,291.4,317.9
128,4256,2064651,291.2,317.7,281.0,372.3,286.1,345.0,0,1,291.2,317.7
128,4257,2064652,291.1,317.6,282.0,372.3,286.55,344.95,0,1,291.1,317.6
128,4258,2064653,291.0,317.8,282.8,372.4,286.9,345.1,0,1,291.0,317.8
128,4259,2064654,290.9,318.1,283.7,372.5,287.3,345.3,0,1,290.9,318.1
128,4260,2064655,290.8,318.5,284.5,372.6,287.65,345.55,0,1,290.8,318.5
128,4261,2064656,290.7,319.0,285.0,372.8,287.85,345.9,0,1,290.7,319.0
128,4262,2064657,290.6,319.6,285.6,372.8,288.1,346.2,0,1,290.6,319.6
128,4263,2064658,290.4,320.3,285.8,373.0,288.1,346.65,0,1,290.4,320.3
128,4264,2064659,290.3,320.7,286.0,373.0,288.15,346.85,0,1,290.3,320.7
128,4265,2064660,290.0,320.9,286.2,372.9,288.1,346.9,0,1,290.0,320.9
128,4266,2064661,289.7,320.8,286.4,372.9,288.05,346.85,0,1,289.7,320.8
129,4267,2064662,289.4,320.7,286.5,372.9,287.95,346.8,0,1,289.4,320.7
129,4268,2064663,289.2,320.1,286.9,372.8,288.05,346.45,0,1,289.2,320.1
129,4269,2064664,289.2,319.6,287.3,372.6,288.25,346.1,0,1,289.2,319.6
129,4270,2064665,289.2,319.2,287.6,372.2,288.4,345.7,0,1,289.2,319.2
129,4271,2064666,289.3,319.2,287.8,372.0,288.55,345.6,0,1,289.3,319.2
129,4272,2064667,289.4,319.3,288.1,372.0,288.75,345.65,0,1,289.4,319.3
129,4273,2064668,289.6,319.5,288.3,372.0,288.95,345.75,0,1,289.6,319.5
129,4274,2064669,289.7,319.7,288.5,372.0,289.1,345.85,0,1,289.7,319.7
129,4275,2064670,289.7,320.1,288.5,372.2,289.1,346.15,0,1,289.7,320.1
129,4276,2064671,289.6,320.4,288.5,372.5,289.05,346.45,0,1,289.6,320.4
129,4277,2064672,289.4,320.6,288.5,372.9,288.95,346.75,0,1,289.4,320.6
129,4278,2064673,289.3,320.4,288.4,373.2,288.85,346.8,0,1,289.3,320.4
129,4279,2064674,289.2,320.3,288.4,373.5,288.8,346.9,0,1,289.2,320.3
129,4280,2064675,289.1,320.1,288.4,373.8,288.75,346.95,0,1,289.1,320.1
129,4281,2064676,289.4,319.8,288.5,374.1,288.95,346.95,0,1,289.4,319.8
129,4282,2064677,289.8,319.4,288.8,374.2,289.3,346.8,0,1,289.8,319.4
129,4283,2064678,290.2,319.1,289.0,374.4,289.6,346.75,0,1,290.2,319.1
129,4284,2064679,290.6,318.6,289.3,374.6,289.95,346.6,0,1,290.6,318.6
129,4285,2064680,291.0,318.1,289.8,374.7,290.4,346.4,0,1,291.0,318.1
129,4286,2064681,291.5,317.6,290.2,374.7,290.85,346.15,0,1,291.5,317.6
129,4287,2064682,291.9,317.1,290.6,374.7,291.25,345.9,0,1,291.9,317.1
129,4288,2064683,291.9,316.9,291.1,374.4,291.5,345.65,0,1,291.9,316.9
129,4289,2064684,291.8,316.9,291.4,374.0,291.6,345.45,0,1,291.8,316.9
129,4290,2064685,291.7,317.4,291.7,373.5,291.7,345.45,0,1,291.7,317.4
129,4291,2064686,291.7,318.3,292.0,373.0,291.85,345.65,0,1,291.7,318.3
129,4292,2064687,291.7,319.2,292.3,372.4,292.0,345.8,0,1,291.7,319.2
129,4293,2064688,291.8,320.2,292.5,371.7,292.15,345.95,0,1,291.8,320.2
129,4294,2064689,291.9,321.1,292.7,371.1,292.3,346.1,0,1,291.9,321.1
129,4295,2064690,292.1,321.9,292.8,370.8,292.45,346.35,0,1,292.1,321.9
129,4296,2064691,292.3,322.6,292.7,370.6,292.5,346.6,0,1,292.3,322.6
129,4297,2064692,292.6,322.9,292.6,370.6,292.6,346.75,0,1,292.6,322.9
129,4298,2064693,292.9,322.9,292.4,370.9,292.65,346.9,0,1,292.9,322.9
129,4299,2064694,293.1,322.8,292.1,371.2,292.6,347.0,0,1,293.1,322.8
129,4300,2064695,293.1,322.6,291.8,371.6,292.45,347.1,0,1,293.1,322.6
130,4301,2064696,293.0,322.2,291.6,372.0,292.3,347.1,0,1,293.0,322.2
130,4302,2064697,292.9,321.8,291.4,372.4,292.15,347.1,0,1,292.9,321.8
130,4303,2064698,292.4,321.4,291.3,372.7,291.85,347.05,0,1,292.4,321.4
130,4304,2064699,291.7,321.1,291.4,373.0,291.55,347.05,0,1,291.7,321.1
130,4305,2064700,291.0,320.9,291.9,373.2,291.45,347.05,0,1,291.0,320.9
130,4306,2064701,290.3,320.6,292.3,373.3,291.3,346.95,0,1,290.3,320.6
130,4307,2064702,289.8,320.2,292.8,373.3,291.3,346.75,0,1,289.8,320.2
130,4308,2064703,289.5,320.0,293.3,373.5,291.4,346.75,0,1,289.5,320.0
130,4309,2064704,289.2,319.7,293.8,373.7,291.5,346.7,0,1,289.2,319.7
130,4310,2064705,289.4,319.5,294.2,374.0,291.8,346.75,0,1,289.4,319.5
130,4311,2064706,290.0,319.2,294.4,374.1,292.2,346.65,0,1,290.0,319.2
130,4312,2064707,290.6,318.8,294.3,374.2,292.45,346.5,0,1,290.6,318.8
130,4313,2064708,291.2,317.6,294.2,374.3,292.7,345.95,0,1,291.2,317.6
130,4314,2064709,291.8,316.6,294.0,374.4,292.9,345.5,0,1,291.8,316.6
130,4315,2064710,292.3,315.7,293.9,374.5,293.1,345.1,0,1,292.3,315.7
130,4316,2064711,292.7,314.8,293.8,374.5,293.25,344.65,0,1,292.7,314.8
130,4317,2064712,293.1,314.0,293.6,374.5,293.35,344.25,0,1,293.1,314.0
130,4318,2064713,293.3,313.3,293.4,374.5,293.35,343.9,0,1,293.3,313.3
130,4319,2064714,293.5,312.5,293.3,374.5,293.4,343.5,0,1,293.5,312.5
130,4320,2064715,293.6,312.5,293.0,374.5,293.3,343.5,0,1,293.6,312.5
130,4321,2064716,293.7,312.5,292.7,374.6,293.2,343.55,0,1,293.7,312.5
130,4322,2064717,293.8,311.9,292.4,373.6,293.1,342.75,0,1,293.8,311.9
130,4323,2064718,294.1,310.8,292.1,372.5,293.1,341.65,0,1,294.1,310.8
130,4324,2064719,294.2,309.4,291.9,371.2,293.05,340.3,0,1,294.2,309.4
130,4325,2064720,294.4,308.0,291.9,370.1,293.15,339.05,0,1,294.4,308.0
130,4326,2064721,294.6,306.6,291.8,369.0,293.2,337.8,0,1,294.6,306.6
130,4327,2064722,294.6,305.8,291.8,368.5,293.2,337.15,0,1,294.6,305.8
130,4328,2064723,294.6,305.1,291.9,367.9,293.25,336.5,0,1,294.6,305.1
130,4329,2064724,294.6,305.0,292.2,368.5,293.4,336.75,0,1,294.6,305.0
130,4330,2064725,294.6,305.7,292.4,369.1,293.5,337.4,0,1,294.6,305.7
130,4331,2064726,294.5,306.6,292.7,369.7,293.6,338.15,0,1,294.5,306.6
130,4332,2064727,294.5,307.4,292.9,370.1,293.7,338.75,0,1,294.5,307.4
130,4333,2064728,294.6,308.0,293.1,370.4,293.85,339.2,0,1,294.6,308.0
131,4334,2064729,294.8,307.9,293.3,370.1,294.05,339.0,0,1,294.8,307.9
131,4335,2064730,295.0,307.7,293.5,369.8,294.25,338.75,0,1,295.0,307.7
131,4336,2064731,295.2,307.1,293.5,369.2,294.35,338.15,0,1,295.2,307.1
131,4337,2064732,295.4,306.3,293.2,368.6,294.3,337.45,0,1,295.4,306.3
131,4338,2064733,295.7,305.7,293.0,367.9,294.35,336.8,0,1,295.7,305.7
131,4339,2064734,295.9,305.2,292.9,367.3,294.4,336.25,0,1,295.9,305.2
131,4340,2064735,296.0,305.2,292.7,366.6,294.35,335.9,0,1,296.0,305.2
131,4341,2064736,296.3,305.4,292.4,365.7,294.35,335.55,0,1,296.3,305.4
131,4342,2064737,296.5,305.9,292.2,364.8,294.35,335.35,0,1,296.5,305.9
131,4343,2064738,296.7,306.6,291.9,363.9,294.3,335.25,0,1,296.7,306.6
131,4344,2064739,296.8,307.4,291.8,363.0,294.3,335.2,0,1,296.8,307.4
131,4345,2064740,296.9,308.1,291.7,362.0,294.3,335.05,0,1,296.9,308.1
131,4346,2064741,296.9,308.8,291.6,361.1,294.25,334.95,0,1,296.9,308.8
131,4347,2064742,296.8,309.4,291.4,360.4,294.1,334.9,0,1,296.8,309.4
131,4348,2064743,296.6,309.8,291.3,359.7,293.95,334.75,0,1,296.6,309.8
131,4349,2064744,296.4,310.1,291.3,359.2,293.85,334.65,0,1,296.4,310.1
131,4350,2064745,296.3,310.1,291.3,359.0,293.8,334.55,0,1,296.3,310.1
131,4351,2064746,296.2,310.1,291.3,359.0,293.75,334.55,0,1,296.2,310.1
131,4352,2064747,296.3,309.8,291.3,359.1,293.8,334.45,0,1,296.3,309.8
131,4353,2064748,296.3,309.5,291.3,359.2,293.8,334.35,0,1,296.3,309.5
131,4354,2064749,296.5,309.0,291.0,358.9,293.75,333.95,0,1,296.5,309.0
131,4355,2064750,296.7,308.5,290.8,358.3,293.75,333.4,0,1,296.7,308.5
131,4356,2064751,296.8,308.1,290.0,357.7,293.4,332.9,0,1,296.8,308.1
131,4357,2064752,296.9,307.7,289.1,357.1,293.0,332.4,0,1,296.9,307.7
131,4358,2064753,296.9,307.4,288.3,356.5,292.6,331.95,0,1,296.9,307.4
131,4359,2064754,296.9,307.3,287.6,356.3,292.25,331.8,0,1,296.9,307.3
131,4360,2064755,296.7,307.6,286.9,356.5,291.8,332.05,0,1,296.7,307.6
131,4361,2064756,296.6,307.8,286.6,357.0,291.6,332.4,0,1,296.6,307.8
131,4362,2064757,296.5,308.0,286.3,358.0,291.4,333.0,0,1,296.5,308.0
131,4363,2064758,296.3,308.4,286.6,359.0,291.45,333.7,0,1,296.3,308.4
131,4364,2064759,296.1,308.8,287.0,360.0,291.55,334.4,0,1,296.1,308.8
131,4365,2064760,295.8,309.2,287.6,360.5,291.7,334.85,0,1,295.8,309.2
131,4366,2064761,295.1,309.9,288.0,360.5,291.55,335.2,0,1,295.1,309.9
132,4367,2064762,294.5,310.3,288.5,360.2,291.5,335.25,0,1,294.5,310.3
132,4368,2064763,294.0,311.2,289.0,359.8,291.5,335.5,0,1,294.0,311.2
132,4369,2064764,293.6,312.5,289.5,359.4,291.55,335.95,0,1,293.6,312.5
132,4370,2064765,293.3,313.8,289.7,359.0,291.5,336.4,0,1,293.3,313.8
132,4371,2064766,293.0,314.9,289.9,358.5,291.45,336.7,0,1,293.0,314.9
132,4372,2064767,292.9,316.0,290.0,358.3,291.45,337.15,0,1,292.9,316.0
132,4373,2064768,293.2,316.6,290.0,358.3,291.6,337.45,0,1,293.2,316.6
132,4374,2064769,293.7,316.4,289.9,358.1,291.8,337.25,0,1,293.7,316.4
132,4375,2064770,294.1,315.6,289.7,357.9,291.9,336.75,0,1,294.1,315.6
132,4376,2064771,294.3,314.5,289.7,357.2,292.0,335.85,0,1,294.3,314.5
132,4377,2064772,294.5,313.4,289.1,356.6,291.8,335.0,0,1,294.5,313.4
132,4378,2064773,294.7,312.3,288.7,356.1,291.7,334.2,0,1,294.7,312.3
132,4379,2064774,294.8,311.3,288.4,355.7,291.6,333.5,0,1,294.8,311.3
132,4380,2064775,294.9,310.4,288.1,355.6,291.5,333.0,0,1,294.9,310.4
132,4381,2064776,294.7,310.4,287.9,355.7,291.3,333.05,0,1,294.7,310.4
132,4382,2064777,294.7,310.4,287.7,356.0,291.2,333.2,0,1,294.7,310.4
132,4383,2064778,294.8,310.5,287.4,356.7,291.1,333.6,0,1,294.8,310.5
132,4384,2064779,294.9,310.5,287.8,357.6,291.35,334.05,0,1,294.9,310.5
132,4385,2064780,295.1,310.6,288.3,358.3,291.7,334.45,0,1,295.1,310.6
132,4386,2064781,295.2,310.6,288.6,358.9,291.9,334.75,0,1,295.2,310.6
132,4387,2064782,295.2,310.7,288.9,359.1,292.05,334.9,0,1,295.2,310.7
132,4388,2064783,295.3,310.7,289.2,359.2,292.25,334.95,0,1,295.3,310.7
132,4389,2064784,295.5,310.6,289.5,359.3,292.5,334.95,0,1,295.5,310.6
132,4390,2064785,295.5,310.2,289.8,358.9,292.65,334.55,0,1,295.5,310.2
132,4391,2064786,295.6,309.8,290.1,358.5,292.85,334.15,0,1,295.6,309.8
132,4392,2064787,295.7,309.2,290.1,358.1,292.9,333.65,0,1,295.7,309.2
132,4393,2064788,295.8,308.7,290.0,357.7,292.9,333.2,0,1,295.8,308.7
132,4394,2064789,295.8,308.2,289.7,357.3,292.75,332.75,0,1,295.8,308.2
132,4395,2064790,295.6,308.3,289.6,357.0,292.6,332.65,0,1,295.6,308.3
132,4396,2064791,295.4,308.6,289.5,356.7,292.45,332.65,0,1,295.4,308.6
132,4397,2064792,295.1,308.9,290.1,356.8,292.6,332.85,0,1,295.1,308.9
132,4398,2064793,294.9,309.0,290.6,356.6,292.75,332.8,0,1,294.9,309.0
132,4399,2064794,294.7,308.8,291.2,356.2,292.95,332.5,0,1,294.7,308.8
132,4400,2064795,294.7,308.5,292.0,355.8,293.35,332.15,0,1,294.7,308.5
133,4401,2064796,294.8,308.1,292.7,355.4,293.75,331.75,0,1,294.8,308.1
133,4402,2064797,295.0,307.1,293.2,355.6,294.1,331.35,0,1,295.0,307.1
133,4403,2064798,295.2,306.1,293.4,355.6,294.3,330.85,0,1,295.2,306.1
133,4404,2064799,295.3,306.2,293.1,356.2,294.2,331.2,0,1,295.3,306.2
133,4405,2064800,295.4,306.4,292.7,356.9,294.05,331.65,0,1,295.4,306.4
133,4406,2064801,295.4,307.3,292.2,357.8,293.8,332.55,0,1,295.4,307.3
133,4407,2064802,295.2,308.2,291.6,358.5,293.4,333.35,0,1,295.2,308.2
133,4408,2064803,295.0,309.2,291.1,358.6,293.05,333.9,0,1,295.0,309.2
133,4409,2064804,294.8,310.2,290.8,358.0,292.8,334.1,0,1,294.8,310.2
133,4410,2064805,294.6,311.1,290.4,357.4,292.5,334.25,0,1,294.6,311.1
133,4411,2064806,294.6,311.2,290.2,356.3,292.4,333.75,0,1,294.6,311.2
133,4412,2064807,294.6,311.1,290.1,355.3,292.35,333.2,0,1,294.6,311.1
133,4413,2064808,294.7,310.7,290.2,354.4,292.45,332.55,0,1,294.7,310.7
133,4414,2064809,294.8,310.4,290.3,353.6,292.55,332.0,0,1,294.8,310.4
133,4415,2064810,294.9,310.1,290.6,353.5,292.75,331.8,0,1,294.9,310.1
133,4416,2064811,295.0,309.7,290.9,353.6,292.95,331.65,0,1,295.0,309.7
133,4417,2064812,295.2,309.3,291.2,354.0,293.2,331.65,0,1,295.2,309.3
133,4418,2064813,295.4,309.1,291.4,354.7,293.4,331.9,0,1,295.4,309.1
133,4419,2064814,295.4,309.0,291.6,355.6,293.5,332.3,0,1,295.4,309.0
133,4420,2064815,295.3,309.0,291.8,356.7,293.55,332.85,0,1,295.3,309.0
133,4421,2064816,295.2,309.0,291.8,357.8,293.5,333.4,0,1,295.2,309.0
133,4422,2064817,295.1,309.1,291.9,358.9,293.5,334.0,0,1,295.1,309.1
133,4423,2064818,294.7,309.1,291.9,360.0,293.3,334.55,0,1,294.7,309.1
133,4424,2064819,294.4,309.1,291.9,360.8,293.15,334.95,0,1,294.4,309.1
133,4425,2064820,294.0,309.0,292.0,361.3,293.0,335.15,0,1,294.0,309.0
133,4426,2064821,293.7,308.7,292.0,361.7,292.85,335.2,0,1,293.7,308.7
133,4427,2064822,293.4,308.5,292.1,362.2,292.75,335.35,0,1,293.4,308.5
133,4428,2064823,293.2,308.1,292.2,362.7,292.7,335.4,0,1,293.2,308.1
133,4429,2064824,293.0,307.7,292.5,363.2,292.75,335.45,0,1,293.0,307.7
133,4430,2064825,293.0,307.3,292.8,363.7,292.9,335.5,0,1,293.0,307.3
133,4431,2064826,293.0,306.9,293.2,364.3,293.1,335.6,0,1,293.0,306.9
133,4432,2064827,293.0,306.5,293.6,364.9,293.3,335.7,0,1,293.0,306.5
133,4433,2064828,293.1,306.2,294.0,365.8,293.55,336.0,0,1,293.1,306.2
134,4434,2064829,293.1,305.8,294.7,366.3,293.9,336.05,0,1,293.1,305.8
134,4435,2064830,293.1,305.2,295.5,366.7,294.3,335.95,0,1,293.1,305.2
134,4436,2064831,293.0,304.8,296.1,367.1,294.55,335.95,0,1,293.0,304.8
134,4437,2064832,292.9,304.4,296.8,367.7,294.85,336.05,0,1,292.9,304.4
134,4438,2064833,292.7,304.4,297.3,368.2,295.0,336.3,0,1,292.7,304.4
134,4439,2064834,292.6,304.3,298.3,368.8,295.45,336.55,0,1,292.6,304.3
134,4440,2064835,292.3,304.4,299.4,369.2,295.85,336.8,0,1,292.3,304.4
134,4441,2064836,292.1,304.8,299.9,370.5,296.0,337.65,0,1,292.1,304.8
134,4442,2064837,291.9,305.4,300.4,371.8,296.15,338.6,0,1,291.9,305.4
134,4443,2064838,291.7,305.9,301.0,373.1,296.35,339.5,0,1,291.7,305.9
134,4444,2064839,291.7,306.2,301.4,374.3,296.55,340.25,0,1,291.7,306.2
134,4445,2064840,291.8,306.1,301.9,375.4,296.85,340.75,0,1,291.8,306.1
134,4446,2064841,291.9,305.9,301.8,376.4,296.85,341.15,0,1,291.9,305.9
134,4447,2064842,292.0,305.8,301.6,377.2,296.8,341.5,0,1,292.0,305.8
134,4448,2064843,292.1,305.5,301.4,377.1,296.75,341.3,0,1,292.1,305.5
134,4449,2064844,292.2,305.4,301.2,377.1,296.7,341.25,0,1,292.2,305.4
134,4450,2064845,292.3,305.4,301.0,377.1,296.65,341.25,0,1,292.3,305.4
134,4451,2064846,292.3,305.4,300.9,377.0,296.6,341.2,0,1,292.3,305.4
134,4452,2064847,292.2,305.6,300.7,378.1,296.45,341.85,0,1,292.2,305.6
134,4453,2064848,292.1,305.9,300.6,379.3,296.35,342.6,0,1,292.1,305.9
134,4454,2064849,291.9,306.0,300.8,380.6,296.35,343.3,0,1,291.9,306.0
134,4455,2064850,291.9,306.2,300.9,381.9,296.4,344.05,0,1,291.9,306.2
134,4456,2064851,292.1,306.3,301.2,383.1,296.65,344.7,0,1,292.1,306.3
134,4457,2064852,292.3,306.1,301.5,384.1,296.9,345.1,0,1,292.3,306.1
134,4458,2064853,292.4,305.9,301.6,384.7,297.0,345.3,0,1,292.4,305.9
134,4459,2064854,292.5,305.4,301.6,383.8,297.05,344.6,0,1,292.5,305.4
134,4460,2064855,292.2,304.9,301.4,383.1,296.8,344.0,0,1,292.2,304.9
134,4461,2064856,291.9,304.5,301.2,382.6,296.55,343.55,0,1,291.9,304.5
134,4462,2064857,291.4,303.3,300.9,382.8,296.15,343.05,0,1,291.4,303.3
134,4463,2064858,290.8,302.0,300.4,383.1,295.6,342.55,0,1,290.8,302.0
134,4464,2064859,290.1,300.9,299.9,383.5,295.0,342.2,0,1,290.1,300.9
134,4465,2064860,289.6,299.8,299.5,384.4,294.55,342.1,0,1,289.6,299.8
134,4466,2064861,289.4,299.0,299.3,385.4,294.35,342.2,0,1,289.4,299.0
135,4467,2064862,289.5,298.3,298.3,386.0,293.9,342.15,0,1,289.5,298.3
135,4468,2064863,289.6,297.7,297.3,386.5,293.45,342.1,0,1,289.6,297.7
135,4469,2064864,289.8,297.8,296.4,385.9,293.1,341.85,0,1,289.8,297.8
135,4470,2064865,290.1,298.0,295.4,385.4,292.75,341.7,0,1,290.1,298.0
135,4471,2064866,290.4,298.2,294.5,384.8,292.45,341.5,0,1,290.4,298.2
135,4472,2064867,290.7,298.3,293.6,384.1,292.15,341.2,0,1,290.7,298.3
135,4473,2064868,290.7,299.0,292.7,383.4,291.7,341.2,0,1,290.7,299.0
135,4474,2064869,290.8,299.6,292.6,382.9,291.7,341.25,0,1,290.8,299.6
135,4475,2064870,290.8,300.3,292.5,382.5,291.65,341.4,0,1,290.8,300.3
135,4476,2064871,290.9,300.8,292.5,382.2,291.7,341.5,0,1,290.9,300.8
135,4477,2064872,290.9,301.2,292.4,381.8,291.65,341.5,0,1,290.9,301.2
135,4478,2064873,290.9,301.6,292.4,381.5,291.65,341.55,0,1,290.9,301.6
135,4479,2064874,290.9,302.0,292.3,381.4,291.6,341.7,0,1,290.9,302.0
135,4480,2064875,291.0,301.8,291.9,381.2,291.45,341.5,0,1,291.0,301.8
135,4481,2064876,291.0,301.7,290.9,381.0,290.95,341.35,0,1,291.0,301.7
135,4482,2064877,291.1,301.5,289.8,380.9,290.45,341.2,0,1,291.1,301.5
135,4483,2064878,291.1,301.9,288.9,381.0,290.0,341.45,0,1,291.1,301.9
135,4484,2064879,291.0,302.8,288.0,381.2,289.5,342.0,0,1,291.0,302.8
135,4485,2064880,291.0,303.7,287.5,381.4,289.25,342.55,0,1,291.0,303.7
135,4486,2064881,290.9,304.6,286.9,381.6,288.9,343.1,0,1,290.9,304.6
135,4487,2064882,290.9,305.5,286.7,381.9,288.8,343.7,0,1,290.9,305.5
135,4488,2064883,290.9,306.0,287.0,382.2,288.95,344.1,0,1,290.9,306.0
135,4489,2064884,290.8,306.5,287.3,382.3,289.05,344.4,0,1,290.8,306.5
135,4490,2064885,290.8,306.5,287.4,382.3,289.1,344.4,0,1,290.8,306.5
135,4491,2064886,290.5,306.3,287.5,382.3,289.0,344.3,0,1,290.5,306.3
135,4492,2064887,290.2,306.0,287.2,382.1,288.7,344.05,0,1,290.2,306.0
135,4493,2064888,289.9,305.8,286.8,381.9,288.35,343.85,0,1,289.9,305.8
135,4494,2064889,289.6,305.5,286.3,381.7,287.95,343.6,0,1,289.6,305.5
135,4495,2064890,289.3,305.6,285.8,381.5,287.55,343.55,0,1,289.3,305.6
135,4496,2064891,289.1,305.6,285.3,381.3,287.2,343.45,0,1,289.1,305.6
135,4497,2064892,289.1,305.6,284.9,380.9,287.0,343.25,0,1,289.1,305.6
135,4498,2064893,289.3,305.7,284.4,380.6,286.85,343.15,0,1,289.3,305.7
135,4499,2064894,289.6,305.6,283.9,380.3,286.75,342.95,0,1,289.6,305.6
135,4500,2064895,289.8,305.7,283.5,380.1,286.65,342.9,0,1,289.8,305.7
136,4501,2064896,290.0,305.7,283.0,380.4,286.5,343.05,0,1,290.0,305.7
136,4502,2064897,290.2,305.8,282.6,381.0,286.4,343.4,0,1,290.2,305.8
136,4503,2064898,290.3,305.9,282.1,381.6,286.2,343.75,0,1,290.3,305.9
136,4504,2064899,290.3,306.0,281.7,382.3,286.0,344.15,0,1,290.3,306.0
136,4505,2064900,290.2,306.1,281.3,383.1,285.75,344.6,0,1,290.2,306.1
136,4506,2064901,290.1,306.3,280.9,383.8,285.5,345.05,0,1,290.1,306.3
136,4507,2064902,290.0,306.4,280.7,384.6,285.35,345.5,0,1,290.0,306.4
136,4508,2064903,289.9,306.6,280.7,384.9,285.3,345.75,0,1,289.9,306.6
136,4509,2064904,289.8,307.0,280.9,384.9,285.35,345.95,0,1,289.8,307.0
136,4510,2064905,289.7,307.1,281.0,384.9,285.35,346.0,0,1,289.7,307.1
136,4511,2064906,289.7,307.0,280.8,384.8,285.25,345.9,0,1,289.7,307.0
136,4512,2064907,289.6,306.8,280.5,384.6,285.05,345.7,0,1,289.6,306.8
136,4513,2064908,289.6,306.6,280.3,384.4,284.95,345.5,0,1,289.6,306.6
136,4514,2064909,289.7,306.1,279.6,383.7,284.65,344.9,0,1,289.7,306.1
136,4515,2064910,289.7,305.5,278.9,382.8,284.3,344.15,0,1,289.7,305.5
136,4516,2064911,289.8,304.7,278.2,381.8,284.0,343.25,0,1,289.8,304.7
136,4517,2064912,290.0,304.1,277.5,380.9,283.75,342.5,0,1,290.0,304.1
136,4518,2064913,290.1,303.8,277.1,380.0,283.6,341.9,0,1,290.1,303.8
136,4519,2064914,290.3,303.4,276.8,379.2,283.55,341.3,0,1,290.3,303.4
136,4520,2064915,290.6,303.2,276.5,377.8,283.55,340.5,0,1,290.6,303.2
136,4521,2064916,290.8,303.2,276.5,377.0,283.65,340.1,0,1,290.8,303.2
136,4522,2064917,291.0,303.3,276.5,376.2,283.75,339.75,0,1,291.0,303.3
136,4523,2064918,291.0,304.2,276.5,375.4,283.75,339.8,0,1,291.0,304.2
136,4524,2064919,291.0,305.2,276.6,374.6,283.8,339.9,0,1,291.0,305.2
136,4525,2064920,290.9,306.2,276.6,373.8,283.75,340.0,0,1,290.9,306.2
136,4526,2064921,290.8,307.2,276.7,372.9,283.75,340.05,0,1,290.8,307.2
136,4527,2064922,290.7,308.0,276.7,372.6,283.7,340.3,0,1,290.7,308.0
136,4528,2064923,290.6,308.8,276.7,372.7,283.65,340.75,0,1,290.6,308.8
136,4529,2064924,290.6,309.6,276.2,373.0,283.4,341.3,0,1,290.6,309.6
136,4530,2064925,290.6,309.4,275.8,373.6,283.2,341.5,0,1,290.6,309.4
136,4531,2064926,290.7,309.1,275.3,374.2,283.0,341.65,0,1,290.7,309.1
136,4532,2064927,290.7,308.8,274.8,374.7,282.75,341.75,0,1,290.7,308.8
136,4533,2064928,290.8,308.6,274.3,375.3,282.55,341.95,0,1,290.8,308.6
137,4534,2064929,290.9,308.5,273.9,375.9,282.4,342.2,0,1,290.9,308.5
137,4535,2064930,291.1,308.5,273.4,376.3,282.25,342.4,0,1,291.1,308.5
137,4536,2064931,291.3,308.5,273.4,376.5,282.35,342.5,0,1,291.3,308.5
137,4537,2064932,291.6,308.8,273.3,376.6,282.45,342.7,0,1,291.6,308.8
137,4538,2064933,291.8,309.2,273.3,376.6,282.55,342.9,0,1,291.8,309.2
137,4539,2064934,291.9,309.6,273.2,376.6,282.55,343.1,0,1,291.9,309.6
137,4540,2064935,291.8,310.0,272.8,376.5,282.3,343.25,0,1,291.8,310.0
137,4541,2064936,291.5,310.4,272.4,376.4,281.95,343.4,0,1,291.5,310.4
137,4542,2064937,291.1,310.9,272.0,376.1,281.55,343.5,0,1,291.1,310.9
137,4543,2064938,290.6,311.5,271.6,375.8,281.1,343.65,0,1,290.6,311.5
137,4544,2064939,290.2,312.0,271.2,375.5,280.7,343.75,0,1,290.2,312.0
137,4545,2064940,289.7,312.4,270.8,375.2,280.25,343.8,0,1,289.7,312.4
137,4546,2064941,289.4,312.8,270.6,374.7,280.0,343.75,0,1,289.4,312.8
137,4547,2064942,289.3,313.2,270.6,374.1,279.95,343.65,0,1,289.3,313.2
137,4548,2064943,289.3,313.7,270.8,373.4,280.05,343.55,0,1,289.3,313.7
137,4549,2064944,289.4,314.1,271.1,372.6,280.25,343.35,0,1,289.4,314.1
137,4550,2064945,289.5,314.3,271.4,371.9,280.45,343.1,0,1,289.5,314.3
137,4551,2064946,289.7,314.4,271.7,371.2,280.7,342.8,0,1,289.7,314.4
137,4552,2064947,289.8,314.5,272.0,370.8,280.9,342.65,0,1,289.8,314.5
137,4553,2064948,289.9,314.6,272.1,370.8,281.0,342.7,0,1,289.9,314.6
137,4554,2064949,290.0,314.7,272.1,370.7,281.05,342.7,0,1,290.0,314.7
137,4555,2064950,290.0,314.6,271.9,370.7,280.95,342.65,0,1,290.0,314.6
137,4556,2064951,290.0,314.6,271.7,370.7,280.85,342.65,0,1,290.0,314.6
137,4557,2064952,290.0,314.8,271.6,370.7,280.8,342.75,0,1,290.0,314.8
137,4558,2064953,289.9,315.2,271.6,370.7,280.75,342.95,0,1,289.9,315.2
137,4559,2064954,289.7,316.1,271.7,370.7,280.7,343.4,0,1,289.7,316.1
137,4560,2064955,289.5,317.6,271.8,370.5,280.65,344.05,0,1,289.5,317.6
137,4561,2064956,289.3,319.1,272.4,370.5,280.85,344.8,0,1,289.3,319.1
137,4562,2064957,289.0,320.6,273.0,370.6,281.0,345.6,0,1,289.0,320.6
137,4563,2064958,288.7,322.0,273.7,370.8,281.2,346.4,0,1,288.7,322.0
137,4564,2064959,288.4,323.3,274.3,371.2,281.35,347.25,0,1,288.4,323.3
137,4565,2064960,288.3,324.1,274.8,371.5,281.55,347.8,0,1,288.3,324.1
137,4566,2064961,288.5,323.9,275.3,371.6,281.9,347.75,0,1,288.5,323.9
138,4567,2064962,288.7,323.2,275.8,371.0,282.25,347.1,0,1,288.7,323.2
138,4568,2064963,289.0,322.7,275.9,370.3,282.45,346.5,0,1,289.0,322.7
138,4569,2064964,289.1,322.4,276.1,369.6,282.6,346.0,0,1,289.1,322.4
138,4570,2064965,289.2,322.1,276.1,368.8,282.65,345.45,0,1,289.2,322.1
138,4571,2064966,289.3,321.9,276.3,367.9,282.8,344.9,0,1,289.3,321.9
138,4572,2064967,289.3,321.9,276.4,367.1,282.85,344.5,0,1,289.3,321.9
138,4573,2064968,289.0,322.0,276.6,366.5,282.8,344.25,0,1,289.0,322.0
138,4574,2064969,288.9,321.4,276.7,366.7,282.8,344.05,0,1,288.9,321.4
138,4575,2064970,288.7,320.7,276.9,367.0,282.8,343.85,0,1,288.7,320.7
138,4576,2064971,288.8,319.6,276.9,367.3,282.85,343.45,0,1,288.8,319.6
138,4577,2064972,288.9,320.1,276.9,367.6,282.9,343.85,0,1,288.9,320.1
138,4578,2064973,289.1,320.9,276.8,368.6,282.95,344.75,0,1,289.1,320.9
138,4579,2064974,289.2,321.8,276.6,369.6,282.9,345.7,0,1,289.2,321.8
138,4580,2064975,289.4,322.9,276.4,370.5,282.9,346.7,0,1,289.4,322.9
138,4581,2064976,289.5,324.7,276.3,371.3,282.9,348.0,0,1,289.5,324.7
138,4582,2064977,289.6,326.5,276.1,372.0,282.85,349.25,0,1,289.6,326.5
138,4583,2064978,289.6,328.2,276.0,372.5,282.8,350.35,0,1,289.6,328.2
138,4584,2064979,289.7,328.3,276.0,372.7,282.85,350.5,0,1,289.7,328.3
138,4585,2064980,289.7,328.1,276.2,372.2,282.95,350.15,0,1,289.7,328.1
138,4586,2064981,289.6,327.8,276.8,371.7,283.2,349.75,0,1,289.6,327.8
138,4587,2064982,289.5,327.6,277.4,371.3,283.45,349.45,0,1,289.5,327.6
138,4588,2064983,289.3,327.3,278.1,370.8,283.7,349.05,0,1,289.3,327.3
138,4589,2064984,289.1,326.8,278.7,370.4,283.9,348.6,0,1,289.1,326.8
138,4590,2064985,288.9,326.5,279.4,370.0,284.15,348.25,0,1,288.9,326.5
138,4591,2064986,288.6,326.4,279.9,369.9,284.25,348.15,0,1,288.6,326.4
138,4592,2064987,288.4,326.2,280.4,369.6,284.4,347.9,0,1,288.4,326.2
138,4593,2064988,288.2,325.8,280.4,369.4,284.3,347.6,0,1,288.2,325.8
138,4594,2064989,288.1,325.5,280.3,369.4,284.2,347.45,0,1,288.1,325.5
138,4595,2064990,288.2,325.2,280.2,369.5,284.2,347.35,0,1,288.2,325.2
138,4596,2064991,288.4,325.0,280.2,369.6,284.3,347.3,0,1,288.4,325.0
138,4597,2064992,288.5,324.7,280.3,369.8,284.4,347.25,0,1,288.5,324.7
138,4598,2064993,288.5,324.5,280.6,370.1,284.55,347.3,0,1,288.5,324.5
138,4599,2064994,288.6,324.5,280.9,370.6,284.75,347.55,0,1,288.6,324.5
138,4600,2064995,288.6,325.0,281.2,370.8,284.9,347.9,0,1,288.6,325.0
139,4601,2064996,288.6,325.4,281.4,370.9,285.0,348.15,0,1,288.6,325.4
139,4602,2064997,288.5,325.4,281.5,371.0,285.0,348.2,0,1,288.5,325.4
139,4603,2064998,288.3,325.3,281.4,371.1,284.85,348.2,0,1,288.3,325.3
139,4604,2064999,288.1,325.2,281.3,371.2,284.7,348.2,0,1,288.1,325.2
139,4605,2065000,288.0,324.3,280.7,371.3,284.35,347.8,0,1,288.0,324.3
139,4606,2065001,287.9,323.4,279.7,371.4,283.8,347.4,0,1,287.9,323.4
139,4607,2065002,287.8,322.1,278.8,371.5,283.3,346.8,0,1,287.8,322.1
139,4608,2065003,287.4,321.1,278.0,371.9,282.7,346.5,0,1,287.4,321.1
139,4609,2065004,286.6,320.4,276.4,372.3,281.5,346.35,0,1,286.6,320.4
139,4610,2065005,285.6,320.1,274.8,372.6,280.2,346.35,0,1,285.6,320.1
139,4611,2065006,284.2,320.0,273.4,373.1,278.8,346.55,0,1,284.2,320.0
139,4612,2065007,281.8,320.3,271.7,373.7,276.75,347.0,0,1,281.8,320.3
139,4613,2065008,278.6,320.6,269.7,374.9,274.15,347.75,0,1,278.6,320.6
139,4614,2065009,274.4,320.8,267.4,376.1,270.9,348.45,0,1,274.4,320.8
139,4615,2065010,269.2,321.5,263.4,377.0,266.3,349.25,0,1,269.2,321.5
139,4616,2065011,263.8,322.1,260.0,378.8,261.9,350.45,0,1,263.8,322.1
139,4617,2065012,256.8,323.0,255.6,381.3,256.2,352.15,0,1,256.8,323.0
139,4618,2065013,249.7,324.7,251.2,383.8,250.45,354.25,0,1,249.7,324.7
139,4619,2065014,243.2,326.3,247.1,386.2,245.15,356.25,0,1,243.2,326.3
139,4620,2065015,236.9,328.0,242.5,387.9,239.7,357.95,0,1,236.9,328.0
139,4621,2065016,231.5,330.5,238.2,389.5,234.85,360.0,0,1,231.5,330.5
139,4622,2065017,227.4,332.5,235.5,393.7,231.45,363.1,0,1,227.4,332.5
139,4623,2065018,223.8,334.6,233.2,397.1,228.5,365.85,0,1,223.8,334.6
139,4624,2065019,222.2,336.2,231.9,399.7,227.05,367.95,0,1,222.2,336.2
139,4625,2065020,221.2,337.0,230.7,402.2,225.95,369.6,0,1,221.2,337.0
139,4626,2065021,220.6,337.9,230.0,404.8,225.3,371.35,0,1,220.6,337.9
139,4627,2065022,220.9,338.7,231.1,407.5,226.0,373.1,0,1,220.9,338.7
139,4628,2065023,221.4,337.9,232.2,410.1,226.8,374.0,0,1,221.4,337.9
139,4629,2065024,221.9,337.1,233.4,410.5,227.65,373.8,0,1,221.9,337.1
139,4630,2065025,222.4,335.9,234.7,410.8,228.55,373.35,0,1,222.4,335.9
139,4631,2065026,223.0,334.8,236.3,411.1,229.65,372.95,0,1,223.0,334.8
139,4632,2065027,223.5,333.6,237.9,411.3,230.7,372.45,0,1,223.5,333.6
139,4633,2065028,224.2,332.4,238.9,411.3,231.55,371.85,0,1,224.2,332.4
140,4634,2065029,225.0,331.4,239.3,411.2,232.15,371.3,0,1,225.0,331.4
140,4635,2065030,225.6,331.3,239.8,411.1,232.7,371.2,0,1,225.6,331.3
140,4636,2065031,226.4,331.2,240.5,410.9,233.45,371.05,0,1,226.4,331.2
140,4637,2065032,227.1,331.5,240.9,410.6,234.0,371.05,0,1,227.1,331.5
140,4638,2065033,227.8,331.9,241.0,410.3,234.4,371.1,0,1,227.8,331.9
140,4639,2065034,228.5,332.5,241.1,410.2,234.8,371.35,0,1,228.5,332.5
140,4640,2065035,228.9,333.0,241.3,410.2,235.1,371.6,0,1,228.9,333.0
140,4641,2065036,229.1,333.2,241.6,410.3,235.35,371.75,0,1,229.1,333.2
140,4642,2065037,229.4,332.9,241.9,410.0,235.65,371.45,0,1,229.4,332.9
140,4643,2065038,229.5,332.4,242.0,409.8,235.75,371.1,0,1,229.5,332.4
140,4644,2065039,229.6,331.9,242.2,409.5,235.9,370.7,0,1,229.6,331.9
140,4645,2065040,229.7,331.4,242.4,409.2,236.05,370.3,0,1,229.7,331.4
140,4646,2065041,229.8,331.3,242.5,409.1,236.15,370.2,0,1,229.8,331.3
140,4647,2065042,229.4,331.4,242.9,409.5,236.15,370.45,0,1,229.4,331.4
140,4648,2065043,228.9,331.5,243.2,409.9,236.05,370.7,0,1,228.9,331.5
140,4649,2065044,228.3,331.9,243.5,410.9,235.9,371.4,0,1,228.3,331.9
140,4650,2065045,227.6,332.5,243.9,411.9,235.75,372.2,0,1,227.6,332.5
140,4651,2065046,226.9,332.9,244.4,412.8,235.65,372.85,0,1,226.9,332.9
140,4652,2065047,226.3,332.9,245.1,413.7,235.7,373.3,0,1,226.3,332.9
140,4653,2065048,225.7,332.4,245.8,414.4,235.75,373.4,0,1,225.7,332.4
140,4654,2065049,225.7,331.9,246.4,414.7,236.05,373.3,0,1,225.7,331.9
140,4655,2065050,225.9,331.5,246.9,414.9,236.4,373.2,0,1,225.9,331.5
140,4656,2065051,226.1,331.3,247.4,414.9,236.75,373.1,0,1,226.1,331.3
140,4657,2065052,226.4,331.2,247.8,414.9,237.1,373.05,0,1,226.4,331.2
140,4658,2065053,226.6,331.2,247.9,414.7,237.25,372.95,0,1,226.6,331.2
140,4659,2065054,226.7,331.6,247.7,414.4,237.2,373.0,0,1,226.7,331.6
140,4660,2065055,226.8,332.0,247.6,414.2,237.2,373.1,0,1,226.8,332.0
140,4661,2065056,226.8,332.4,247.4,413.9,237.1,373.15,0,1,226.8,332.4
140,4662,2065057,226.5,332.8,247.0,413.6,236.75,373.2,0,1,226.5,332.8
140,4663,2065058,226.2,333.1,246.7,413.2,236.45,373.15,0,1,226.2,333.1
140,4664,2065059,225.9,333.3,246.2,412.9,236.05,373.1,0,1,225.9,333.3
140,4665,2065060,225.6,333.3,245.7,412.8,235.65,373.05,0,1,225.6,333.3
140,4666,2065061,225.2,333.1,245.4,412.6,235.3,372.85,0,1,225.2,333.1
141,4667,2065062,224.9,332.9,245.1,412.5,235.0,372.7,0,1,224.9,332.9
141,4668,2065063,224.6,332.5,244.9,412.7,234.75,372.6,0,1,224.6,332.5
141,4669,2065064,224.4,332.1,245.0,413.1,234.7,372.6,0,1,224.4,332.1
141,4670,2065065,224.3,331.7,244.9,413.5,234.6,372.6,0,1,224.3,331.7
141,4671,2065066,224.2,331.3,245.1,413.9,234.65,372.6,0,1,224.2,331.3
141,4672,2065067,224.1,331.0,245.1,414.4,234.6,372.7,0,1,224.1,331.0
141,4673,2065068,224.1,330.8,245.2,414.9,234.65,372.85,0,1,224.1,330.8
141,4674,2065069,224.1,330.6,245.4,415.4,234.75,373.0,0,1,224.1,330.6
141,4675,2065070,224.0,330.6,245.7,415.6,234.85,373.1,0,1,224.0,330.6
141,4676,2065071,224.0,330.7,246.1,415.4,235.05,373.05,0,1,224.0,330.7
141,4677,2065072,223.9,330.8,246.6,415.3,235.25,373.05,0,1,223.9,330.8
141,4678,2065073,223.9,330.9,247.0,415.3,235.45,373.1,0,1,223.9,330.9
141,4679,2065074,223.9,330.9,247.4,415.7,235.65,373.3,0,1,223.9,330.9
141,4680,2065075,223.8,330.6,247.4,416.1,235.6,373.35,0,1,223.8,330.6
141,4681,2065076,223.9,330.3,247.4,416.6,235.65,373.45,0,1,223.9,330.3
141,4682,2065077,223.9,329.8,247.0,417.2,235.45,373.5,0,1,223.9,329.8
141,4683,2065078,224.2,329.4,246.6,418.0,235.4,373.7,0,1,224.2,329.4
141,4684,2065079,224.5,329.0,246.3,418.7,235.4,373.85,0,1,224.5,329.0
141,4685,2065080,224.7,329.2,246.1,419.2,235.4,374.2,0,1,224.7,329.2
141,4686,2065081,224.9,329.3,245.9,419.5,235.4,374.4,0,1,224.9,329.3
141,4687,2065082,225.1,329.4,245.9,419.9,235.5,374.65,0,1,225.1,329.4
141,4688,2065083,225.2,328.5,246.0,420.2,235.6,374.35,0,1,225.2,328.5
141,4689,2065084,225.3,327.6,246.0,420.5,235.65,374.05,0,1,225.3,327.6
141,4690,2065085,225.2,326.6,246.0,420.7,235.6,373.65,0,1,225.2,326.6
141,4691,2065086,225.1,325.9,246.0,420.9,235.55,373.4,0,1,225.1,325.9
141,4692,2065087,225.0,324.7,246.0,421.1,235.5,372.9,0,1,225.0,324.7
141,4693,2065088,225.0,324.0,246.1,420.9,235.55,372.45,0,1,225.0,324.0
141,4694,2065089,224.8,323.6,246.3,420.7,235.55,372.15,0,1,224.8,323.6
141,4695,2065090,224.6,324.1,246.4,420.5,235.5,372.3,0,1,224.6,324.1
141,4696,2065091,224.4,324.8,246.6,420.3,235.5,372.55,0,1,224.4,324.8
141,4697,2065092,224.2,325.5,246.6,420.1,235.4,372.8,0,1,224.2,325.5
141,4698,2065093,224.0,326.1,246.5,420.0,235.25,373.05,0,1,224.0,326.1
141,4699,2065094,223.9,326.6,246.4,419.7,235.15,373.15,0,1,223.9,326.6
141,4700,2065095,223.7,326.8,246.2,419.2,234.95,373.0,0,1,223.7,326.8
142,4701,2065096,223.8,327.5,245.9,418.7,234.85,373.1,0,1,223.8,327.5
142,4702,2065097,223.9,328.1,245.7,418.0,234.8,373.05,0,1,223.9,328.1
142,4703,2065098,224.2,328.7,245.6,417.4,234.9,373.05,0,1,224.2,328.7
142,4704,2065099,224.6,329.2,245.5,417.1,235.05,373.15,0,1,224.6,329.2
142,4705,2065100,224.9,329.7,245.6,417.2,235.25,373.45,0,1,224.9,329.7
142,4706,2065101,225.4,330.2,245.7,417.7,235.55,373.95,0,1,225.4,330.2
142,4707,2065102,225.9,330.8,245.8,418.2,235.85,374.5,0,1,225.9,330.8
142,4708,2065103,226.2,331.3,246.1,418.9,236.15,375.1,0,1,226.2,331.3
142,4709,2065104,226.2,331.8,246.3,419.9,236.25,375.85,0,1,226.2,331.8
142,4710,2065105,225.7,332.3,246.5,420.6,236.1,376.45,0,1,225.7,332.3
142,4711,2065106,225.2,332.7,246.6,421.1,235.9,376.9,0,1,225.2,332.7
142,4712,2065107,224.8,333.1,246.8,420.7,235.8,376.9,0,1,224.8,333.1
142,4713,2065108,224.2,333.4,246.9,420.2,235.55,376.8,0,1,224.2,333.4
142,4714,2065109,224.1,333.3,247.1,419.9,235.6,376.6,0,1,224.1,333.3
142,4715,2065110,224.0,332.9,247.0,419.6,235.5,376.25,0,1,224.0,332.9
142,4716,2065111,224.1,332.6,246.9,419.4,235.5,376.0,0,1,224.1,332.6
142,4717,2065112,224.7,331.7,246.9,419.4,235.8,375.55,0,1,224.7,331.7
142,4718,2065113,225.3,330.7,247.0,419.7,236.15,375.2,0,1,225.3,330.7
142,4719,2065114,226.0,329.4,247.0,420.4,236.5,374.9,0,1,226.0,329.4
142,4720,2065115,226.5,327.7,247.0,421.0,236.75,374.35,0,1,226.5,327.7
142,4721,2065116,226.8,326.2,246.8,421.3,236.8,373.75,0,1,226.8,326.2
142,4722,2065117,227.1,324.6,246.7,420.9,236.9,372.75,0,1,227.1,324.6
142,4723,2065118,227.4,323.0,246.4,420.1,236.9,371.55,0,1,227.4,323.0
142,4724,2065119,228.0,322.1,245.9,419.5,236.95,370.8,0,1,228.0,322.1
142,4725,2065120,228.6,321.6,245.4,418.7,237.0,370.15,0,1,228.6,321.6
142,4726,2065121,228.9,322.2,244.9,417.9,236.9,370.05,0,1,228.9,322.2
142,4727,2065122,229.0,324.0,244.4,417.3,236.7,370.65,0,1,229.0,324.0
142,4728,2065123,229.1,325.8,244.0,417.0,236.55,371.4,0,1,229.1,325.8
142,4729,2065124,229.0,327.9,243.6,417.4,236.3,372.65,0,1,229.0,327.9
142,4730,2065125,228.7,330.1,243.0,418.4,235.85,374.25,0,1,228.7,330.1
142,4731,2065126,228.0,332.0,242.8,419.3,235.4,375.65,0,1,228.0,332.0
142,4732,2065127,227.3,333.6,242.5,420.1,234.9,376.85,0,1,227.3,333.6
142,4733,2065128,226.8,334.4,242.3,420.9,234.55,377.65,0,1,226.8,334.4
143,4734,2065129,226.6,334.5,242.1,421.8,234.35,378.15,0,1,226.6,334.5
143,4735,2065130,226.4,334.6,241.9,422.6,234.15,378.6,0,1,226.4,334.6
143,4736,2065131,226.3,334.7,241.6,423.9,233.95,379.3,0,1,226.3,334.7
143,4737,2065132,226.3,334.7,241.4,424.5,233.85,379.6,0,1,226.3,334.7
143,4738,2065133,226.4,334.8,241.1,425.2,233.75,380.0,0,1,226.4,334.8
143,4739,2065134,226.5,334.7,240.9,426.0,233.7,380.35,0,1,226.5,334.7
143,4740,2065135,226.6,334.5,240.6,426.8,233.6,380.65,0,1,226.6,334.5
143,4741,2065136,227.0,334.3,240.3,427.5,233.65,380.9,0,1,227.0,334.3
143,4742,2065137,227.4,334.0,240.1,428.3,233.75,381.15,0,1,227.4,334.0
143,4743,2065138,227.7,333.7,240.0,428.8,233.85,381.25,0,1,227.7,333.7
143,4744,2065139,228.0,333.4,239.9,429.2,233.95,381.3,0,1,228.0,333.4
143,4745,2065140,228.3,333.0,239.8,429.8,234.05,381.4,0,1,228.3,333.0
143,4746,2065141,228.5,332.7,239.8,430.3,234.15,381.5,0,1,228.5,332.7
143,4747,2065142,228.6,332.8,239.8,430.7,234.2,381.75,0,1,228.6,332.8
143,4748,2065143,228.3,332.9,239.8,431.0,234.05,381.95,0,1,228.3,332.9
143,4749,2065144,228.0,333.3,239.7,431.3,233.85,382.3,0,1,228.0,333.3
143,4750,2065145,227.7,333.8,239.7,431.4,233.7,382.6,0,1,227.7,333.8
143,4751,2065146,227.5,334.2,239.8,431.4,233.65,382.8,0,1,227.5,334.2
143,4752,2065147,227.2,334.8,239.8,432.0,233.5,383.4,0,1,227.2,334.8
143,4753,2065148,227.0,335.3,239.8,432.5,233.4,383.9,0,1,227.0,335.3
143,4754,2065149,226.8,336.0,239.8,433.0,233.3,384.5,0,1,226.8,336.0
143,4755,2065150,226.7,336.6,239.7,433.5,233.2,385.05,0,1,226.7,336.6
143,4756,2065151,226.6,336.8,239.6,434.1,233.1,385.45,0,1,226.6,336.8
143,4757,2065152,226.6,337.0,239.4,434.9,233.0,385.95,0,1,226.6,337.0
143,4758,2065153,226.6,336.9,239.2,435.6,232.9,386.25,0,1,226.6,336.9
143,4759,2065154,226.7,336.4,239.0,435.6,232.85,386.0,0,1,226.7,336.4
143,4760,2065155,226.8,336.0,238.9,435.1,232.85,385.55,0,1,226.8,336.0
143,4761,2065156,226.9,335.5,238.9,434.8,232.9,385.15,0,1,226.9,335.5
143,4762,2065157,227.1,335.3,239.4,434.2,233.25,384.75,0,1,227.1,335.3
143,4763,2065158,227.3,335.1,240.0,433.5,233.65,384.3,0,1,227.3,335.1
143,4764,2065159,227.4,335.0,240.6,432.6,234.0,383.8,0,1,227.4,335.0
143,4765,2065160,227.6,335.1,241.2,431.8,234.4,383.45,0,1,227.6,335.1
143,4766,2065161,227.8,335.5,241.7,431.1,234.75,383.3,0,1,227.8,335.5
144,4767,2065162,227.9,335.9,242.0,430.8,234.95,383.35,0,1,227.9,335.9
144,4768,2065163,227.9,336.1,242.2,430.5,235.05,383.3,0,1,227.9,336.1
144,4769,2065164,227.8,336.0,241.8,430.5,234.8,383.25,0,1,227.8,336.0
144,4770,2065165,227.6,335.9,241.4,430.5,234.5,383.2,0,1,227.6,335.9
144,4771,2065166,227.3,336.4,241.0,430.6,234.15,383.5,0,1,227.3,336.4
144,4772,2065167,226.8,336.7,240.7,430.7,233.75,383.7,0,1,226.8,336.7
144,4773,2065168,226.3,337.0,240.5,430.8,233.4,383.9,0,1,226.3,337.0
144,4774,2065169,225.9,337.0,240.4,430.8,233.15,383.9,0,1,225.9,337.0
144,4775,2065170,225.7,336.9,240.2,430.9,232.95,383.9,0,1,225.7,336.9
144,4776,2065171,225.5,336.8,240.0,431.0,232.75,383.9,0,1,225.5,336.8
144,4777,2065172,225.5,336.7,240.0,431.1,232.75,383.9,0,1,225.5,336.7
144,4778,2065173,225.5,336.1,240.0,431.2,232.75,383.65,0,1,225.5,336.1
144,4779,2065174,225.7,335.8,239.9,431.4,232.8,383.6,0,1,225.7,335.8
144,4780,2065175,225.9,335.6,239.7,431.7,232.8,383.65,0,1,225.9,335.6
144,4781,2065176,226.0,335.8,239.5,432.0,232.75,383.9,0,1,226.0,335.8
144,4782,2065177,226.0,336.2,239.4,432.4,232.7,384.3,0,1,226.0,336.2
144,4783,2065178,225.9,336.6,239.3,432.8,232.6,384.7,0,1,225.9,336.6
144,4784,2065179,225.9,337.0,239.3,433.1,232.6,385.05,0,1,225.9,337.0
144,4785,2065180,225.8,337.3,239.1,433.3,232.45,385.3,0,1,225.8,337.3
144,4786,2065181,225.7,337.2,239.1,433.6,232.4,385.4,0,1,225.7,337.2
144,4787,2065182,225.6,337.2,239.1,433.7,232.35,385.45,0,1,225.6,337.2
144,4788,2065183,225.6,337.1,239.1,433.5,232.35,385.3,0,1,225.6,337.1
144,4789,2065184,225.6,336.9,239.2,433.4,232.4,385.15,0,1,225.6,336.9
144,4790,2065185,225.7,336.6,239.4,433.4,232.55,385.0,0,1,225.7,336.6
144,4791,2065186,225.8,336.4,239.6,433.4,232.7,384.9,0,1,225.8,336.4
144,4792,2065187,225.9,336.1,240.0,433.6,232.95,384.85,0,1,225.9,336.1
144,4793,2065188,225.9,336.9,240.5,434.0,233.2,385.45,0,1,225.9,336.9
144,4794,2065189,225.9,337.8,240.9,434.3,233.4,386.05,0,1,225.9,337.8
144,4795,2065190,225.8,338.9,241.2,434.6,233.5,386.75,0,1,225.8,338.9
144,4796,2065191,225.6,339.9,241.5,434.0,233.55,386.95,0,1,225.6,339.9
144,4797,2065192,225.4,340.9,241.7,433.2,233.55,387.05,0,1,225.4,340.9
144,4798,2065193,225.2,341.7,241.9,432.3,233.55,387.0,0,1,225.2,341.7
144,4799,2065194,225.3,342.6,241.8,431.3,233.55,386.95,0,1,225.3,342.6
144,4800,2065195,225.3,342.6,241.8,429.9,233.55,386.25,0,1,225.3,342.6
145,4801,2065196,225.3,343.0,241.8,428.5,233.55,385.75,0,1,225.3,343.0
145,4802,2065197,225.5,343.0,241.8,427.3,233.65,385.15,0,1,225.5,343.0
145,4803,2065198,225.7,343.2,241.7,426.9,233.7,385.05,0,1,225.7,343.2
145,4804,2065199,225.8,343.5,241.5,427.6,233.65,385.55,0,1,225.8,343.5
145,4805,2065200,225.9,344.1,241.4,428.2,233.65,386.15,0,1,225.9,344.1
145,4806,2065201,225.8,344.7,241.1,429.0,233.45,386.85,0,1,225.8,344.7
145,4807,2065202,225.5,345.2,240.8,429.7,233.15,387.45,0,1,225.5,345.2
145,4808,2065203,225.1,346.0,240.6,430.7,232.85,388.35,0,1,225.1,346.0
145,4809,2065204,224.8,346.8,240.4,431.6,232.6,389.2,0,1,224.8,346.8
145,4810,2065205,224.5,347.5,240.2,432.5,232.35,390.0,0,1,224.5,347.5
145,4811,2065206,224.1,348.2,240.2,432.5,232.15,390.35,0,1,224.1,348.2
145,4812,2065207,223.9,348.6,240.1,432.4,232.0,390.5,0,1,223.9,348.6
145,4813,2065208,223.7,348.8,240.0,432.4,231.85,390.6,0,1,223.7,348.8
145,4814,2065209,223.8,348.9,240.0,432.3,231.9,390.6,0,1,223.8,348.9
145,4815,2065210,223.9,348.4,239.7,432.1,231.8,390.25,0,1,223.9,348.4
145,4816,2065211,224.1,347.4,239.5,431.5,231.8,389.45,0,1,224.1,347.4
145,4817,2065212,224.3,346.5,239.3,430.9,231.8,388.7,0,1,224.3,346.5
145,4818,2065213,224.6,345.6,239.0,430.2,231.8,387.9,0,1,224.6,345.6
145,4819,2065214,224.9,344.7,238.7,429.5,231.8,387.1,0,1,224.9,344.7
145,4820,2065215,225.2,344.1,238.1,428.8,231.65,386.45,0,1,225.2,344.1
145,4821,2065216,225.4,343.5,237.5,427.9,231.45,385.7,0,1,225.4,343.5
145,4822,2065217,225.5,342.9,237.1,427.1,231.3,385.0,0,1,225.5,342.9
145,4823,2065218,225.6,342.9,237.0,426.9,231.3,384.9,0,1,225.6,342.9
145,4824,2065219,225.6,343.1,236.8,426.8,231.2,384.95,0,1,225.6,343.1
145,4825,2065220,225.6,343.3,236.6,426.8,231.1,385.05,0,1,225.6,343.3
145,4826,2065221,225.6,343.5,236.5,426.8,231.05,385.15,0,1,225.6,343.5
145,4827,2065222,225.5,343.8,236.7,426.8,231.1,385.3,0,1,225.5,343.8
145,4828,2065223,225.4,344.1,236.8,427.0,231.1,385.55,0,1,225.4,344.1
145,4829,2065224,225.3,344.5,237.1,427.2,231.2,385.85,0,1,225.3,344.5
145,4830,2065225,225.0,344.8,237.2,427.4,231.1,386.1,0,1,225.0,344.8
145,4831,2065226,224.7,344.8,237.4,427.3,231.05,386.05,0,1,224.7,344.8
145,4832,2065227,224.4,344.7,237.8,427.3,231.1,386.0,0,1,224.4,344.7
145,4833,2065228,224.2,344.4,238.1,427.2,231.15,385.8,0,1,224.2,344.4
146,4834,2065229,224.0,344.1,238.4,427.4,231.2,385.75,0,1,224.0,344.1
146,4835,2065230,223.9,343.9,238.7,427.5,231.3,385.7,0,1,223.9,343.9
146,4836,2065231,223.7,343.5,238.9,427.5,231.3,385.5,0,1,223.7,343.5
146,4837,2065232,223.8,343.2,238.9,427.5,231.35,385.35,0,1,223.8,343.2
146,4838,2065233,223.9,342.9,238.9,427.6,231.4,385.25,0,1,223.9,342.9
146,4839,2065234,224.0,342.7,238.8,427.6,231.4,385.15,0,1,224.0,342.7
146,4840,2065235,224.0,342.7,238.8,427.6,231.4,385.15,0,1,224.0,342.7
146,4841,2065236,224.0,342.6,238.9,427.4,231.45,385.0,0,1,224.0,342.6
146,4842,2065237,224.1,342.0,238.9,427.3,231.5,384.65,0,1,224.1,342.0
146,4843,2065238,224.2,341.4,239.0,427.2,231.6,384.3,0,1,224.2,341.4
146,4844,2065239,224.3,340.9,239.1,427.1,231.7,384.0,0,1,224.3,340.9
146,4845,2065240,224.3,340.4,239.1,427.0,231.7,383.7,0,1,224.3,340.4
146,4846,2065241,224.4,340.0,239.0,426.8,231.7,383.4,0,1,224.4,340.0
146,4847,2065242,224.6,339.6,238.7,426.7,231.65,383.15,0,1,224.6,339.6
146,4848,2065243,224.8,339.2,238.5,426.8,231.65,383.0,0,1,224.8,339.2
146,4849,2065244,224.9,339.3,238.0,427.4,231.45,383.35,0,1,224.9,339.3
146,4850,2065245,225.1,339.4,237.5,428.1,231.3,383.75,0,1,225.1,339.4
146,4851,2065246,224.7,339.3,237.0,428.8,230.85,384.05,0,1,224.7,339.3
146,4852,2065247,224.3,339.1,236.5,429.5,230.4,384.3,0,1,224.3,339.1
146,4853,2065248,223.9,339.0,236.3,430.3,230.1,384.65,0,1,223.9,339.0
146,4854,2065249,223.4,338.4,236.2,431.1,229.8,384.75,0,1,223.4,338.4
146,4855,2065250,222.9,338.0,236.1,432.0,229.5,385.0,0,1,222.9,338.0
146,4856,2065251,222.4,337.8,236.3,432.2,229.35,385.0,0,1,222.4,337.8
146,4857,2065252,221.9,337.7,237.1,432.4,229.5,385.05,0,1,221.9,337.7
146,4858,2065253,222.3,337.8,238.0,432.2,230.15,385.0,0,1,222.3,337.8
146,4859,2065254,222.6,337.8,238.8,432.1,230.7,384.95,0,1,222.6,337.8
146,4860,2065255,223.0,337.8,239.7,432.0,231.35,384.9,0,1,223.0,337.8
146,4861,2065256,223.3,338.2,240.5,432.0,231.9,385.1,0,1,223.3,338.2
146,4862,2065257,223.6,338.3,241.3,432.5,232.45,385.4,0,1,223.6,338.3
146,4863,2065258,223.9,337.8,242.1,432.9,233.0,385.35,0,1,223.9,337.8
146,4864,2065259,224.1,337.3,242.3,433.3,233.2,385.3,0,1,224.1,337.3
146,4865,2065260,224.2,337.0,242.4,433.5,233.3,385.25,0,1,224.2,337.0
146,4866,2065261,224.2,337.3,242.6,433.8,233.4,385.55,0,1,224.2,337.3
147,4867,2065262,224.2,337.6,242.8,433.5,233.5,385.55,0,1,224.2,337.6
147,4868,2065263,224.2,338.0,242.9,433.0,233.55,385.5,0,1,224.2,338.0
147,4869,2065264,224.1,338.4,243.0,431.9,233.55,385.15,0,1,224.1,338.4
147,4870,2065265,223.6,339.3,243.1,431.0,233.35,385.15,0,1,223.6,339.3
147,4871,2065266,223.1,340.1,243.1,430.0,233.1,385.05,0,1,223.1,340.1
147,4872,2065267,222.7,340.6,243.1,429.5,232.9,385.05,0,1,222.7,340.6
147,4873,2065268,222.3,340.6,243.1,429.1,232.7,384.85,0,1,222.3,340.6
147,4874,2065269,221.9,340.5,242.5,429.2,232.2,384.85,0,1,221.9,340.5
147,4875,2065270,221.7,339.8,241.9,429.5,231.8,384.65,0,1,221.7,339.8
147,4876,2065271,221.6,339.1,241.3,429.9,231.45,384.5,0,1,221.6,339.1
147,4877,2065272,221.9,338.4,240.7,430.4,231.3,384.4,0,1,221.9,338.4
147,4878,2065273,222.2,338.2,240.2,431.0,231.2,384.6,0,1,222.2,338.2
147,4879,2065274,222.3,338.0,239.6,431.4,230.95,384.7,0,1,222.3,338.0
147,4880,2065275,222.3,337.8,239.1,431.6,230.7,384.7,0,1,222.3,337.8
147,4881,2065276,222.2,337.8,239.0,431.7,230.6,384.75,0,1,222.2,337.8
147,4882,2065277,222.0,338.4,239.0,431.5,230.5,384.95,0,1,222.0,338.4
147,4883,2065278,221.9,339.0,238.9,431.3,230.4,385.15,0,1,221.9,339.0
147,4884,2065279,222.1,339.4,238.9,430.9,230.5,385.15,0,1,222.1,339.4
147,4885,2065280,222.4,339.4,238.8,430.5,230.6,384.95,0,1,222.4,339.4
147,4886,2065281,222.7,339.4,238.6,430.3,230.65,384.85,0,1,222.7,339.4
147,4887,2065282,223.0,339.3,238.3,430.4,230.65,384.85,0,1,223.0,339.3
147,4888,2065283,223.2,339.1,238.0,430.5,230.6,384.8,0,1,223.2,339.1
147,4889,2065284,223.1,338.8,237.6,430.6,230.35,384.7,0,1,223.1,338.8
147,4890,2065285,222.9,338.8,237.3,430.8,230.1,384.8,0,1,222.9,338.8
147,4891,2065286,222.4,339.1,237.2,430.9,229.8,385.0,0,1,222.4,339.1
147,4892,2065287,222.0,339.5,236.9,431.1,229.45,385.3,0,1,222.0,339.5
147,4893,2065288,221.6,339.9,236.8,431.1,229.2,385.5,0,1,221.6,339.9
147,4894,2065289,221.3,340.2,236.9,430.9,229.1,385.55,0,1,221.3,340.2
147,4895,2065290,221.1,340.6,237.0,430.8,229.05,385.7,0,1,221.1,340.6
147,4896,2065291,221.2,340.9,237.4,430.7,229.3,385.8,0,1,221.2,340.9
147,4897,2065292,221.6,341.1,237.6,430.6,229.6,385.85,0,1,221.6,341.1
147,4898,2065293,221.8,340.7,237.6,430.4,229.7,385.55,0,1,221.8,340.7
147,4899,2065294,222.0,339.9,237.8,430.1,229.9,385.0,0,1,222.0,339.9
147,4900,2065295,222.2,339.2,238.1,429.7,230.15,384.45,0,1,222.2,339.2
148,4901,2065296,222.2,338.5,238.5,429.3,230.35,383.9,0,1,222.2,338.5
148,4902,2065297,222.1,337.9,238.9,428.9,230.5,383.4,0,1,222.1,337.9
148,4903,2065298,221.9,337.4,239.2,428.3,230.55,382.85,0,1,221.9,337.4
148,4904,2065299,221.5,336.9,239.7,427.5,230.6,382.2,0,1,221.5,336.9
148,4905,2065300,221.1,336.3,240.4,426.2,230.75,381.25,0,1,221.1,336.3
148,4906,2065301,220.7,336.3,241.2,424.9,230.95,380.6,0,1,220.7,336.3
148,4907,2065302,220.3,336.4,241.8,424.1,231.05,380.25,0,1,220.3,336.4
148,4908,2065303,220.0,337.0,242.3,423.2,231.15,380.1,0,1,220.0,337.0
148,4909,2065304,219.7,337.6,242.6,422.5,231.15,380.05,0,1,219.7,337.6
148,4910,2065305,219.4,338.0,243.0,422.0,231.2,380.0,0,1,219.4,338.0
148,4911,2065306,219.2,338.5,243.1,421.8,231.15,380.15,0,1,219.2,338.5
148,4912,2065307,219.1,338.9,243.0,422.1,231.05,380.5,0,1,219.1,338.9
148,4913,2065308,218.9,339.1,242.9,422.5,230.9,380.8,0,1,218.9,339.1
148,4914,2065309,218.8,339.2,242.9,422.9,230.85,381.05,0,1,218.8,339.2
148,4915,2065310,218.8,338.6,242.8,423.1,230.8,380.85,0,1,218.8,338.6
148,4916,2065311,218.9,337.7,243.1,423.1,231.0,380.4,0,1,218.9,337.7
148,4917,2065312,219.1,336.9,243.4,423.0,231.25,379.95,0,1,219.1,336.9
148,4918,2065313,219.3,336.1,243.6,422.9,231.45,379.5,0,1,219.3,336.1
148,4919,2065314,219.5,335.1,243.7,422.5,231.6,378.8,0,1,219.5,335.1
148,4920,2065315,219.7,334.0,243.7,422.0,231.7,378.0,0,1,219.7,334.0
148,4921,2065316,219.9,332.8,243.6,421.3,231.75,377.05,0,1,219.9,332.8
148,4922,2065317,220.0,331.6,243.5,420.9,231.75,376.25,0,1,220.0,331.6
148,4923,2065318,219.8,330.6,243.2,420.6,231.5,375.6,0,1,219.8,330.6
148,4924,2065319,219.5,329.6,243.0,420.1,231.25,374.85,0,1,219.5,329.6
148,4925,2065320,219.2,328.5,242.8,419.4,231.0,373.95,0,1,219.2,328.5
148,4926,2065321,218.8,327.8,242.6,418.8,230.7,373.3,0,1,218.8,327.8
148,4927,2065322,218.3,327.2,242.3,418.4,230.3,372.8,0,1,218.3,327.2
148,4928,2065323,217.9,326.7,242.0,417.9,229.95,372.3,0,1,217.9,326.7
148,4929,2065324,217.6,326.3,241.7,417.3,229.65,371.8,0,1,217.6,326.3
148,4930,2065325,217.8,325.8,241.4,416.8,229.6,371.3,0,1,217.8,325.8
148,4931,2065326,218.1,325.1,241.0,416.3,229.55,370.7,0,1,218.1,325.1
148,4932,2065327,218.5,324.5,240.8,416.1,229.65,370.3,0,1,218.5,324.5
148,4933,2065328,218.9,323.5,240.5,416.0,229.7,369.75,0,1,218.9,323.5
149,4934,2065329,219.3,322.1,240.5,416.0,229.9,369.05,0,1,219.3,322.1
149,4935,2065330,219.8,320.8,240.4,416.1,230.1,368.45,0,1,219.8,320.8
149,4936,2065331,219.9,319.5,240.1,416.2,230.0,367.85,0,1,219.9,319.5
149,4937,2065332,219.6,318.1,239.8,416.3,229.7,367.2,0,1,219.6,318.1
149,4938,2065333,219.3,317.3,239.5,416.2,229.4,366.75,0,1,219.3,317.3
149,4939,2065334,219.1,316.5,239.1,416.0,229.1,366.25,0,1,219.1,316.5
149,4940,2065335,218.8,316.3,238.7,415.7,228.75,366.0,0,1,218.8,316.3
149,4941,2065336,218.4,316.5,238.3,415.3,228.35,365.9,0,1,218.4,316.5
149,4942,2065337,218.0,316.7,237.9,414.7,227.95,365.7,0,1,218.0,316.7
149,4943,2065338,218.0,317.1,237.7,414.1,227.85,365.6,0,1,218.0,317.1
149,4944,2065339,218.0,317.6,237.0,413.7,227.5,365.65,0,1,218.0,317.6
149,4945,2065340,217.9,317.9,235.9,413.4,226.9,365.65,0,1,217.9,317.9
149,4946,2065341,217.9,318.1,234.9,413.0,226.4,365.55,0,1,217.9,318.1
149,4947,2065342,217.8,318.2,233.9,412.2,225.85,365.2,0,1,217.8,318.2
149,4948,2065343,217.7,318.6,233.0,411.3,225.35,364.95,0,1,217.7,318.6
149,4949,2065344,217.5,319.0,232.3,410.4,224.9,364.7,0,1,217.5,319.0
149,4950,2065345,217.3,319.6,231.5,409.4,224.4,364.5,0,1,217.3,319.6
149,4951,2065346,217.2,320.2,231.0,408.2,224.1,364.2,0,1,217.2,320.2
149,4952,2065347,216.6,320.9,231.1,406.5,223.85,363.7,0,1,216.6,320.9
149,4953,2065348,216.1,321.4,231.2,405.1,223.65,363.25,0,1,216.1,321.4
149,4954,2065349,215.7,321.7,231.1,403.8,223.4,362.75,0,1,215.7,321.7
149,4955,2065350,215.3,321.0,230.9,402.7,223.1,361.85,0,1,215.3,321.0
149,4956,2065351,215.0,320.2,230.7,401.7,222.85,360.95,0,1,215.0,320.2
149,4957,2065352,214.7,319.4,230.4,400.9,222.55,360.15,0,1,214.7,319.4
149,4958,2065353,214.4,318.7,230.1,400.0,222.25,359.35,0,1,214.4,318.7
149,4959,2065354,214.6,317.8,229.8,399.6,222.2,358.7,0,1,214.6,317.8
149,4960,2065355,214.7,317.2,229.5,399.2,222.1,358.2,0,1,214.7,317.2
149,4961,2065356,214.9,316.6,229.1,398.8,222.0,357.7,0,1,214.9,316.6
149,4962,2065357,215.1,316.7,228.8,398.6,221.95,357.65,0,1,215.1,316.7
149,4963,2065358,215.3,316.7,228.6,398.0,221.95,357.35,0,1,215.3,316.7
149,4964,2065359,215.5,316.6,228.3,397.3,221.9,356.95,0,1,215.5,316.6
149,4965,2065360,215.6,316.3,228.2,396.9,221.9,356.6,0,1,215.6,316.3
149,4966,2065361,215.4,316.1,227.9,396.5,221.65,356.3,0,1,215.4,316.1
150,4967,2065362,215.4,315.9,227.7,396.4,221.55,356.15,0,1,215.4,315.9
150,4968,2065363,215.4,315.7,227.4,396.5,221.4,356.1,0,1,215.4,315.7
150,4969,2065364,215.3,315.7,227.1,396.6,221.2,356.15,0,1,215.3,315.7
150,4970,2065365,215.1,316.0,226.3,397.0,220.7,356.5,0,1,215.1,316.0
150,4971,2065366,214.8,317.0,225.5,397.4,220.15,357.2,0,1,214.8,317.0
150,4972,2065367,214.6,318.2,224.7,396.9,219.65,357.55,0,1,214.6,318.2
150,4973,2065368,214.5,319.5,224.0,396.3,219.25,357.9,0,1,214.5,319.5
150,4974,2065369,214.3,320.9,223.2,395.4,218.75,358.15,0,1,214.3,320.9
150,4975,2065370,214.0,322.4,222.5,393.6,218.25,358.0,0,1,214.0,322.4
150,4976,2065371,213.7,324.0,222.0,391.8,217.85,357.9,0,1,213.7,324.0
150,4977,2065372,213.6,325.5,221.9,390.0,217.75,357.75,0,1,213.6,325.5
150,4978,2065373,213.6,326.2,221.9,389.1,217.75,357.65,0,1,213.6,326.2
150,4979,2065374,213.8,326.9,221.9,389.1,217.85,358.0,0,1,213.8,326.9
150,4980,2065375,214.1,327.7,222.0,389.1,218.05,358.4,0,1,214.1,327.7
150,4981,2065376,214.4,328.4,222.2,389.2,218.3,358.8,0,1,214.4,328.4
150,4982,2065377,214.7,329.1,222.2,389.9,218.45,359.5,0,1,214.7,329.1
150,4983,2065378,214.9,329.5,222.0,390.5,218.45,360.0,0,1,214.9,329.5
150,4984,2065379,215.2,329.7,221.7,390.8,218.45,360.25,0,1,215.2,329.7
150,4985,2065380,215.3,329.6,221.3,390.2,218.3,359.9,0,1,215.3,329.6
150,4986,2065381,215.1,329.7,220.4,389.5,217.75,359.6,0,1,215.1,329.7
150,4987,2065382,215.0,329.6,219.5,389.0,217.25,359.3,0,1,215.0,329.6
150,4988,2065383,214.8,329.5,218.5,388.6,216.65,359.05,0,1,214.8,329.5
150,4989,2065384,214.7,329.5,217.8,388.7,216.25,359.1,0,1,214.7,329.5
150,4990,2065385,214.5,329.4,217.2,388.9,215.85,359.15,0,1,214.5,329.4
150,4991,2065386,214.3,329.6,216.7,389.6,215.5,359.6,0,1,214.3,329.6
150,4992,2065387,214.1,329.8,216.4,389.8,215.25,359.8,0,1,214.1,329.8
150,4993,2065388,213.9,330.0,216.6,389.4,215.25,359.7,0,1,213.9,330.0
150,4994,2065389,213.7,329.9,216.9,388.9,215.3,359.4,0,1,213.7,329.9
150,4995,2065390,213.6,330.0,217.2,388.2,215.4,359.1,0,1,213.6,330.0
150,4996,2065391,213.5,330.3,217.6,387.0,215.55,358.65,0,1,213.5,330.3
150,4997,2065392,213.4,331.1,217.9,385.9,215.65,358.5,0,1,213.4,331.1
150,4998,2065393,213.4,331.9,218.3,384.7,215.85,358.3,0,1,213.4,331.9
150,4999,2065394,213.7,332.8,218.6,384.0,216.15,358.4,0,1,213.7,332.8
150,5000,2065395,213.9,333.6,218.7,383.9,216.3,358.75,0,1,213.9,333.6
151,5001,2065396,214.1,334.8,218.7,383.8,216.4,359.3,0,1,214.1,334.8
151,5002,2065397,214.3,336.0,218.5,383.8,216.4,359.9,0,1,214.3,336.0
151,5003,2065398,214.3,337.0,218.3,383.7,216.3,360.35,0,1,214.3,337.0
151,5004,2065399,214.4,337.5,218.1,383.7,216.25,360.6,0,1,214.4,337.5
151,5005,2065400,214.0,338.0,217.8,383.5,215.9,360.75,0,1,214.0,338.0
151,5006,2065401,213.6,338.5,217.6,383.2,215.6,360.85,0,1,213.6,338.5
151,5007,2065402,213.1,339.0,217.3,382.9,215.2,360.95,0,1,213.1,339.0
151,5008,2065403,212.7,339.3,217.1,382.7,214.9,361.0,0,1,212.7,339.3
151,5009,2065404,212.4,339.5,216.9,382.6,214.65,361.05,0,1,212.4,339.5
151,5010,2065405,212.1,339.9,216.7,382.5,214.4,361.2,0,1,212.1,339.9
151,5011,2065406,211.9,340.3,216.5,382.5,214.2,361.4,0,1,211.9,340.3
151,5012,2065407,211.8,341.0,216.2,382.6,214.0,361.8,0,1,211.8,341.0
151,5013,2065408,211.8,342.2,216.0,382.8,213.9,362.5,0,1,211.8,342.2
151,5014,2065409,211.7,343.9,215.8,382.8,213.75,363.35,0,1,211.7,343.9
151,5015,2065410,211.6,345.6,215.6,382.7,213.6,364.15,0,1,211.6,345.6
151,5016,2065411,211.7,347.1,215.4,382.2,213.55,364.65,0,1,211.7,347.1
151,5017,2065412,211.8,348.2,215.3,381.7,213.55,364.95,0,1,211.8,348.2
151,5018,2065413,212.0,349.1,215.2,381.1,213.6,365.1,0,1,212.0,349.1
151,5019,2065414,212.2,349.5,215.2,380.5,213.7,365.0,0,1,212.2,349.5
151,5020,2065415,212.4,349.5,215.3,379.8,213.85,364.65,0,1,212.4,349.5
151,5021,2065416,212.6,348.8,215.5,379.1,214.05,363.95,0,1,212.6,348.8
151,5022,2065417,212.7,348.1,215.6,378.5,214.15,363.3,0,1,212.7,348.1
151,5023,2065418,212.8,347.7,215.8,378.2,214.3,362.95,0,1,212.8,347.7
151,5024,2065419,212.8,347.4,216.0,378.0,214.4,362.7,0,1,212.8,347.4
151,5025,2065420,212.8,347.6,216.3,377.8,214.55,362.7,0,1,212.8,347.6
151,5026,2065421,212.7,347.8,216.5,377.4,214.6,362.6,0,1,212.7,347.8
151,5027,2065422,212.6,348.0,216.7,376.8,214.65,362.4,0,1,212.6,348.0
151,5028,2065423,212.6,348.4,216.9,376.3,214.75,362.35,0,1,212.6,348.4
151,5029,2065424,212.5,348.8,217.2,375.7,214.85,362.25,0,1,212.5,348.8
151,5030,2065425,212.4,349.4,217.4,375.0,214.9,362.2,0,1,212.4,349.4
151,5031,2065426,212.3,349.9,217.8,374.2,215.05,362.05,0,1,212.3,349.9
151,5032,2065427,212.1,350.7,218.2,373.3,215.15,362.0,0,1,212.1,350.7
151,5033,2065428,212.0,351.7,218.6,372.6,215.3,362.15,0,1,212.0,351.7
152,5034,2065429,211.9,352.8,218.9,371.3,215.4,362.05,0,1,211.9,352.8
152,5035,2065430,211.9,353.8,219.3,370.0,215.6,361.9,0,1,211.9,353.8
152,5036,2065431,212.1,354.6,219.7,368.6,215.9,361.6,0,1,212.1,354.6
152,5037,2065432,212.4,355.0,220.1,367.0,216.25,361.0,0,1,212.4,355.0
152,5038,2065433,212.6,355.5,221.2,365.4,216.9,360.45,0,1,212.6,355.5
152,5039,2065434,212.9,355.7,222.1,364.1,217.5,359.9,0,1,212.9,355.7
152,5040,2065435,213.3,355.6,223.0,362.5,218.15,359.05,0,1,213.3,355.6
152,5041,2065436,213.5,355.2,223.7,361.7,218.6,358.45,0,1,213.5,355.2
152,5042,2065437,213.7,354.9,224.5,360.4,219.1,357.65,0,1,213.7,354.9
152,5043,2065438,213.4,354.7,225.2,359.3,219.3,357.0,0,1,213.4,354.7
152,5044,2065439,213.0,354.7,225.9,358.6,219.45,356.65,0,1,213.0,354.7
152,5045,2065440,212.5,354.8,225.9,358.0,219.2,356.4,0,1,212.5,354.8
152,5046,2065441,212.1,354.9,225.9,357.7,219.0,356.3,0,1,212.1,354.9
152,5047,2065442,211.7,355.6,225.9,358.3,218.8,356.95,0,1,211.7,355.6
152,5048,2065443,211.4,356.6,225.9,359.0,218.65,357.8,0,1,211.4,356.6
152,5049,2065444,211.5,357.6,225.9,360.2,218.7,358.9,0,1,211.5,357.6
152,5050,2065445,211.7,358.5,225.8,361.5,218.75,360.0,0,1,211.7,358.5
152,5051,2065446,212.3,359.2,225.8,362.9,219.05,361.05,0,1,212.3,359.2
152,5052,2065447,212.9,359.9,225.7,363.8,219.3,361.85,0,1,212.9,359.9
152,5053,2065448,213.5,360.3,225.8,364.2,219.65,362.25,0,1,213.5,360.3
152,5054,2065449,214.0,359.7,226.0,362.7,220.0,361.2,0,1,214.0,359.7
152,5055,2065450,214.4,359.2,226.3,361.3,220.35,360.25,0,1,214.4,359.2
152,5056,2065451,214.6,358.7,226.6,359.7,220.6,359.2,0,1,214.6,358.7
152,5057,2065452,214.7,358.3,226.9,357.9,220.8,358.1,0,1,214.7,358.3
152,5058,2065453,214.7,357.9,227.3,356.2,221.0,357.05,0,1,214.7,357.9
152,5059,2065454,214.7,357.6,227.7,355.1,221.2,356.35,0,1,214.7,357.6
152,5060,2065455,214.5,357.5,227.9,354.3,221.2,355.9,0,1,214.5,357.5
152,5061,2065456,214.3,357.8,228.0,354.7,221.15,356.25,0,1,214.3,357.8
152,5062,2065457,214.0,358.1,227.9,355.3,220.95,356.7,0,1,214.0,358.1
152,5063,2065458,213.8,358.6,227.7,356.2,220.75,357.4,0,1,213.8,358.6
152,5064,2065459,213.6,358.8,227.4,357.2,220.5,358.0,0,1,213.6,358.8
152,5065,2065460,213.5,359.1,227.2,357.0,220.35,358.05,0,1,213.5,359.1
152,5066,2065461,213.4,359.3,227.0,356.6,220.2,357.95,0,1,213.4,359.3
153,5067,2065462,213.4,359.6,226.8,356.0,220.1,357.8,0,1,213.4,359.6
153,5068,2065463,213.6,359.7,226.7,355.4,220.15,357.55,0,1,213.6,359.7
153,5069,2065464,213.7,359.8,226.7,354.5,220.2,357.15,0,1,213.7,359.8
153,5070,2065465,213.8,359.9,226.8,353.6,220.3,356.75,0,1,213.8,359.9
153,5071,2065466,214.0,360.0,227.0,352.8,220.5,356.4,0,1,214.0,360.0
153,5072,2065467,213.9,360.1,227.1,352.8,220.5,356.45,0,1,213.9,360.1
153,5073,2065468,213.9,360.2,227.2,352.9,220.55,356.55,0,1,213.9,360.2
153,5074,2065469,213.9,360.2,227.3,353.0,220.6,356.6,0,1,213.9,360.2
153,5075,2065470,213.7,360.5,227.4,353.2,220.55,356.85,0,1,213.7,360.5
153,5076,2065471,213.6,361.0,227.5,353.6,220.55,357.3,0,1,213.6,361.0
153,5077,2065472,213.4,362.1,227.6,354.4,220.5,358.25,0,1,213.4,362.1
153,5078,2065473,213.1,363.1,227.6,356.5,220.35,359.8,0,1,213.1,363.1
153,5079,2065474,212.9,363.9,228.0,358.5,220.45,361.2,0,1,212.9,363.9
153,5080,2065475,212.7,364.6,228.5,360.5,220.6,362.55,0,1,212.7,364.6
153,5081,2065476,212.7,364.4,229.1,362.2,220.9,363.3,0,1,212.7,364.4
153,5082,2065477,212.8,364.1,229.7,363.8,221.25,363.95,0,1,212.8,364.1
153,5083,2065478,212.9,363.6,230.2,365.1,221.55,364.35,0,1,212.9,363.6
153,5084,2065479,213.1,362.4,230.7,366.0,221.9,364.2,0,1,213.1,362.4
153,5085,2065480,213.8,361.2,231.2,365.6,222.5,363.4,0,1,213.8,361.2
153,5086,2065481,214.5,360.2,231.3,365.3,222.9,362.75,0,1,214.5,360.2
153,5087,2065482,215.1,359.3,231.5,365.0,223.3,362.15,0,1,215.1,359.3
153,5088,2065483,215.7,359.1,231.9,364.8,223.8,361.95,0,1,215.7,359.1
153,5089,2065484,216.2,358.9,232.4,364.7,224.3,361.8,0,1,216.2,358.9
153,5090,2065485,216.7,358.6,232.9,364.6,224.8,361.6,0,1,216.7,358.6
153,5091,2065486,217.1,358.2,233.4,364.6,225.25,361.4,0,1,217.1,358.2
153,5092,2065487,217.0,357.7,233.9,364.5,225.45,361.1,0,1,217.0,357.7
153,5093,2065488,216.8,356.8,234.3,364.5,225.55,360.65,0,1,216.8,356.8
153,5094,2065489,216.6,355.9,234.6,364.9,225.6,360.4,0,1,216.6,355.9
153,5095,2065490,216.4,355.0,234.5,365.7,225.45,360.35,0,1,216.4,355.0
153,5096,2065491,216.2,354.2,234.4,366.5,225.3,360.35,0,1,216.2,354.2
153,5097,2065492,216.0,353.4,234.3,367.3,225.15,360.35,0,1,216.0,353.4
153,5098,2065493,216.5,352.9,234.4,368.0,225.45,360.45,0,1,216.5,352.9
153,5099,2065494,217.1,352.3,234.9,368.9,226.0,360.6,0,1,217.1,352.3
153,5100,2065495,217.7,352.2,235.4,369.7,226.55,360.95,0,1,217.7,352.2
154,5101,2065496,218.3,352.2,236.0,370.2,227.15,361.2,0,1,218.3,352.2
154,5102,2065497,218.8,352.3,236.3,370.5,227.55,361.4,0,1,218.8,352.3
154,5103,2065498,219.1,352.3,236.4,370.8,227.75,361.55,0,1,219.1,352.3
154,5104,2065499,219.5,351.6,236.4,371.3,227.95,361.45,0,1,219.5,351.6
154,5105,2065500,219.2,350.9,236.3,371.7,227.75,361.3,0,1,219.2,350.9
154,5106,2065501,219.0,349.8,235.9,372.0,227.45,360.9,0,1,219.0,349.8
154,5107,2065502,218.8,348.6,235.6,372.1,227.2,360.35,0,1,218.8,348.6
154,5108,2065503,218.6,347.3,235.3,372.1,226.95,359.7,0,1,218.6,347.3
154,5109,2065504,218.4,345.9,235.4,372.1,226.9,359.0,0,1,218.4,345.9
154,5110,2065505,218.4,344.5,235.9,372.0,227.15,358.25,0,1,218.4,344.5
154,5111,2065506,218.4,343.6,236.4,372.2,227.4,357.9,0,1,218.4,343.6
154,5112,2065507,218.5,342.7,237.2,372.5,227.85,357.6,0,1,218.5,342.7
154,5113,2065508,218.6,342.0,238.0,373.0,228.3,357.5,0,1,218.6,342.0
154,5114,2065509,218.6,341.6,238.5,373.6,228.55,357.6,0,1,218.6,341.6
154,5115,2065510,218.7,341.2,239.0,374.3,228.85,357.75,0,1,218.7,341.2
154,5116,2065511,218.9,340.1,239.4,375.0,229.15,357.55,0,1,218.9,340.1
154,5117,2065512,219.0,339.1,239.6,375.8,229.3,357.45,0,1,219.0,339.1
154,5118,2065513,219.1,338.1,239.7,376.7,229.4,357.4,0,1,219.1,338.1
154,5119,2065514,219.2,337.0,239.1,377.3,229.15,357.15,0,1,219.2,337.0
154,5120,2065515,219.2,336.0,238.6,377.8,228.9,356.9,0,1,219.2,336.0
154,5121,2065516,219.3,335.0,238.1,377.7,228.7,356.35,0,1,219.3,335.0
154,5122,2065517,219.3,334.0,237.7,377.8,228.5,355.9,0,1,219.3,334.0
154,5123,2065518,219.1,333.8,237.2,378.0,228.15,355.9,0,1,219.1,333.8
154,5124,2065519,219.0,333.5,236.8,378.9,227.9,356.2,0,1,219.0,333.5
154,5125,2065520,218.8,333.3,236.4,379.5,227.6,356.4,0,1,218.8,333.3
154,5126,2065521,218.7,333.1,236.4,380.0,227.55,356.55,0,1,218.7,333.1
154,5127,2065522,218.5,333.1,236.3,380.6,227.4,356.85,0,1,218.5,333.1
154,5128,2065523,218.3,333.2,236.2,381.6,227.25,357.4,0,1,218.3,333.2
154,5129,2065524,218.1,333.8,236.1,382.1,227.1,357.95,0,1,218.1,333.8
154,5130,2065525,217.9,334.5,236.2,382.4,227.05,358.45,0,1,217.9,334.5
154,5131,2065526,217.7,335.3,236.2,381.9,226.95,358.6,0,1,217.7,335.3
154,5132,2065527,217.5,336.4,236.2,381.5,226.85,358.95,0,1,217.5,336.4
154,5133,2065528,217.3,337.5,236.3,379.4,226.8,358.45,0,1,217.3,337.5
155,5134,2065529,217.1,338.6,236.5,377.3,226.8,357.95,0,1,217.1,338.6
155,5135,2065530,216.9,339.6,237.1,374.8,227.0,357.2,0,1,216.9,339.6
155,5136,2065531,216.7,340.1,237.6,372.7,227.15,356.4,0,1,216.7,340.1
155,5137,2065532,216.6,340.6,238.2,370.3,227.4,355.45,0,1,216.6,340.6
155,5138,2065533,216.2,341.1,238.9,367.9,227.55,354.5,0,1,216.2,341.1
155,5139,2065534,215.9,341.8,239.5,365.5,227.7,353.65,0,1,215.9,341.8
155,5140,2065535,215.6,342.4,240.1,363.3,227.85,352.85,0,1,215.6,342.4
155,5141,2065536,215.2,343.0,240.4,361.0,227.8,352.0,0,1,215.2,343.0
155,5142,2065537,214.8,343.9,240.2,359.0,227.5,351.45,0,1,214.8,343.9
155,5143,2065538,214.3,345.3,239.8,357.3,227.05,351.3,0,1,214.3,345.3
155,5144,2065539,213.6,348.4,239.2,356.0,226.4,352.2,0,1,213.6,348.4
155,5145,2065540,213.0,352.6,238.5,355.5,225.75,354.05,0,1,213.0,352.6
155,5146,2065541,212.2,358.5,237.8,355.0,225.0,356.75,0,1,212.2,358.5
155,5147,2065542,210.9,364.2,236.8,360.0,223.85,362.1,0,1,210.9,364.2
155,5148,2065543,208.5,371.5,236.0,366.2,222.25,368.85,0,1,208.5,371.5
155,5149,2065544,205.8,381.3,235.0,376.9,220.4,379.1,0,1,205.8,381.3
155,5150,2065545,202.6,392.0,233.8,390.6,218.2,391.3,0,1,202.6,392.0
155,5151,2065546,199.1,400.9,232.3,407.1,215.7,404.0,0,1,199.1,400.9
155,5152,2065547,195.8,410.1,230.6,427.4,213.2,418.75,0,1,195.8,410.1
155,5153,2065548,192.3,419.0,228.6,449.1,210.45,434.05,0,1,192.3,419.0
155,5154,2065549,189.0,428.8,226.7,468.8,207.85,448.8,0,1,189.0,428.8
155,5155,2065550,185.9,442.8,224.4,490.5,205.15,466.65,0,1,185.9,442.8
155,5156,2065551,183.0,455.9,222.4,507.7,202.7,481.8,0,1,183.0,455.9
155,5157,2065552,179.7,471.7,220.6,521.8,200.15,496.75,0,1,179.7,471.7
155,5158,2065553,176.7,490.0,217.2,537.0,196.95,513.5,0,1,176.7,490.0
155,5159,2065554,173.7,508.5,214.2,548.4,193.95,528.45,0,1,173.7,508.5
155,5160,2065555,170.5,527.8,209.6,558.9,190.05,543.35,0,1,170.5,527.8
155,5161,2065556,167.4,548.0,205.2,568.0,186.3,558.0,0,1,167.4,548.0
155,5162,2065557,165.3,565.2,201.0,575.0,183.15,570.1,0,1,165.3,565.2
155,5163,2065558,163.3,580.3,196.7,584.4,180.0,582.35,0,1,163.3,580.3
155,5164,2065559,162.1,594.6,192.3,594.2,177.2,594.4,0,1,162.1,594.6
155,5165,2065560,161.0,606.9,190.1,600.4,175.55,603.65,0,1,161.0,606.9
155,5166,2065561,159.9,619.7,188.0,605.9,173.95,612.8,0,1,159.9,619.7
156,5167,2065562,159.3,629.8,187.6,610.8,173.45,620.3,0,1,159.3,629.8
156,5168,2065563,158.8,638.4,187.7,615.4,173.25,626.9,0,1,158.8,638.4
156,5169,2065564,158.4,644.5,187.9,619.2,173.15,631.85,0,1,158.4,644.5
156,5170,2065565,158.1,650.4,188.3,620.8,173.2,635.6,0,1,158.1,650.4
156,5171,2065566,158.0,653.8,188.9,622.1,173.45,637.95,0,1,158.0,653.8
156,5172,2065567,158.0,658.3,189.7,623.4,173.85,640.85,0,1,158.0,658.3
156,5173,2065568,158.2,660.8,190.2,625.1,174.2,642.95,0,1,158.2,660.8
156,5174,2065569,158.4,663.5,190.7,628.0,174.55,645.75,0,1,158.4,663.5
156,5175,2065570,158.6,666.9,190.8,630.6,174.7,648.75,0,1,158.6,666.9
156,5176,2065571,158.8,670.4,190.9,633.0,174.85,651.7,0,1,158.8,670.4
156,5177,2065572,158.9,673.8,191.0,635.2,174.95,654.5,0,1,158.9,673.8
156,5178,2065573,159.0,676.5,191.0,637.0,175.0,656.75,0,1,159.0,676.5
156,5179,2065574,159.0,677.6,191.1,638.4,175.05,658.0,0,1,159.0,677.6
156,5180,2065575,159.1,678.8,191.4,639.4,175.25,659.1,0,1,159.1,678.8
156,5181,2065576,159.5,678.7,191.9,639.2,175.7,658.95,0,1,159.5,678.7
156,5182,2065577,160.0,676.6,192.3,638.9,176.15,657.75,0,1,160.0,676.6
156,5183,2065578,160.5,674.0,193.0,637.9,176.75,655.95,0,1,160.5,674.0
156,5184,2065579,161.1,670.8,193.8,636.7,177.45,653.75,0,1,161.1,670.8
156,5185,2065580,161.7,667.6,194.6,635.2,178.15,651.4,0,1,161.7,667.6
156,5186,2065581,162.2,664.3,195.4,633.4,178.8,648.85,0,1,162.2,664.3
156,5187,2065582,162.5,661.0,196.2,630.1,179.35,645.55,0,1,162.5,661.0
156,5188,2065583,162.6,657.5,196.9,627.0,179.75,642.25,0,1,162.6,657.5
156,5189,2065584,162.7,655.0,197.5,623.5,180.1,639.25,0,1,162.7,655.0
156,5190,2065585,162.8,653.1,197.8,620.4,180.3,636.75,0,1,162.8,653.1
156,5191,2065586,162.9,651.1,197.9,617.7,180.4,634.4,0,1,162.9,651.1
156,5192,2065587,162.7,649.0,197.8,615.2,180.25,632.1,0,1,162.7,649.0
156,5193,2065588,162.5,647.1,197.7,613.1,180.1,630.1,0,1,162.5,647.1
156,5194,2065589,162.5,645.2,197.4,612.5,179.95,628.85,0,1,162.5,645.2
156,5195,2065590,162.5,644.6,197.0,611.9,179.75,628.25,0,1,162.5,644.6
156,5196,2065591,162.5,644.0,196.7,611.6,179.6,627.8,0,1,162.5,644.0
156,5197,2065592,162.5,643.4,196.5,611.5,179.5,627.45,0,1,162.5,643.4
156,5198,2065593,162.4,643.5,196.3,611.6,179.35,627.55,0,1,162.4,643.5
156,5199,2065594,162.7,643.6,196.2,611.6,179.45,627.6,0,1,162.7,643.6
156,5200,2065595,162.8,644.9,195.9,611.9,179.35,628.4,0,1,162.8,644.9
157,5201,2065596,162.8,646.2,195.7,612.1,179.25,629.15,0,1,162.8,646.2
157,5202,2065597,162.8,647.3,195.5,612.4,179.15,629.85,0,1,162.8,647.3
157,5203,2065598,162.7,648.5,195.5,612.5,179.1,630.5,0,1,162.7,648.5
157,5204,2065599,162.6,649.6,195.4,612.6,179.0,631.1,0,1,162.6,649.6
157,5205,2065600,162.6,650.7,195.6,612.6,179.1,631.65,0,1,162.6,650.7
157,5206,2065601,162.5,651.8,195.8,612.5,179.15,632.15,0,1,162.5,651.8
157,5207,2065602,162.5,651.9,196.1,612.0,179.3,631.95,0,1,162.5,651.9
157,5208,2065603,162.5,652.1,196.3,611.6,179.4,631.85,0,1,162.5,652.1
157,5209,2065604,162.5,652.3,196.6,610.7,179.55,631.5,0,1,162.5,652.3
157,5210,2065605,162.4,652.6,196.9,609.2,179.65,630.9,0,1,162.4,652.6
157,5211,2065606,162.4,652.9,197.2,607.7,179.8,630.3,0,1,162.4,652.9
157,5212,2065607,162.3,653.2,197.3,606.4,179.8,629.8,0,1,162.3,653.2
157,5213,2065608,162.2,653.4,197.5,605.4,179.85,629.4,0,1,162.2,653.4
157,5214,2065609,162.1,653.4,197.7,604.6,179.9,629.0,0,1,162.1,653.4
157,5215,2065610,161.9,653.2,197.9,603.9,179.9,628.55,0,1,161.9,653.2
157,5216,2065611,161.6,652.9,198.0,603.7,179.8,628.3,0,1,161.6,652.9
157,5217,2065612,161.3,652.5,198.1,604.3,179.7,628.4,0,1,161.3,652.5
157,5218,2065613,161.1,652.2,198.1,605.0,179.6,628.6,0,1,161.1,652.2
157,5219,2065614,161.0,652.5,198.1,605.5,179.55,629.0,0,1,161.0,652.5
157,5220,2065615,160.9,652.9,198.1,605.9,179.5,629.4,0,1,160.9,652.9
157,5221,2065616,160.9,653.3,198.3,606.2,179.6,629.75,0,1,160.9,653.3
157,5222,2065617,161.0,653.5,198.5,606.3,179.75,629.9,0,1,161.0,653.5
157,5223,2065618,161.1,653.9,198.7,606.5,179.9,630.2,0,1,161.1,653.9
157,5224,2065619,161.3,654.3,198.7,606.6,180.0,630.45,0,1,161.3,654.3
157,5225,2065620,161.5,654.7,198.7,606.8,180.1,630.75,0,1,161.5,654.7
157,5226,2065621,161.7,654.5,198.9,607.0,180.3,630.75,0,1,161.7,654.5
157,5227,2065622,161.8,654.3,199.1,607.1,180.45,630.7,0,1,161.8,654.3
157,5228,2065623,161.8,654.1,199.5,606.9,180.65,630.5,0,1,161.8,654.1
157,5229,2065624,161.8,654.2,199.9,606.5,180.85,630.35,0,1,161.8,654.2
157,5230,2065625,161.8,654.3,200.5,605.4,181.15,629.85,0,1,161.8,654.3
157,5231,2065626,161.8,654.1,201.2,604.1,181.5,629.1,0,1,161.8,654.1
157,5232,2065627,161.7,653.7,201.7,602.8,181.7,628.25,0,1,161.7,653.7
157,5233,2065628,161.6,653.2,202.1,601.3,181.85,627.25,0,1,161.6,653.2
158,5234,2065629,161.5,652.6,202.2,599.7,181.85,626.15,0,1,161.5,652.6
158,5235,2065630,161.4,652.1,202.0,598.6,181.7,625.35,0,1,161.4,652.1
158,5236,2065631,161.5,651.6,201.7,597.7,181.6,624.65,0,1,161.5,651.6
158,5237,2065632,161.6,651.0,201.3,598.3,181.45,624.65,0,1,161.6,651.0
158,5238,2065633,161.8,650.6,200.8,599.1,181.3,624.85,0,1,161.8,650.6
158,5239,2065634,161.9,650.4,200.5,600.1,181.2,625.25,0,1,161.9,650.4
158,5240,2065635,162.1,650.1,200.2,601.9,181.15,626.0,0,1,162.1,650.1
158,5241,2065636,162.4,649.8,199.9,603.6,181.15,626.7,0,1,162.4,649.8
158,5242,2065637,162.6,649.5,199.6,605.0,181.1,627.25,0,1,162.6,649.5
158,5243,2065638,162.9,649.4,199.4,606.2,181.15,627.8,0,1,162.9,649.4
158,5244,2065639,163.0,649.3,199.2,606.7,181.1,628.0,0,1,163.0,649.3
158,5245,2065640,163.2,649.2,199.1,607.2,181.15,628.2,0,1,163.2,649.2
158,5246,2065641,163.3,649.1,199.1,607.5,181.2,628.3,0,1,163.3,649.1
158,5247,2065642,163.4,649.0,199.3,607.3,181.35,628.15,0,1,163.4,649.0
158,5248,2065643,163.6,648.7,199.5,607.3,181.55,628.0,0,1,163.6,648.7
158,5249,2065644,163.7,648.3,199.7,607.5,181.7,627.9,0,1,163.7,648.3
158,5250,2065645,163.8,647.9,200.0,607.7,181.9,627.8,0,1,163.8,647.9
158,5251,2065646,163.8,647.5,200.3,608.0,182.05,627.75,0,1,163.8,647.5
158,5252,2065647,163.9,647.1,200.7,607.5,182.3,627.3,0,1,163.9,647.1
158,5253,2065648,163.9,646.7,200.9,606.8,182.4,626.75,0,1,163.9,646.7
158,5254,2065649,163.9,646.5,201.3,606.1,182.6,626.3,0,1,163.9,646.5
158,5255,2065650,163.9,645.6,201.6,605.4,182.75,625.5,0,1,163.9,645.6
158,5256,2065651,163.9,644.7,201.8,604.8,182.85,624.75,0,1,163.9,644.7
158,5257,2065652,163.9,643.8,201.9,604.4,182.9,624.1,0,1,163.9,643.8
158,5258,2065653,163.8,642.9,201.9,604.3,182.85,623.6,0,1,163.8,642.9
158,5259,2065654,163.7,642.0,201.7,605.0,182.7,623.5,0,1,163.7,642.0
158,5260,2065655,163.7,641.2,201.5,605.7,182.6,623.45,0,1,163.7,641.2
158,5261,2065656,163.6,640.4,201.3,606.3,182.45,623.35,0,1,163.6,640.4
158,5262,2065657,163.4,640.5,201.0,606.9,182.2,623.7,0,1,163.4,640.5
158,5263,2065658,163.2,640.6,200.6,607.6,181.9,624.1,0,1,163.2,640.6
158,5264,2065659,163.1,640.7,200.2,608.7,181.65,624.7,0,1,163.1,640.7
158,5265,2065660,163.0,640.8,199.8,609.5,181.4,625.15,0,1,163.0,640.8
158,5266,2065661,162.9,640.8,199.5,610.3,181.2,625.55,0,1,162.9,640.8
159,5267,2065662,162.8,641.7,199.2,611.2,181.0,626.45,0,1,162.8,641.7
159,5268,2065663,162.8,642.5,198.8,612.1,180.8,627.3,0,1,162.8,642.5
159,5269,2065664,162.7,643.4,198.5,612.7,180.6,628.05,0,1,162.7,643.4
159,5270,2065665,162.7,644.2,198.2,613.0,180.45,628.6,0,1,162.7,644.2
159,5271,2065666,162.6,645.3,197.9,612.7,180.25,629.0,0,1,162.6,645.3
159,5272,2065667,162.6,646.4,197.7,612.5,180.15,629.45,0,1,162.6,646.4
159,5273,2065668,162.5,647.4,197.6,612.1,180.05,629.75,0,1,162.5,647.4
159,5274,2065669,162.6,647.7,197.4,611.8,180.0,629.75,0,1,162.6,647.7
159,5275,2065670,162.6,648.0,197.4,611.3,180.0,629.65,0,1,162.6,648.0
159,5276,2065671,162.6,648.1,197.3,611.1,179.95,629.6,0,1,162.6,648.1
159,5277,2065672,162.8,648.1,197.5,610.9,180.15,629.5,0,1,162.8,648.1
159,5278,2065673,162.9,648.0,197.6,610.7,180.25,629.35,0,1,162.9,648.0
159,5279,2065674,163.1,648.0,197.6,610.5,180.35,629.25,0,1,163.1,648.0
159,5280,2065675,163.4,647.8,197.6,610.4,180.5,629.1,0,1,163.4,647.8
159,5281,2065676,163.7,647.6,197.5,610.4,180.6,629.0,0,1,163.7,647.6
159,5282,2065677,164.1,646.9,197.5,610.6,180.8,628.75,0,1,164.1,646.9
159,5283,2065678,164.4,646.3,197.5,610.8,180.95,628.55,0,1,164.4,646.3
159,5284,2065679,164.7,645.9,197.5,611.0,181.1,628.45,0,1,164.7,645.9
159,5285,2065680,164.8,645.2,197.5,610.9,181.15,628.05,0,1,164.8,645.2
159,5286,2065681,164.7,644.4,197.6,611.0,181.15,627.7,0,1,164.7,644.4
159,5287,2065682,164.5,643.8,197.8,611.3,181.15,627.55,0,1,164.5,643.8
159,5288,2065683,164.0,643.2,197.9,611.5,180.95,627.35,0,1,164.0,643.2
159,5289,2065684,163.6,643.0,197.8,611.7,180.7,627.35,0,1,163.6,643.0
159,5290,2065685,163.1,642.8,197.8,612.0,180.45,627.4,0,1,163.1,642.8
159,5291,2065686,162.7,642.3,197.8,612.4,180.25,627.35,0,1,162.7,642.3
159,5292,2065687,162.4,642.0,197.8,613.0,180.1,627.5,0,1,162.4,642.0
159,5293,2065688,162.3,641.6,197.7,613.4,180.0,627.5,0,1,162.3,641.6
159,5294,2065689,162.1,641.3,197.7,613.7,179.9,627.5,0,1,162.1,641.3
159,5295,2065690,162.0,640.9,197.6,614.4,179.8,627.65,0,1,162.0,640.9
159,5296,2065691,161.7,640.5,197.7,615.0,179.7,627.75,0,1,161.7,640.5
159,5297,2065692,161.4,640.2,197.8,615.8,179.6,628.0,0,1,161.4,640.2
159,5298,2065693,161.1,640.2,197.9,616.5,179.5,628.35,0,1,161.1,640.2
159,5299,2065694,160.6,640.1,198.1,617.2,179.35,628.65,0,1,160.6,640.1
159,5300,2065695,160.1,640.1,198.2,617.9,179.15,629.0,0,1,160.1,640.1
160,5301,2065696,159.7,639.9,198.2,618.9,178.95,629.4,0,1,159.7,639.9
160,5302,2065697,159.3,639.8,197.9,619.6,178.6,629.7,0,1,159.3,639.8
160,5303,2065698,159.1,639.7,197.6,620.4,178.35,630.05,0,1,159.1,639.7
160,5304,2065699,158.6,639.5,197.2,621.1,177.9,630.3,0,1,158.6,639.5
160,5305,2065700,158.1,639.2,196.6,621.8,177.35,630.5,0,1,158.1,639.2
160,5306,2065701,157.8,638.8,196.1,622.5,176.95,630.65,0,1,157.8,638.8
160,5307,2065702,157.5,638.1,195.6,623.1,176.55,630.6,0,1,157.5,638.1
160,5308,2065703,157.2,637.3,195.3,623.3,176.25,630.3,0,1,157.2,637.3
160,5309,2065704,156.9,636.4,195.2,623.1,176.05,629.75,0,1,156.9,636.4
160,5310,2065705,156.6,635.5,195.1,622.9,175.85,629.2,0,1,156.6,635.5
160,5311,2065706,156.4,634.6,195.1,622.6,175.75,628.6,0,1,156.4,634.6
160,5312,2065707,156.3,633.8,194.9,622.2,175.6,628.0,0,1,156.3,633.8
160,5313,2065708,156.2,633.2,194.6,622.0,175.4,627.6,0,1,156.2,633.2
160,5314,2065709,156.0,632.9,194.3,622.2,175.15,627.55,0,1,156.0,632.9
160,5315,2065710,155.8,633.0,194.1,622.4,174.95,627.7,0,1,155.8,633.0
160,5316,2065711,155.6,633.3,193.8,622.6,174.7,627.95,0,1,155.6,633.3
160,5317,2065712,155.3,633.6,193.4,622.5,174.35,628.05,0,1,155.3,633.6
160,5318,2065713,155.0,633.9,192.5,622.4,173.75,628.15,0,1,155.0,633.9
160,5319,2065714,154.7,634.2,191.7,622.2,173.2,628.2,0,1,154.7,634.2
160,5320,2065715,154.6,634.2,191.1,622.0,172.85,628.1,0,1,154.6,634.2
160,5321,2065716,154.7,633.6,190.5,621.2,172.6,627.4,0,1,154.7,633.6
160,5322,2065717,154.9,632.7,190.1,620.6,172.5,626.65,0,1,154.9,632.7
160,5323,2065718,155.1,631.8,189.7,620.2,172.4,626.0,0,1,155.1,631.8
160,5324,2065719,155.4,630.8,189.4,620.5,172.4,625.65,0,1,155.4,630.8
160,5325,2065720,155.7,629.8,189.6,620.8,172.65,625.3,0,1,155.7,629.8
160,5326,2065721,156.0,628.6,189.8,621.1,172.9,624.85,0,1,156.0,628.6
160,5327,2065722,156.1,627.8,190.0,621.5,173.05,624.65,0,1,156.1,627.8
160,5328,2065723,156.1,627.6,190.0,622.1,173.05,624.85,0,1,156.1,627.6
160,5329,2065724,156.0,627.3,189.9,622.9,172.95,625.1,0,1,156.0,627.3
160,5330,2065725,155.5,626.9,189.8,623.6,172.65,625.25,0,1,155.5,626.9
160,5331,2065726,155.1,626.1,189.7,623.9,172.4,625.0,0,1,155.1,626.1
160,5332,2065727,154.6,625.3,189.5,625.4,172.05,625.35,0,1,154.6,625.3
160,5333,2065728,154.1,624.5,188.4,627.2,171.25,625.85,0,1,154.1,624.5
161,5334,2065729,153.7,623.8,187.3,629.1,170.5,626.45,0,1,153.7,623.8
161,5335,2065730,153.2,623.2,186.2,630.8,169.7,627.0,0,1,153.2,623.2
161,5336,2065731,152.8,622.8,185.2,632.2,169.0,627.5,0,1,152.8,622.8
161,5337,2065732,152.8,622.5,184.2,633.0,168.5,627.75,0,1,152.8,622.5
161,5338,2065733,152.9,622.7,183.2,633.9,168.05,628.3,0,1,152.9,622.7
161,5339,2065734,153.0,623.0,182.3,633.7,167.65,628.35,0,1,153.0,623.0
161,5340,2065735,153.1,623.3,182.3,633.5,167.7,628.4,0,1,153.1,623.3
161,5341,2065736,153.2,623.6,182.4,633.3,167.8,628.45,0,1,153.2,623.6
161,5342,2065737,153.4,623.7,182.5,633.2,167.95,628.45,0,1,153.4,623.7
161,5343,2065738,153.5,623.9,182.5,633.3,168.0,628.6,0,1,153.5,623.9
161,5344,2065739,153.6,623.9,182.5,634.0,168.05,628.95,0,1,153.6,623.9
161,5345,2065740,153.6,623.8,182.5,634.6,168.05,629.2,0,1,153.6,623.8
161,5346,2065741,153.6,623.7,182.8,635.1,168.2,629.4,0,1,153.6,623.7
161,5347,2065742,153.7,623.4,182.9,635.5,168.3,629.45,0,1,153.7,623.4
161,5348,2065743,153.8,622.9,183.2,636.0,168.5,629.45,0,1,153.8,622.9
161,5349,2065744,153.9,622.3,183.3,636.5,168.6,629.4,0,1,153.9,622.3
161,5350,2065745,154.0,621.6,183.3,636.9,168.65,629.25,0,1,154.0,621.6
161,5351,2065746,154.1,620.6,182.8,637.3,168.45,628.95,0,1,154.1,620.6
161,5352,2065747,154.2,619.7,182.2,637.7,168.2,628.7,0,1,154.2,619.7
161,5353,2065748,154.3,618.7,181.6,638.1,167.95,628.4,0,1,154.3,618.7
161,5354,2065749,154.3,617.9,181.0,638.4,167.65,628.15,0,1,154.3,617.9
161,5355,2065750,154.3,617.3,180.4,638.4,167.35,627.85,0,1,154.3,617.3
161,5356,2065751,154.3,616.8,180.0,638.5,167.15,627.65,0,1,154.3,616.8
161,5357,2065752,154.3,616.4,179.7,638.6,167.0,627.5,0,1,154.3,616.4
161,5358,2065753,154.3,616.6,180.0,638.6,167.15,627.6,0,1,154.3,616.6
161,5359,2065754,154.3,616.7,180.4,638.5,167.35,627.6,0,1,154.3,616.7
161,5360,2065755,154.3,616.9,180.7,638.6,167.5,627.75,0,1,154.3,616.9
161,5361,2065756,154.4,617.0,181.0,638.5,167.7,627.75,0,1,154.4,617.0
161,5362,2065757,154.5,617.1,181.1,638.2,167.8,627.65,0,1,154.5,617.1
161,5363,2065758,154.7,617.2,181.4,637.9,168.05,627.55,0,1,154.7,617.2
161,5364,2065759,154.9,617.3,181.4,637.5,168.15,627.4,0,1,154.9,617.3
161,5365,2065760,155.0,617.4,181.5,637.2,168.25,627.3,0,1,155.0,617.4
161,5366,2065761,155.2,617.5,181.7,636.8,168.45,627.15,0,1,155.2,617.5
162,5367,2065762,155.2,618.1,181.8,636.4,168.5,627.25,0,1,155.2,618.1
162,5368,2065763,155.3,618.7,181.9,636.3,168.6,627.5,0,1,155.3,618.7
162,5369,2065764,155.4,619.4,181.9,636.5,168.65,627.95,0,1,155.4,619.4
162,5370,2065765,155.4,620.1,181.7,637.4,168.55,628.75,0,1,155.4,620.1
162,5371,2065766,155.4,620.7,181.6,638.4,168.5,629.55,0,1,155.4,620.7
162,5372,2065767,155.4,621.2,181.4,639.4,168.4,630.3,0,1,155.4,621.2
162,5373,2065768,155.1,621.6,181.1,640.5,168.1,631.05,0,1,155.1,621.6
162,5374,2065769,154.8,621.2,180.7,641.5,167.75,631.35,0,1,154.8,621.2
162,5375,2065770,154.6,620.8,180.2,642.4,167.4,631.6,0,1,154.6,620.8
162,5376,2065771,154.2,620.5,179.7,643.0,166.95,631.75,0,1,154.2,620.5
162,5377,2065772,153.8,620.2,179.0,643.0,166.4,631.6,0,1,153.8,620.2
162,5378,2065773,153.5,620.1,178.4,642.9,165.95,631.5,0,1,153.5,620.1
162,5379,2065774,153.2,620.0,177.7,642.8,165.45,631.4,0,1,153.2,620.0
162,5380,2065775,153.2,620.1,177.2,642.7,165.2,631.4,0,1,153.2,620.1
162,5381,2065776,153.2,620.3,176.6,642.4,164.9,631.35,0,1,153.2,620.3
162,5382,2065777,153.1,620.7,176.4,642.1,164.75,631.4,0,1,153.1,620.7
162,5383,2065778,153.0,621.0,176.1,641.8,164.55,631.4,0,1,153.0,621.0
162,5384,2065779,152.9,621.2,176.5,641.7,164.7,631.45,0,1,152.9,621.2
162,5385,2065780,152.8,621.2,176.8,641.7,164.8,631.45,0,1,152.8,621.2
162,5386,2065781,152.7,620.8,176.9,642.1,164.8,631.45,0,1,152.7,620.8
162,5387,2065782,152.4,620.4,176.4,643.0,164.4,631.7,0,1,152.4,620.4
162,5388,2065783,152.1,619.8,175.7,644.1,163.9,631.95,0,1,152.1,619.8
162,5389,2065784,151.8,619.1,175.0,645.4,163.4,632.25,0,1,151.8,619.1
162,5390,2065785,151.4,618.4,174.2,646.8,162.8,632.6,0,1,151.4,618.4
162,5391,2065786,151.1,617.4,173.0,648.0,162.05,632.7,0,1,151.1,617.4
162,5392,2065787,150.7,616.5,172.0,648.7,161.35,632.6,0,1,150.7,616.5
162,5393,2065788,150.4,616.1,171.1,649.0,160.75,632.55,0,1,150.4,616.1
162,5394,2065789,150.2,615.9,170.9,648.7,160.55,632.3,0,1,150.2,615.9
162,5395,2065790,150.0,616.2,170.8,648.4,160.4,632.3,0,1,150.0,616.2
162,5396,2065791,149.9,616.6,170.7,647.7,160.3,632.15,0,1,149.9,616.6
162,5397,2065792,150.2,616.9,170.8,647.0,160.5,631.95,0,1,150.2,616.9
162,5398,2065793,150.5,617.6,170.9,646.2,160.7,631.9,0,1,150.5,617.6
162,5399,2065794,150.8,617.9,171.1,645.9,160.95,631.9,0,1,150.8,617.9
162,5400,2065795,151.0,618.2,171.3,645.6,161.15,631.9,0,1,151.0,618.2
163,5401,2065796,151.3,618.3,171.5,645.3,161.4,631.8,0,1,151.3,618.3
163,5402,2065797,151.5,617.9,171.6,645.1,161.55,631.5,0,1,151.5,617.9
163,5403,2065798,151.5,617.2,171.7,645.2,161.6,631.2,0,1,151.5,617.2
163,5404,2065799,151.2,616.4,171.6,645.7,161.4,631.05,0,1,151.2,616.4
163,5405,2065800,151.0,615.7,171.1,646.8,161.05,631.25,0,1,151.0,615.7
163,5406,2065801,150.7,615.2,170.5,647.8,160.6,631.5,0,1,150.7,615.2
163,5407,2065802,150.4,614.9,169.8,648.9,160.1,631.9,0,1,150.4,614.9
163,5408,2065803,150.0,615.0,169.1,650.0,159.55,632.5,0,1,150.0,615.0
163,5409,2065804,149.8,615.3,168.4,651.2,159.1,633.25,0,1,149.8,615.3
163,5410,2065805,149.8,615.8,167.7,652.3,158.75,634.05,0,1,149.8,615.8
163,5411,2065806,149.6,617.0,167.1,652.9,158.35,634.95,0,1,149.6,617.0
163,5412,2065807,149.4,618.2,166.9,653.1,158.15,635.65,0,1,149.4,618.2
163,5413,2065808,149.1,619.4,166.7,653.3,157.9,636.35,0,1,149.1,619.4
163,5414,2065809,148.7,620.5,166.8,653.5,157.75,637.0,0,1,148.7,620.5
163,5415,2065810,148.1,621.2,166.9,653.7,157.5,637.45,0,1,148.1,621.2
163,5416,2065811,147.4,621.8,167.0,653.8,157.2,637.8,0,1,147.4,621.8
163,5417,2065812,146.7,622.1,167.2,654.0,156.95,638.05,0,1,146.7,622.1
163,5418,2065813,146.1,622.0,167.5,654.2,156.8,638.1,0,1,146.1,622.0
163,5419,2065814,145.6,621.7,167.8,654.5,156.7,638.1,0,1,145.6,621.7
163,5420,2065815,145.0,621.1,168.0,654.7,156.5,637.9,0,1,145.0,621.1
163,5421,2065816,144.5,620.4,167.8,655.0,156.15,637.7,0,1,144.5,620.4
163,5422,2065817,144.2,619.8,167.5,655.3,155.85,637.55,0,1,144.2,619.8
163,5423,2065818,143.9,619.5,167.1,655.9,155.5,637.7,0,1,143.9,619.5
163,5424,2065819,143.7,619.3,166.9,656.5,155.3,637.9,0,1,143.7,619.3
163,5425,2065820,143.5,619.2,166.6,656.9,155.05,638.05,0,1,143.5,619.2
163,5426,2065821,143.3,619.2,166.3,657.4,154.8,638.3,0,1,143.3,619.2
163,5427,2065822,143.1,619.5,166.1,658.0,154.6,638.75,0,1,143.1,619.5
163,5428,2065823,143.0,620.0,166.1,658.5,154.55,639.25,0,1,143.0,620.0
163,5429,2065824,142.8,620.5,166.1,658.9,154.45,639.7,0,1,142.8,620.5
163,5430,2065825,142.7,620.9,166.2,659.1,154.45,640.0,0,1,142.7,620.9
163,5431,2065826,142.5,621.4,165.8,659.5,154.15,640.45,0,1,142.5,621.4
163,5432,2065827,142.3,622.5,165.4,659.9,153.85,641.2,0,1,142.3,622.5
163,5433,2065828,141.7,623.6,164.9,660.5,153.3,642.05,0,1,141.7,623.6
164,5434,2065829,141.2,624.6,164.5,661.1,152.85,642.85,0,1,141.2,624.6
164,5435,2065830,140.6,625.5,164.0,661.5,152.3,643.5,0,1,140.6,625.5
164,5436,2065831,139.8,626.3,163.5,661.8,151.65,644.05,0,1,139.8,626.3
164,5437,2065832,139.0,626.9,162.9,661.0,150.95,643.95,0,1,139.0,626.9
164,5438,2065833,138.3,627.5,162.6,660.1,150.45,643.8,0,1,138.3,627.5
164,5439,2065834,137.7,626.6,162.3,659.3,150.0,642.95,0,1,137.7,626.6
164,5440,2065835,137.5,625.9,162.0,658.4,149.75,642.15,0,1,137.5,625.9
164,5441,2065836,137.3,625.3,161.8,657.6,149.55,641.45,0,1,137.3,625.3
164,5442,2065837,137.2,624.7,161.7,657.0,149.45,640.85,0,1,137.2,624.7
164,5443,2065838,137.2,624.1,161.7,656.7,149.45,640.4,0,1,137.2,624.1
164,5444,2065839,137.2,623.5,161.8,657.4,149.5,640.45,0,1,137.2,623.5
164,5445,2065840,137.2,622.9,161.8,658.1,149.5,640.5,0,1,137.2,622.9
164,5446,2065841,137.2,622.9,161.9,658.7,149.55,640.8,0,1,137.2,622.9
164,5447,2065842,137.1,622.9,161.8,659.4,149.45,641.15,0,1,137.1,622.9
164,5448,2065843,137.1,622.8,161.6,660.1,149.35,641.45,0,1,137.1,622.8
164,5449,2065844,137.0,622.8,161.2,660.8,149.1,641.8,0,1,137.0,622.8
164,5450,2065845,136.9,622.8,160.7,661.7,148.8,642.25,0,1,136.9,622.8
164,5451,2065846,136.8,623.0,160.2,662.5,148.5,642.75,0,1,136.8,623.0
164,5452,2065847,136.7,623.2,159.8,663.0,148.25,643.1,0,1,136.7,623.2
164,5453,2065848,136.6,623.5,159.4,663.6,148.0,643.55,0,1,136.6,623.5
164,5454,2065849,136.4,623.8,159.0,664.0,147.7,643.9,0,1,136.4,623.8
164,5455,2065850,136.3,623.8,158.8,664.7,147.55,644.25,0,1,136.3,623.8
164,5456,2065851,136.1,623.8,158.7,665.3,147.4,644.55,0,1,136.1,623.8
164,5457,2065852,135.9,623.7,158.6,665.5,147.25,644.6,0,1,135.9,623.7
164,5458,2065853,135.5,623.4,158.2,666.2,146.85,644.8,0,1,135.5,623.4
164,5459,2065854,135.2,623.2,157.7,667.0,146.45,645.1,0,1,135.2,623.2
164,5460,2065855,134.8,622.8,157.3,667.7,146.05,645.25,0,1,134.8,622.8
164,5461,2065856,134.6,622.5,156.9,668.1,145.75,645.3,0,1,134.6,622.5
164,5462,2065857,134.4,622.3,156.6,667.9,145.5,645.1,0,1,134.4,622.3
164,5463,2065858,134.2,622.1,156.4,667.7,145.3,644.9,0,1,134.2,622.1
164,5464,2065859,134.1,622.2,156.4,667.4,145.25,644.8,0,1,134.1,622.2
164,5465,2065860,134.2,622.4,156.6,667.0,145.4,644.7,0,1,134.2,622.4
164,5466,2065861,134.3,622.7,156.9,666.6,145.6,644.65,0,1,134.3,622.7
165,5467,2065862,134.4,623.0,157.1,666.3,145.75,644.65,0,1,134.4,623.0
165,5468,2065863,134.3,623.4,157.2,666.2,145.75,644.8,0,1,134.3,623.4
165,5469,2065864,134.2,623.8,156.9,666.3,145.55,645.05,0,1,134.2,623.8
165,5470,2065865,134.1,624.2,156.6,666.4,145.35,645.3,0,1,134.1,624.2
165,5471,2065866,133.8,624.4,156.2,666.4,145.0,645.4,0,1,133.8,624.4
165,5472,2065867,133.5,624.5,156.0,666.1,144.75,645.3,0,1,133.5,624.5
165,5473,2065868,133.2,624.6,155.8,665.9,144.5,645.25,0,1,133.2,624.6
165,5474,2065869,132.8,625.1,155.8,664.9,144.3,645.0,0,1,132.8,625.1
165,5475,2065870,132.5,625.7,155.8,664.0,144.15,644.85,0,1,132.5,625.7
165,5476,2065871,132.2,626.2,156.2,663.4,144.2,644.8,0,1,132.2,626.2
165,5477,2065872,131.9,626.8,156.4,663.3,144.15,645.05,0,1,131.9,626.8
165,5478,2065873,132.2,626.6,156.0,663.3,144.1,644.95,0,1,132.2,626.6
165,5479,2065874,132.6,626.4,155.5,663.6,144.05,645.0,0,1,132.6,626.4
165,5480,2065875,132.9,626.2,155.0,664.0,143.95,645.1,0,1,132.9,626.2
165,5481,2065876,133.4,625.6,154.2,665.6,143.8,645.6,0,1,133.4,625.6
165,5482,2065877,133.8,625.2,153.2,667.2,143.5,646.2,0,1,133.8,625.2
165,5483,2065878,134.0,625.0,152.1,668.5,143.05,646.75,0,1,134.0,625.0
165,5484,2065879,134.1,624.7,151.1,669.1,142.6,646.9,0,1,134.1,624.7
165,5485,2065880,133.8,625.2,150.4,669.6,142.1,647.4,0,1,133.8,625.2
165,5486,2065881,133.5,625.7,149.9,669.4,141.7,647.55,0,1,133.5,625.7
165,5487,2065882,133.1,626.2,149.4,669.0,141.25,647.6,0,1,133.1,626.2
165,5488,2065883,132.7,626.5,149.1,667.8,140.9,647.15,0,1,132.7,626.5
165,5489,2065884,132.3,626.6,149.2,666.6,140.75,646.6,0,1,132.3,626.6
165,5490,2065885,132.0,626.2,149.6,665.1,140.8,645.65,0,1,132.0,626.2
165,5491,2065886,131.9,625.9,150.0,663.4,140.95,644.65,0,1,131.9,625.9
165,5492,2065887,131.8,625.5,150.6,662.0,141.2,643.75,0,1,131.8,625.5
165,5493,2065888,131.7,625.2,151.0,661.4,141.35,643.3,0,1,131.7,625.2
165,5494,2065889,131.7,624.8,151.5,660.8,141.6,642.8,0,1,131.7,624.8
165,5495,2065890,131.8,624.3,151.9,660.6,141.85,642.45,0,1,131.8,624.3
165,5496,2065891,131.7,624.1,151.9,660.6,141.8,642.35,0,1,131.7,624.1
165,5497,2065892,131.5,624.1,151.3,661.5,141.4,642.8,0,1,131.5,624.1
165,5498,2065893,131.3,624.0,150.7,662.7,141.0,643.35,0,1,131.3,624.0
165,5499,2065894,131.1,623.8,150.0,663.9,140.55,643.85,0,1,131.1,623.8
165,5500,2065895,130.8,623.8,149.3,664.8,140.05,644.3,0,1,130.8,623.8
166,5501,2065896,130.6,624.2,148.6,665.7,139.6,644.95,0,1,130.6,624.2
166,5502,2065897,130.2,626.1,147.8,666.4,139.0,646.25,0,1,130.2,626.1
166,5503,2065898,129.9,627.8,147.1,666.8,138.5,647.3,0,1,129.9,627.8
166,5504,2065899,129.7,629.4,146.9,666.6,138.3,648.0,0,1,129.7,629.4
166,5505,2065900,129.5,631.1,146.8,666.4,138.15,648.75,0,1,129.5,631.1
166,5506,2065901,129.3,632.7,146.7,666.2,138.0,649.45,0,1,129.3,632.7
166,5507,2065902,129.1,633.8,146.6,666.1,137.85,649.95,0,1,129.1,633.8
166,5508,2065903,129.0,634.5,146.5,666.1,137.75,650.3,0,1,129.0,634.5
166,5509,2065904,129.0,633.9,146.7,666.3,137.85,650.1,0,1,129.0,633.9
166,5510,2065905,129.2,633.1,147.0,666.4,138.1,649.75,0,1,129.2,633.1
166,5511,2065906,129.3,632.3,147.4,666.4,138.35,649.35,0,1,129.3,632.3
166,5512,2065907,129.5,631.5,147.7,665.9,138.6,648.7,0,1,129.5,631.5
166,5513,2065908,129.6,631.0,148.4,663.6,139.0,647.3,0,1,129.6,631.0
166,5514,2065909,129.1,630.8,148.8,661.2,138.95,646.0,0,1,129.1,630.8
166,5515,2065910,128.5,632.2,149.2,658.6,138.85,645.4,0,1,128.5,632.2
166,5516,2065911,126.7,633.6,149.0,656.0,137.85,644.8,0,1,126.7,633.6
166,5517,2065912,124.9,635.1,148.0,653.9,136.45,644.5,0,1,124.9,635.1
166,5518,2065913,123.1,637.5,146.8,652.5,134.95,645.0,0,1,123.1,637.5
166,5519,2065914,120.2,641.0,144.7,651.3,132.45,646.15,0,1,120.2,641.0
166,5520,2065915,116.2,646.0,142.4,652.0,129.3,649.0,0,1,116.2,646.0
166,5521,2065916,112.5,652.6,139.9,654.6,126.2,653.6,0,1,112.5,652.6
166,5522,2065917,107.9,658.4,136.8,657.2,122.35,657.8,0,1,107.9,658.4
166,5523,2065918,104.1,664.2,134.0,660.5,119.05,662.35,0,1,104.1,664.2
166,5524,2065919,100.2,672.0,131.6,663.3,115.9,667.65,0,1,100.2,672.0
166,5525,2065920,95.3,679.0,129.0,665.7,112.15,672.35,0,1,95.3,679.0
166,5526,2065921,91.6,685.0,127.2,668.8,109.4,676.9,0,1,91.6,685.0
166,5527,2065922,88.9,690.7,124.2,671.7,106.55,681.2,0,1,88.9,690.7
166,5528,2065923,86.5,694.7,121.6,673.3,104.05,684.0,0,1,86.5,694.7
166,5529,2065924,84.8,698.9,119.4,675.3,102.1,687.1,0,1,84.8,698.9
166,5530,2065925,83.6,703.2,117.4,676.7,100.5,689.95,0,1,83.6,703.2
166,5531,2065926,82.6,705.5,115.5,678.2,99.05,691.85,0,1,82.6,705.5
166,5532,2065927,82.7,707.6,114.2,679.8,98.45,693.7,0,1,82.7,707.6
166,5533,2065928,82.7,709.5,112.9,680.4,97.8,694.95,0,1,82.7,709.5
167,5534,2065929,82.8,710.2,112.9,681.1,97.85,695.65,0,1,82.8,710.2
167,5535,2065930,82.9,710.9,112.9,681.2,97.9,696.05,0,1,82.9,710.9
167,5536,2065931,83.3,710.5,113.0,680.8,98.15,695.65,0,1,83.3,710.5
167,5537,2065932,83.5,710.1,113.1,680.4,98.3,695.25,0,1,83.5,710.1
167,5538,2065933,83.6,709.4,113.3,679.2,98.45,694.3,0,1,83.6,709.4
167,5539,2065934,83.7,708.9,113.5,677.7,98.6,693.3,0,1,83.7,708.9
167,5540,2065935,83.9,708.3,113.6,676.2,98.75,692.25,0,1,83.9,708.3
167,5541,2065936,84.1,707.6,114.0,674.1,99.05,690.85,0,1,84.1,707.6
167,5542,2065937,84.2,706.9,114.5,672.0,99.35,689.45,0,1,84.2,706.9
167,5543,2065938,84.3,706.3,114.9,670.1,99.6,688.2,0,1,84.3,706.3
167,5544,2065939,84.4,705.7,115.4,668.4,99.9,687.05,0,1,84.4,705.7
167,5545,2065940,84.4,705.5,115.6,667.4,100.0,686.45,0,1,84.4,705.5
167,5546,2065941,84.4,705.3,115.7,666.6,100.05,685.95,0,1,84.4,705.3
167,5547,2065942,84.3,705.3,115.8,666.1,100.05,685.7,0,1,84.3,705.3
167,5548,2065943,84.3,705.5,115.6,666.4,99.95,685.95,0,1,84.3,705.5
167,5549,2065944,84.2,705.8,115.1,667.3,99.65,686.55,0,1,84.2,705.8
167,5550,2065945,84.1,706.2,114.7,668.0,99.4,687.1,0,1,84.1,706.2
167,5551,2065946,83.9,707.0,114.2,668.6,99.05,687.8,0,1,83.9,707.0
167,5552,2065947,83.4,707.6,113.7,669.1,98.55,688.35,0,1,83.4,707.6
167,5553,2065948,83.0,708.0,113.5,669.5,98.25,688.75,0,1,83.0,708.0
167,5554,2065949,82.5,708.0,113.3,669.8,97.9,688.9,0,1,82.5,708.0
167,5555,2065950,82.0,707.9,113.3,669.8,97.65,688.85,0,1,82.0,707.9
167,5556,2065951,81.6,707.7,113.3,669.4,97.45,688.55,0,1,81.6,707.7
167,5557,2065952,81.4,707.4,113.4,668.8,97.4,688.1,0,1,81.4,707.4
167,5558,2065953,81.2,706.8,113.7,668.2,97.45,687.5,0,1,81.2,706.8
167,5559,2065954,81.3,706.3,113.9,667.7,97.6,687.0,0,1,81.3,706.3
167,5560,2065955,81.5,704.5,113.9,667.3,97.7,685.9,0,1,81.5,704.5
167,5561,2065956,81.7,702.8,113.8,667.2,97.75,685.0,0,1,81.7,702.8
167,5562,2065957,82.0,701.6,113.7,667.4,97.85,684.5,0,1,82.0,701.6
167,5563,2065958,82.2,700.5,113.5,667.7,97.85,684.1,0,1,82.2,700.5
167,5564,2065959,82.3,699.6,113.1,668.0,97.7,683.8,0,1,82.3,699.6
167,5565,2065960,82.3,698.8,112.4,668.4,97.35,683.6,0,1,82.3,698.8
167,5566,2065961,82.4,698.2,111.6,669.0,97.0,683.6,0,1,82.4,698.2
168,5567,2065962,82.3,699.2,110.8,669.6,96.55,684.4,0,1,82.3,699.2
168,5568,2065963,82.2,700.1,110.0,670.1,96.1,685.1,0,1,82.2,700.1
168,5569,2065964,82.0,700.8,109.3,670.7,95.65,685.75,0,1,82.0,700.8
168,5570,2065965,81.8,701.1,108.6,671.3,95.2,686.2,0,1,81.8,701.1
168,5571,2065966,81.6,701.6,108.6,671.9,95.1,686.75,0,1,81.6,701.6
168,5572,2065967,81.4,702.1,108.9,672.3,95.15,687.2,0,1,81.4,702.1
168,5573,2065968,81.2,702.4,109.2,672.4,95.2,687.4,0,1,81.2,702.4
168,5574,2065969,81.0,702.6,109.9,671.4,95.45,687.0,0,1,81.0,702.6
168,5575,2065970,80.7,702.9,110.4,670.4,95.55,686.65,0,1,80.7,702.9
168,5576,2065971,80.5,703.4,110.9,669.2,95.7,686.3,0,1,80.5,703.4
168,5577,2065972,80.2,703.9,111.1,668.1,95.65,686.0,0,1,80.2,703.9
168,5578,2065973,80.0,704.3,110.8,667.4,95.4,685.85,0,1,80.0,704.3
168,5579,2065974,79.8,704.5,110.5,666.7,95.15,685.6,0,1,79.8,704.5
168,5580,2065975,79.6,704.7,110.3,666.2,94.95,685.45,0,1,79.6,704.7
168,5581,2065976,79.3,704.8,110.1,666.8,94.7,685.8,0,1,79.3,704.8
168,5582,2065977,79.1,704.7,110.3,667.4,94.7,686.05,0,1,79.1,704.7
168,5583,2065978,79.0,704.7,110.7,668.0,94.85,686.35,0,1,79.0,704.7
168,5584,2065979,78.9,704.7,111.2,668.5,95.05,686.6,0,1,78.9,704.7
168,5585,2065980,78.9,704.8,111.7,668.6,95.3,686.7,0,1,78.9,704.8
168,5586,2065981,78.8,704.9,112.2,668.2,95.5,686.55,0,1,78.8,704.9
168,5587,2065982,78.7,705.0,112.3,667.8,95.5,686.4,0,1,78.7,705.0
168,5588,2065983,78.7,704.5,112.4,667.2,95.55,685.85,0,1,78.7,704.5
168,5589,2065984,78.7,703.9,112.2,666.4,95.45,685.15,0,1,78.7,703.9
168,5590,2065985,78.7,703.4,112.0,665.4,95.35,684.4,0,1,78.7,703.4
168,5591,2065986,78.5,702.6,111.7,664.5,95.1,683.55,0,1,78.5,702.6
168,5592,2065987,78.5,702.0,111.5,663.7,95.0,682.85,0,1,78.5,702.0
168,5593,2065988,78.4,701.3,111.2,663.7,94.8,682.5,0,1,78.4,701.3
168,5594,2065989,78.4,700.9,111.0,663.8,94.7,682.35,0,1,78.4,700.9
168,5595,2065990,78.4,701.2,110.9,664.2,94.65,682.7,0,1,78.4,701.2
168,5596,2065991,78.4,701.5,110.2,665.1,94.3,683.3,0,1,78.4,701.5
168,5597,2065992,78.4,701.8,109.6,666.3,94.0,684.05,0,1,78.4,701.8
168,5598,2065993,78.5,702.4,109.0,667.4,93.75,684.9,0,1,78.5,702.4
168,5599,2065994,78.6,702.8,108.4,668.4,93.5,685.6,0,1,78.6,702.8
168,5600,2065995,78.6,703.3,107.8,669.1,93.2,686.2,0,1,78.6,703.3
169,5601,2065996,78.9,703.6,107.3,669.8,93.1,686.7,0,1,78.9,703.6
169,5602,2065997,79.2,703.9,106.9,670.8,93.05,687.35,0,1,79.2,703.9
169,5603,2065998,79.6,704.2,106.9,671.4,93.25,687.8,0,1,79.6,704.2
169,5604,2065999,79.9,704.5,106.9,671.9,93.4,688.2,0,1,79.9,704.5
169,5605,2066000,80.1,704.6,106.8,672.3,93.45,688.45,0,1,80.1,704.6
169,5606,2066001,80.3,704.8,106.7,672.5,93.5,688.65,0,1,80.3,704.8
169,5607,2066002,80.4,704.9,106.6,672.6,93.5,688.75,0,1,80.4,704.9
169,5608,2066003,80.3,704.9,106.4,672.6,93.35,688.75,0,1,80.3,704.9
169,5609,2066004,80.1,704.9,106.0,671.7,93.05,688.3,0,1,80.1,704.9
169,5610,2066005,79.9,704.9,105.6,670.7,92.75,687.8,0,1,79.9,704.9
169,5611,2066006,79.6,705.0,105.3,669.8,92.45,687.4,0,1,79.6,705.0
169,5612,2066007,79.3,705.0,105.0,668.9,92.15,686.95,0,1,79.3,705.0
169,5613,2066008,79.0,705.1,104.8,668.1,91.9,686.6,0,1,79.0,705.1
169,5614,2066009,78.9,705.1,104.6,667.5,91.75,686.3,0,1,78.9,705.1
169,5615,2066010,78.7,705.1,104.5,667.2,91.6,686.15,0,1,78.7,705.1
169,5616,2066011,78.7,704.7,104.5,667.5,91.6,686.1,0,1,78.7,704.7
169,5617,2066012,78.8,704.4,104.5,667.8,91.65,686.1,0,1,78.8,704.4
169,5618,2066013,79.0,703.9,104.4,668.6,91.7,686.25,0,1,79.0,703.9
169,5619,2066014,79.3,703.4,104.2,669.5,91.75,686.45,0,1,79.3,703.4
169,5620,2066015,79.6,703.0,104.2,670.4,91.9,686.7,0,1,79.6,703.0
169,5621,2066016,79.9,702.6,104.1,671.2,92.0,686.9,0,1,79.9,702.6
169,5622,2066017,80.1,702.2,104.2,671.5,92.15,686.85,0,1,80.1,702.2
169,5623,2066018,80.3,702.2,104.2,671.8,92.25,687.0,0,1,80.3,702.2
169,5624,2066019,80.4,702.1,104.1,672.0,92.25,687.05,0,1,80.4,702.1
169,5625,2066020,80.5,702.1,103.9,671.8,92.2,686.95,0,1,80.5,702.1
169,5626,2066021,80.4,702.4,103.7,671.5,92.05,686.95,0,1,80.4,702.4
169,5627,2066022,80.5,702.8,103.6,671.1,92.05,686.95,0,1,80.5,702.8
169,5628,2066023,80.6,703.5,103.4,670.8,92.0,687.15,0,1,80.6,703.5
169,5629,2066024,80.7,704.8,103.2,670.6,91.95,687.7,0,1,80.7,704.8
169,5630,2066025,80.9,706.0,103.0,670.6,91.95,688.3,0,1,80.9,706.0
169,5631,2066026,81.1,707.3,102.8,670.7,91.95,689.0,0,1,81.1,707.3
169,5632,2066027,81.3,708.2,102.8,670.7,92.05,689.45,0,1,81.3,708.2
169,5633,2066028,81.5,708.7,102.7,670.8,92.1,689.75,0,1,81.5,708.7
170,5634,2066029,81.7,709.1,102.3,671.0,92.0,690.05,0,1,81.7,709.1
170,5635,2066030,81.8,709.3,102.0,671.4,91.9,690.35,0,1,81.8,709.3
170,5636,2066031,81.8,709.1,101.7,671.6,91.75,690.35,0,1,81.8,709.1
170,5637,2066032,81.8,708.9,101.5,671.8,91.65,690.35,0,1,81.8,708.9
170,5638,2066033,81.8,708.8,101.3,672.0,91.55,690.4,0,1,81.8,708.8
170,5639,2066034,81.7,708.8,101.2,672.1,91.45,690.45,0,1,81.7,708.8
170,5640,2066035,81.7,708.9,101.2,672.2,91.45,690.55,0,1,81.7,708.9
170,5641,2066036,81.8,709.0,101.4,672.3,91.6,690.65,0,1,81.8,709.0
170,5642,2066037,81.9,709.1,101.5,672.3,91.7,690.7,0,1,81.9,709.1
170,5643,2066038,82.0,708.2,101.6,672.4,91.8,690.3,0,1,82.0,708.2
170,5644,2066039,82.1,707.2,101.5,672.4,91.8,689.8,0,1,82.1,707.2
170,5645,2066040,82.1,706.5,101.3,672.5,91.7,689.5,0,1,82.1,706.5
170,5646,2066041,82.2,705.8,101.2,672.5,91.7,689.15,0,1,82.2,705.8
170,5647,2066042,82.3,705.6,101.0,672.5,91.65,689.05,0,1,82.3,705.6
170,5648,2066043,82.3,705.5,100.8,672.0,91.55,688.75,0,1,82.3,705.5
170,5649,2066044,82.2,705.3,100.6,671.5,91.4,688.4,0,1,82.2,705.3
170,5650,2066045,82.1,706.2,100.4,670.9,91.25,688.55,0,1,82.1,706.2
170,5651,2066046,81.9,707.1,100.1,670.3,91.0,688.7,0,1,81.9,707.1
170,5652,2066047,81.7,707.9,99.8,669.6,90.75,688.75,0,1,81.7,707.9
170,5653,2066048,81.4,708.6,99.5,669.0,90.45,688.8,0,1,81.4,708.6
170,5654,2066049,81.1,708.8,99.1,668.3,90.1,688.55,0,1,81.1,708.8
170,5655,2066050,80.8,708.8,98.7,668.2,89.75,688.5,0,1,80.8,708.8
170,5656,2066051,80.6,708.5,98.3,668.5,89.45,688.5,0,1,80.6,708.5
170,5657,2066052,80.4,707.9,97.9,668.9,89.15,688.4,0,1,80.4,707.9
170,5658,2066053,80.3,707.2,97.6,669.4,88.95,688.3,0,1,80.3,707.2
170,5659,2066054,80.3,706.6,97.3,670.0,88.8,688.3,0,1,80.3,706.6
170,5660,2066055,80.4,705.9,96.8,670.7,88.6,688.3,0,1,80.4,705.9
170,5661,2066056,80.5,705.3,96.3,671.7,88.4,688.5,0,1,80.5,705.3
170,5662,2066057,80.5,704.9,95.9,672.8,88.2,688.85,0,1,80.5,704.9
170,5663,2066058,80.2,704.9,95.3,674.6,87.75,689.75,0,1,80.2,704.9
170,5664,2066059,80.0,705.0,94.6,676.4,87.3,690.7,0,1,80.0,705.0
170,5665,2066060,79.7,705.7,93.9,678.1,86.8,691.9,0,1,79.7,705.7
170,5666,2066061,79.4,706.3,93.4,679.8,86.4,693.05,0,1,79.4,706.3
171,5667,2066062,79.0,706.7,93.1,681.1,86.05,693.9,0,1,79.0,706.7
171,5668,2066063,78.7,706.7,92.9,681.8,85.8,694.25,0,1,78.7,706.7
171,5669,2066064,78.4,706.7,92.6,682.4,85.5,694.55,0,1,78.4,706.7
171,5670,2066065,78.4,706.7,92.5,681.8,85.45,694.25,0,1,78.4,706.7
171,5671,2066066,78.4,706.5,92.4,681.3,85.4,693.9,0,1,78.4,706.5
171,5672,2066067,78.8,705.3,92.3,680.6,85.55,692.95,0,1,78.8,705.3
171,5673,2066068,79.1,703.6,92.3,679.9,85.7,691.75,0,1,79.1,703.6
171,5674,2066069,79.5,702.0,92.2,679.4,85.85,690.7,0,1,79.5,702.0
171,5675,2066070,79.9,700.8,92.1,679.3,86.0,690.05,0,1,79.9,700.8
171,5676,2066071,80.2,699.4,92.0,679.1,86.1,689.25,0,1,80.2,699.4
171,5677,2066072,80.4,698.0,91.8,679.0,86.1,688.5,0,1,80.4,698.0
171,5678,2066073,80.6,696.7,91.5,679.0,86.05,687.85,0,1,80.6,696.7
171,5679,2066074,80.4,695.8,91.2,679.5,85.8,687.65,0,1,80.4,695.8
171,5680,2066075,80.2,695.5,90.6,679.9,85.4,687.7,0,1,80.2,695.5
171,5681,2066076,80.0,695.3,90.0,680.1,85.0,687.7,0,1,80.0,695.3
171,5682,2066077,79.9,695.3,89.5,680.6,84.7,687.95,0,1,79.9,695.3
171,5683,2066078,79.5,695.7,88.9,681.2,84.2,688.45,0,1,79.5,695.7
171,5684,2066079,79.0,696.9,88.4,682.5,83.7,689.7,0,1,79.0,696.9
171,5685,2066080,78.5,698.0,87.7,683.6,83.1,690.8,0,1,78.5,698.0
171,5686,2066081,78.0,699.0,86.7,684.6,82.35,691.8,0,1,78.0,699.0
171,5687,2066082,77.6,700.1,86.0,685.6,81.8,692.85,0,1,77.6,700.1
171,5688,2066083,77.1,700.9,85.2,686.8,81.15,693.85,0,1,77.1,700.9
171,5689,2066084,76.7,701.3,84.1,687.8,80.4,694.55,0,1,76.7,701.3
171,5690,2066085,76.6,700.2,83.2,688.6,79.9,694.4,0,1,76.6,700.2
171,5691,2066086,76.6,698.4,82.4,688.7,79.5,693.55,0,1,76.6,698.4
171,5692,2066087,76.7,696.5,81.8,688.8,79.25,692.65,0,1,76.7,696.5
171,5693,2066088,77.0,694.7,81.5,688.7,79.25,691.7,0,1,77.0,694.7
171,5694,2066089,77.2,692.9,81.4,688.4,79.3,690.65,0,1,77.2,692.9
171,5695,2066090,77.4,691.5,81.4,688.2,79.4,689.85,0,1,77.4,691.5
171,5696,2066091,77.7,690.3,81.5,687.9,79.6,689.1,0,1,77.7,690.3
171,5697,2066092,77.9,690.2,81.6,687.7,79.75,688.95,0,1,77.9,690.2
171,5698,2066093,78.0,690.1,81.7,687.6,79.85,688.85,0,1,78.0,690.1
171,5699,2066094,78.1,690.0,81.8,687.4,79.95,688.7,0,1,78.1,690.0
171,5700,2066095,78.1,689.9,81.9,687.3,80.0,688.6,0,1,78.1,689.9
172,5701,2066096,78.0,689.7,81.7,687.1,79.85,688.4,0,1,78.0,689.7
172,5702,2066097,77.8,689.5,81.4,686.4,79.6,687.95,0,1,77.8,689.5
172,5703,2066098,77.4,689.2,81.1,685.6,79.25,687.4,0,1,77.4,689.2
172,5704,2066099,77.1,688.9,80.8,684.8,78.95,686.85,0,1,77.1,688.9
172,5705,2066100,76.7,688.4,80.4,683.9,78.55,686.15,0,1,76.7,688.4
172,5706,2066101,76.4,687.9,80.1,683.3,78.25,685.6,0,1,76.4,687.9
172,5707,2066102,76.2,687.4,79.7,682.9,77.95,685.15,0,1,76.2,687.4
172,5708,2066103,76.0,686.8,79.2,683.3,77.6,685.05,0,1,76.0,686.8
172,5709,2066104,75.9,686.1,78.9,684.2,77.4,685.15,0,1,75.9,686.1
172,5710,2066105,76.1,685.5,78.5,685.3,77.3,685.4,0,1,76.1,685.5
172,5711,2066106,76.2,685.0,78.2,686.3,77.2,685.65,0,1,76.2,685.0
172,5712,2066107,76.3,684.9,77.9,687.5,77.1,686.2,0,1,76.3,684.9
172,5713,2066108,76.5,684.8,77.8,688.4,77.15,686.6,0,1,76.5,684.8
172,5714,2066109,76.7,684.7,77.7,689.1,77.2,686.9,0,1,76.7,684.7
172,5715,2066110,76.8,684.9,77.9,689.4,77.35,687.15,0,1,76.8,684.9
172,5716,2066111,77.0,685.1,78.2,689.6,77.6,687.35,0,1,77.0,685.1
172,5717,2066112,77.1,685.3,78.5,689.8,77.8,687.55,0,1,77.1,685.3
172,5718,2066113,77.1,685.4,78.8,690.2,77.95,687.8,0,1,77.1,685.4
172,5719,2066114,77.2,685.6,79.0,690.6,78.1,688.1,0,1,77.2,685.6
172,5720,2066115,77.1,685.7,79.0,690.9,78.05,688.3,0,1,77.1,685.7
172,5721,2066116,77.0,685.7,79.1,691.1,78.05,688.4,0,1,77.0,685.7
172,5722,2066117,77.0,684.8,79.1,691.1,78.05,687.95,0,1,77.0,684.8
172,5723,2066118,77.0,683.9,79.0,691.1,78.0,687.5,0,1,77.0,683.9
172,5724,2066119,77.0,683.0,78.9,691.1,77.95,687.05,0,1,77.0,683.0
172,5725,2066120,77.1,682.1,78.8,690.9,77.95,686.5,0,1,77.1,682.1
172,5726,2066121,77.1,681.2,78.7,690.7,77.9,685.95,0,1,77.1,681.2
172,5727,2066122,77.1,680.2,78.7,690.5,77.9,685.35,0,1,77.1,680.2
172,5728,2066123,77.0,679.3,78.6,690.2,77.8,684.75,0,1,77.0,679.3
172,5729,2066124,76.8,679.2,78.6,689.9,77.7,684.55,0,1,76.8,679.2
172,5730,2066125,76.4,679.0,78.6,689.6,77.5,684.3,0,1,76.4,679.0
172,5731,2066126,76.0,678.8,78.9,689.4,77.45,684.1,0,1,76.0,678.8
172,5732,2066127,76.5,678.7,80.6,689.4,78.55,684.05,0,1,76.5,678.7
172,5733,2066128,78.3,678.8,83.5,690.2,80.9,684.5,0,1,78.3,678.8
173,5734,2066129,80.5,678.5,87.1,691.1,83.8,684.8,0,1,80.5,678.5
173,5735,2066130,83.9,677.6,92.7,692.4,88.3,685.0,0,1,83.9,677.6
173,5736,2066131,89.2,676.8,101.3,694.0,95.25,685.4,0,1,89.2,676.8
173,5737,2066132,96.6,676.2,111.7,695.5,104.15,685.85,0,1,96.6,676.2
173,5738,2066133,105.1,675.6,124.2,696.9,114.65,686.25,0,1,105.1,675.6
173,5739,2066134,113.3,674.4,137.9,697.9,125.6,686.15,0,1,113.3,674.4
173,5740,2066135,121.8,672.1,152.7,696.1,137.25,684.1,0,1,121.8,672.1
173,5741,2066136,133.4,670.6,169.3,693.9,151.35,682.25,0,1,133.4,670.6
173,5742,2066137,147.0,670.0,185.0,691.6,166.0,680.8,0,1,147.0,670.0
173,5743,2066138,161.4,668.3,200.8,688.6,181.1,678.45,0,1,161.4,668.3
173,5744,2066139,177.3,666.5,216.0,685.8,196.65,676.15,0,1,177.3,666.5
173,5745,2066140,194.7,662.9,231.7,683.0,213.2,672.95,0,1,194.7,662.9
173,5746,2066141,213.4,658.0,248.5,676.3,230.95,667.15,0,1,213.4,658.0
173,5747,2066142,234.0,650.8,264.9,671.3,249.45,661.05,0,1,234.0,650.8
173,5748,2066143,252.6,640.6,281.2,663.4,266.9,652.0,0,1,252.6,640.6
173,5749,2066144,271.1,627.5,299.6,651.8,285.35,639.65,0,1,271.1,627.5
173,5750,2066145,290.6,613.2,317.6,639.0,304.1,626.1,0,1,290.6,613.2
173,5751,2066146,307.3,595.8,340.2,625.3,323.75,610.55,0,1,307.3,595.8
173,5752,2066147,323.2,578.7,368.0,605.9,345.6,592.3,0,1,323.2,578.7
173,5753,2066148,340.3,561.3,397.1,588.5,368.7,574.9,0,1,340.3,561.3
173,5754,2066149,355.9,546.5,424.8,569.3,390.35,557.9,0,1,355.9,546.5
173,5755,2066150,371.3,533.7,450.6,550.7,410.95,542.2,0,1,371.3,533.7
173,5756,2066151,384.9,521.5,474.7,533.3,429.8,527.4,0,1,384.9,521.5
173,5757,2066152,398.2,511.6,496.4,517.4,447.3,514.5,0,1,398.2,511.6
173,5758,2066153,412.4,502.9,511.8,501.3,462.1,502.1,0,1,412.4,502.9
173,5759,2066154,428.0,491.7,521.2,487.9,474.6,489.8,0,1,428.0,491.7
173,5760,2066155,441.5,482.9,527.2,476.6,484.35,479.75,0,1,441.5,482.9
173,5761,2066156,455.5,474.7,534.7,466.9,495.1,470.8,0,1,455.5,474.7
173,5762,2066157,471.2,464.7,543.3,458.0,507.25,461.35,0,1,471.2,464.7
173,5763,2066158,486.4,456.2,552.2,451.6,519.3,453.9,0,1,486.4,456.2
173,5764,2066159,500.0,447.0,561.8,445.1,530.9,446.05,0,1,500.0,447.0
173,5765,2066160,514.1,440.0,572.5,439.9,543.3,439.95,0,1,514.1,440.0
173,5766,2066161,526.2,436.0,582.6,437.4,554.4,436.7,0,1,526.2,436.0
174,5767,2066162,538.3,432.0,593.0,434.5,565.65,433.25,0,1,538.3,432.0
174,5768,2066163,550.4,428.3,603.3,431.2,576.85,429.75,0,1,550.4,428.3
174,5769,2066164,562.0,427.4,614.4,429.0,588.2,428.2,0,1,562.0,427.4
174,5770,2066165,573.8,427.2,624.2,425.4,599.0,426.3,0,1,573.8,427.2
174,5771,2066166,585.4,427.9,634.4,421.8,609.9,424.85,0,1,585.4,427.9
174,5772,2066167,595.3,428.5,645.3,417.1,620.3,422.8,0,1,595.3,428.5
174,5773,2066168,605.7,427.6,656.8,412.6,631.25,420.1,0,1,605.7,427.6
174,5774,2066169,615.1,425.5,666.3,407.2,640.7,416.35,0,1,615.1,425.5
174,5775,2066170,622.6,422.1,677.0,401.5,649.8,411.8,0,1,622.6,422.1
174,5776,2066171,628.9,416.4,687.1,394.6,658.0,405.5,0,1,628.9,416.4
174,5777,2066172,636.3,409.6,696.4,387.9,666.35,398.75,0,1,636.3,409.6
174,5778,2066173,643.7,400.8,706.3,381.0,675.0,390.9,0,1,643.7,400.8
174,5779,2066174,651.4,390.2,716.5,372.8,683.95,381.5,0,1,651.4,390.2
174,5780,2066175,658.3,381.3,726.0,363.8,692.15,372.55,0,1,658.3,381.3
174,5781,2066176,665.9,372.1,738.0,354.9,701.95,363.5,0,1,665.9,372.1
174,5782,2066177,673.0,363.3,747.1,346.8,710.05,355.05,0,1,673.0,363.3
174,5783,2066178,678.9,356.2,756.2,340.3,717.55,348.25,0,1,678.9,356.2
174,5784,2066179,682.9,349.8,765.6,335.1,724.25,342.45,0,1,682.9,349.8
174,5785,2066180,686.0,343.8,774.2,330.1,730.1,336.95,0,1,686.0,343.8
174,5786,2066181,689.7,339.7,780.7,327.5,735.2,333.6,0,1,689.7,339.7
174,5787,2066182,693.0,336.0,786.5,325.7,739.75,330.85,0,1,693.0,336.0
174,5788,2066183,696.0,333.8,789.5,324.9,742.75,329.35,0,1,696.0,333.8
174,5789,2066184,699.7,332.0,792.5,324.7,746.1,328.35,0,1,699.7,332.0
174,5790,2066185,703.5,331.1,793.8,324.8,748.65,327.95,0,1,703.5,331.1
174,5791,2066186,707.3,330.7,794.4,325.4,750.85,328.05,0,1,707.3,330.7
174,5792,2066187,710.3,332.2,794.3,326.1,752.3,329.15,0,1,710.3,332.2
174,5793,2066188,712.3,333.8,793.9,326.9,753.1,330.35,0,1,712.3,333.8
174,5794,2066189,713.5,335.4,793.3,327.7,753.4,331.55,0,1,713.5,335.4
174,5795,2066190,714.2,336.8,792.6,328.6,753.4,332.7,0,1,714.2,336.8
174,5796,2066191,714.0,338.1,790.9,330.6,752.45,334.35,0,1,714.0,338.1
174,5797,2066192,713.3,338.8,788.5,332.5,750.9,335.65,0,1,713.3,338.8
174,5798,2066193,711.7,339.3,786.2,334.0,748.95,336.65,0,1,711.7,339.3
174,5799,2066194,710.2,339.0,783.9,335.6,747.05,337.3,0,1,710.2,339.0
174,5800,2066195,708.8,339.0,781.7,337.1,745.25,338.05,0,1,708.8,339.0
175,5801,2066196,707.5,339.0,778.9,338.7,743.2,338.85,0,1,707.5,339.0
175,5802,2066197,706.3,339.1,776.1,340.3,741.2,339.7,0,1,706.3,339.1
175,5803,2066198,704.8,339.1,774.4,340.6,739.6,339.85,0,1,704.8,339.1
175,5804,2066199,703.5,339.1,773.4,341.1,738.45,340.1,0,1,703.5,339.1
175,5805,2066200,702.8,339.1,772.5,341.5,737.65,340.3,0,1,702.8,339.1
175,5806,2066201,702.2,339.0,771.5,342.3,736.85,340.65,0,1,702.2,339.0
175,5807,2066202,701.6,338.5,770.5,343.8,736.05,341.15,0,1,701.6,338.5
175,5808,2066203,701.2,338.2,770.1,345.4,735.65,341.8,0,1,701.2,338.2
175,5809,2066204,701.0,338.0,769.9,347.2,735.45,342.6,0,1,701.0,338.0
175,5810,2066205,701.6,338.7,769.8,349.0,735.7,343.85,0,1,701.6,338.7
175,5811,2066206,702.4,339.4,769.7,350.9,736.05,345.15,0,1,702.4,339.4
175,5812,2066207,703.3,340.2,769.7,352.5,736.5,346.35,0,1,703.3,340.2
175,5813,2066208,704.2,341.1,770.0,353.6,737.1,347.35,0,1,704.2,341.1
175,5814,2066209,705.1,342.0,770.4,353.6,737.75,347.8,0,1,705.1,342.0
175,5815,2066210,706.1,342.7,770.8,353.5,738.45,348.1,0,1,706.1,342.7
175,5816,2066211,706.9,342.1,771.2,353.2,739.05,347.65,0,1,706.9,342.1
175,5817,2066212,707.3,341.0,771.5,352.8,739.4,346.9,0,1,707.3,341.0
175,5818,2066213,707.8,339.9,771.7,352.4,739.75,346.15,0,1,707.8,339.9
175,5819,2066214,708.2,338.7,772.0,352.0,740.1,345.35,0,1,708.2,338.7
175,5820,2066215,708.4,337.4,772.1,351.5,740.25,344.45,0,1,708.4,337.4
175,5821,2066216,708.8,335.8,772.1,350.8,740.45,343.3,0,1,708.8,335.8
175,5822,2066217,708.9,334.3,772.1,350.2,740.5,342.25,0,1,708.9,334.3
175,5823,2066218,708.9,334.0,772.0,349.6,740.45,341.8,0,1,708.9,334.0
175,5824,2066219,708.9,333.6,772.0,349.4,740.45,341.5,0,1,708.9,333.6
175,5825,2066220,709.0,333.2,771.7,349.2,740.35,341.2,0,1,709.0,333.2
175,5826,2066221,709.2,333.0,771.4,349.1,740.3,341.05,0,1,709.2,333.0
175,5827,2066222,709.4,332.8,771.1,349.2,740.25,341.0,0,1,709.4,332.8
175,5828,2066223,709.7,332.8,770.8,349.6,740.25,341.2,0,1,709.7,332.8
175,5829,2066224,710.0,332.8,770.3,350.0,740.15,341.4,0,1,710.0,332.8
175,5830,2066225,710.3,332.6,769.9,350.5,740.1,341.55,0,1,710.3,332.6
175,5831,2066226,710.6,332.5,769.6,350.4,740.1,341.45,0,1,710.6,332.5
175,5832,2066227,710.9,332.3,769.4,350.2,740.15,341.25,0,1,710.9,332.3
175,5833,2066228,711.1,331.7,769.3,350.0,740.2,340.85,0,1,711.1,331.7
176,5834,2066229,711.3,331.1,768.9,349.7,740.1,340.4,0,1,711.3,331.1
176,5835,2066230,711.5,330.4,768.0,349.6,739.75,340.0,0,1,711.5,330.4
176,5836,2066231,711.7,329.9,766.9,349.4,739.3,339.65,0,1,711.7,329.9
176,5837,2066232,711.9,329.5,765.7,349.2,738.8,339.35,0,1,711.9,329.5
176,5838,2066233,712.1,328.9,764.4,349.1,738.25,339.0,0,1,712.1,328.9
176,5839,2066234,712.4,328.4,762.5,349.1,737.45,338.75,0,1,712.4,328.4
176,5840,2066235,712.5,328.5,760.7,349.0,736.6,338.75,0,1,712.5,328.5
176,5841,2066236,712.6,328.5,758.9,348.9,735.75,338.7,0,1,712.6,328.5
176,5842,2066237,712.8,328.6,757.6,348.8,735.2,338.7,0,1,712.8,328.6
176,5843,2066238,713.0,328.9,756.4,348.5,734.7,338.7,0,1,713.0,328.9
176,5844,2066239,713.2,329.6,755.2,348.2,734.2,338.9,0,1,713.2,329.6
176,5845,2066240,713.4,330.4,753.9,348.1,733.65,339.25,0,1,713.4,330.4
176,5846,2066241,713.5,331.2,753.2,348.0,733.35,339.6,0,1,713.5,331.2
176,5847,2066242,713.7,332.0,752.2,348.1,732.95,340.05,0,1,713.7,332.0
176,5848,2066243,713.8,332.8,751.2,348.0,732.5,340.4,0,1,713.8,332.8
176,5849,2066244,714.0,333.6,749.6,348.2,731.8,340.9,0,1,714.0,333.6
176,5850,2066245,714.1,334.2,748.2,348.2,731.15,341.2,0,1,714.1,334.2
176,5851,2066246,714.2,334.5,747.1,347.9,730.65,341.2,0,1,714.2,334.5
176,5852,2066247,714.3,334.8,745.8,347.5,730.05,341.15,0,1,714.3,334.8
176,5853,2066248,714.3,334.9,744.4,347.0,729.35,340.95,0,1,714.3,334.9
176,5854,2066249,714.3,334.9,742.8,346.4,728.55,340.65,0,1,714.3,334.9
176,5855,2066250,714.3,334.9,741.1,345.8,727.7,340.35,0,1,714.3,334.9
176,5856,2066251,714.4,334.6,740.2,344.9,727.3,339.75,0,1,714.4,334.6
176,5857,2066252,714.5,334.1,739.3,344.2,726.9,339.15,0,1,714.5,334.1
176,5858,2066253,714.7,333.3,738.5,343.8,726.6,338.55,0,1,714.7,333.3
176,5859,2066254,714.8,332.7,737.9,343.4,726.35,338.05,0,1,714.8,332.7
176,5860,2066255,714.8,332.1,737.6,343.0,726.2,337.55,0,1,714.8,332.1
176,5861,2066256,714.8,331.9,738.1,342.3,726.45,337.1,0,1,714.8,331.9
176,5862,2066257,714.7,331.7,738.6,341.4,726.65,336.55,0,1,714.7,331.7
176,5863,2066258,714.4,332.6,739.3,340.8,726.85,336.7,0,1,714.4,332.6
176,5864,2066259,714.2,333.5,740.0,340.3,727.1,336.9,0,1,714.2,333.5
176,5865,2066260,713.9,334.6,740.6,340.0,727.25,337.3,0,1,713.9,334.6
176,5866,2066261,713.8,335.2,741.2,339.8,727.5,337.5,0,1,713.8,335.2
177,5867,2066262,713.8,335.8,741.5,339.5,727.65,337.65,0,1,713.8,335.8
177,5868,2066263,714.1,336.0,741.7,339.5,727.9,337.75,0,1,714.1,336.0
177,5869,2066264,714.4,336.2,741.8,339.8,728.1,338.0,0,1,714.4,336.2
177,5870,2066265,714.7,335.8,741.7,340.1,728.2,337.95,0,1,714.7,335.8
177,5871,2066266,714.9,335.5,741.4,339.9,728.15,337.7,0,1,714.9,335.5
177,5872,2066267,714.8,335.6,740.7,339.6,727.75,337.6,0,1,714.8,335.6
177,5873,2066268,714.6,336.0,740.1,339.3,727.35,337.65,0,1,714.6,336.0
177,5874,2066269,714.4,336.4,739.4,339.0,726.9,337.7,0,1,714.4,336.4
177,5875,2066270,714.0,336.9,738.9,338.6,726.45,337.75,0,1,714.0,336.9
177,5876,2066271,713.5,337.4,738.5,338.3,726.0,337.85,0,1,713.5,337.4
177,5877,2066272,713.0,338.0,738.2,337.4,725.6,337.7,0,1,713.0,338.0
177,5878,2066273,712.6,338.5,738.1,336.9,725.35,337.7,0,1,712.6,338.5
177,5879,2066274,712.5,338.8,738.6,336.3,725.55,337.55,0,1,712.5,338.8
177,5880,2066275,712.5,339.1,739.0,335.8,725.75,337.45,0,1,712.5,339.1
177,5881,2066276,712.6,339.4,739.6,335.3,726.1,337.35,0,1,712.6,339.4
177,5882,2066277,712.8,339.3,740.1,335.0,726.45,337.15,0,1,712.8,339.3
177,5883,2066278,712.9,338.9,740.6,334.6,726.75,336.75,0,1,712.9,338.9
177,5884,2066279,713.1,338.6,741.1,334.7,727.1,336.65,0,1,713.1,338.6
177,5885,2066280,713.2,338.5,741.6,334.8,727.4,336.65,0,1,713.2,338.5
177,5886,2066281,712.9,338.3,742.4,334.9,727.65,336.6,0,1,712.9,338.3
177,5887,2066282,712.5,338.2,743.2,335.0,727.85,336.6,0,1,712.5,338.2
177,5888,2066283,712.0,337.8,744.1,335.0,728.05,336.4,0,1,712.0,337.8
177,5889,2066284,711.5,337.8,744.8,335.2,728.15,336.5,0,1,711.5,337.8
177,5890,2066285,711.1,337.9,745.5,335.6,728.3,336.75,0,1,711.1,337.9
177,5891,2066286,710.7,337.8,746.6,336.0,728.65,336.9,0,1,710.7,337.8
177,5892,2066287,710.5,337.6,747.7,336.4,729.1,337.0,0,1,710.5,337.6
177,5893,2066288,710.6,337.4,748.2,336.9,729.4,337.15,0,1,710.6,337.4
177,5894,2066289,710.7,337.3,748.7,337.3,729.7,337.3,0,1,710.7,337.3
177,5895,2066290,711.2,337.4,749.2,337.7,730.2,337.55,0,1,711.2,337.4
177,5896,2066291,711.6,337.5,749.9,338.0,730.75,337.75,0,1,711.6,337.5
177,5897,2066292,712.0,337.6,751.1,338.0,731.55,337.8,0,1,712.0,337.6
177,5898,2066293,712.5,337.6,751.8,338.2,732.15,337.9,0,1,712.5,337.6
177,5899,2066294,713.0,337.5,752.4,338.5,732.7,338.0,0,1,713.0,337.5
177,5900,2066295,713.5,337.4,752.8,338.8,733.15,338.1,0,1,713.5,337.4
178,5901,2066296,713.9,337.3,753.3,339.2,733.6,338.25,0,1,713.9,337.3
178,5902,2066297,714.0,337.3,753.6,339.6,733.8,338.45,0,1,714.0,337.3
178,5903,2066298,714.1,337.2,754.0,340.0,734.05,338.6,0,1,714.1,337.2
178,5904,2066299,714.0,337.1,753.8,340.5,733.9,338.8,0,1,714.0,337.1
178,5905,2066300,714.0,336.9,753.6,340.7,733.8,338.8,0,1,714.0,336.9
178,5906,2066301,713.8,336.6,753.3,341.0,733.55,338.8,0,1,713.8,336.6
178,5907,2066302,713.7,336.4,753.3,341.2,733.5,338.8,0,1,713.7,336.4
178,5908,2066303,713.5,336.0,753.4,341.6,733.45,338.8,0,1,713.5,336.0
178,5909,2066304,713.3,335.4,753.5,341.9,733.4,338.65,0,1,713.3,335.4
178,5910,2066305,713.2,334.9,754.0,342.3,733.6,338.6,0,1,713.2,334.9
178,5911,2066306,713.1,334.4,754.5,341.8,733.8,338.1,0,1,713.1,334.4
178,5912,2066307,713.1,333.8,755.0,341.4,734.05,337.6,0,1,713.1,333.8
178,5913,2066308,713.2,333.3,755.7,341.0,734.45,337.15,0,1,713.2,333.3
178,5914,2066309,713.3,332.9,756.7,340.7,735.0,336.8,0,1,713.3,332.9
178,5915,2066310,713.5,332.9,757.7,340.2,735.6,336.55,0,1,713.5,332.9
178,5916,2066311,713.6,333.0,758.5,339.6,736.05,336.3,0,1,713.6,333.0
178,5917,2066312,713.7,333.1,759.0,339.1,736.35,336.1,0,1,713.7,333.1
178,5918,2066313,713.4,333.2,759.3,339.4,736.35,336.3,0,1,713.4,333.2
178,5919,2066314,713.0,333.7,759.7,339.9,736.35,336.8,0,1,713.0,333.7
178,5920,2066315,712.6,334.3,760.0,340.8,736.3,337.55,0,1,712.6,334.3
178,5921,2066316,712.3,335.1,759.9,341.4,736.1,338.25,0,1,712.3,335.1
178,5922,2066317,712.1,335.5,759.7,342.1,735.9,338.8,0,1,712.1,335.5
178,5923,2066318,712.1,335.9,759.7,342.9,735.9,339.4,0,1,712.1,335.9
178,5924,2066319,712.1,336.4,759.7,343.7,735.9,340.05,0,1,712.1,336.4
178,5925,2066320,712.5,336.9,759.7,345.0,736.1,340.95,0,1,712.5,336.9
178,5926,2066321,712.8,337.2,759.8,346.0,736.3,341.6,0,1,712.8,337.2
178,5927,2066322,713.2,337.5,760.2,346.6,736.7,342.05,0,1,713.2,337.5
178,5928,2066323,713.5,337.6,760.6,347.3,737.05,342.45,0,1,713.5,337.6
178,5929,2066324,713.6,338.0,761.0,348.1,737.3,343.05,0,1,713.6,338.0
178,5930,2066325,713.6,338.4,761.4,348.7,737.5,343.55,0,1,713.6,338.4
178,5931,2066326,713.6,338.8,761.9,349.2,737.75,344.0,0,1,713.6,338.8
178,5932,2066327,713.7,339.2,762.7,349.2,738.2,344.2,0,1,713.7,339.2
178,5933,2066328,713.8,339.8,763.4,349.2,738.6,344.5,0,1,713.8,339.8
179,5934,2066329,713.9,340.2,764.0,349.0,738.95,344.6,0,1,713.9,340.2
179,5935,2066330,714.0,340.5,764.7,348.9,739.35,344.7,0,1,714.0,340.5
179,5936,2066331,714.1,340.4,765.6,348.5,739.85,344.45,0,1,714.1,340.4
179,5937,2066332,714.2,340.2,766.4,348.3,740.3,344.25,0,1,714.2,340.2
179,5938,2066333,714.3,340.0,767.1,348.0,740.7,344.0,0,1,714.3,340.0
179,5939,2066334,714.2,340.7,767.4,347.7,740.8,344.2,0,1,714.2,340.7
179,5940,2066335,714.2,341.4,767.6,347.9,740.9,344.65,0,1,714.2,341.4
179,5941,2066336,714.2,342.1,767.3,348.2,740.75,345.15,0,1,714.2,342.1
179,5942,2066337,714.1,342.6,766.9,348.5,740.5,345.55,0,1,714.1,342.6
179,5943,2066338,714.1,343.2,766.3,348.9,740.2,346.05,0,1,714.1,343.2
179,5944,2066339,714.0,343.9,765.6,349.4,739.8,346.65,0,1,714.0,343.9
179,5945,2066340,714.0,344.5,765.0,349.8,739.5,347.15,0,1,714.0,344.5
179,5946,2066341,713.9,344.2,764.3,350.4,739.1,347.3,0,1,713.9,344.2
179,5947,2066342,713.8,343.9,763.8,350.6,738.8,347.25,0,1,713.8,343.9
179,5948,2066343,713.7,343.7,763.7,350.9,738.7,347.3,0,1,713.7,343.7
179,5949,2066344,714.0,343.7,763.7,351.2,738.85,347.45,0,1,714.0,343.7
179,5950,2066345,714.2,343.8,763.6,351.7,738.9,347.75,0,1,714.2,343.8
179,5951,2066346,714.5,343.8,763.6,352.3,739.05,348.05,0,1,714.5,343.8
179,5952,2066347,714.7,344.0,763.4,352.9,739.05,348.45,0,1,714.7,344.0
179,5953,2066348,715.0,344.1,763.4,353.4,739.2,348.75,0,1,715.0,344.1
179,5954,2066349,715.3,344.2,763.3,353.9,739.3,349.05,0,1,715.3,344.2
179,5955,2066350,715.5,344.3,763.2,354.4,739.35,349.35,0,1,715.5,344.3
179,5956,2066351,715.4,345.0,763.2,354.7,739.3,349.85,0,1,715.4,345.0
179,5957,2066352,715.3,345.6,763.1,354.7,739.2,350.15,0,1,715.3,345.6
179,5958,2066353,715.2,346.5,762.6,354.7,738.9,350.6,0,1,715.2,346.5
179,5959,2066354,715.1,347.2,761.2,354.5,738.15,350.85,0,1,715.1,347.2
179,5960,2066355,715.0,348.0,758.8,354.5,736.9,351.25,0,1,715.0,348.0
179,5961,2066356,715.0,348.8,755.4,354.3,735.2,351.55,0,1,715.0,348.8
179,5962,2066357,715.1,349.7,752.0,354.4,733.55,352.05,0,1,715.1,349.7
179,5963,2066358,715.2,349.8,748.4,355.1,731.8,352.45,0,1,715.2,349.8
179,5964,2066359,715.3,349.7,744.7,356.1,730.0,352.9,0,1,715.3,349.7
179,5965,2066360,715.6,348.6,742.8,357.4,729.2,353.0,0,1,715.6,348.6
179,5966,2066361,717.0,347.4,742.9,359.0,729.95,353.2,0,1,717.0,347.4
180,5967,2066362,720.5,346.3,746.4,360.4,733.45,353.35,0,1,720.5,346.3
180,5968,2066363,724.9,345.1,752.4,361.8,738.65,353.45,0,1,724.9,345.1
180,5969,2066364,732.2,342.8,762.0,362.6,747.1,352.7,0,1,732.2,342.8
180,5970,2066365,741.4,340.4,773.3,362.6,757.35,351.5,0,1,741.4,340.4
180,5971,2066366,752.1,337.5,786.7,361.5,769.4,349.5,0,1,752.1,337.5
180,5972,2066367,765.6,333.9,799.6,360.1,782.6,347.0,0,1,765.6,333.9
180,5973,2066368,779.2,330.3,812.9,358.4,796.05,344.35,0,1,779.2,330.3
180,5974,2066369,793.4,326.7,825.1,355.8,809.25,341.25,0,1,793.4,326.7
180,5975,2066370,808.3,323.0,835.8,353.4,822.05,338.2,0,1,808.3,323.0
180,5976,2066371,821.1,320.2,844.2,351.1,832.65,335.65,0,1,821.1,320.2
180,5977,2066372,833.2,317.9,851.4,349.0,842.3,333.45,0,1,833.2,317.9
180,5978,2066373,843.7,316.3,856.6,346.5,850.15,331.4,0,1,843.7,316.3
180,5979,2066374,851.6,316.7,861.2,344.1,856.4,330.4,0,1,851.6,316.7
180,5980,2066375,858.7,317.2,864.3,341.6,861.5,329.4,0,1,858.7,317.2
180,5981,2066376,863.7,317.6,866.2,339.8,864.95,328.7,0,1,863.7,317.6
180,5982,2066377,866.9,318.1,868.1,337.4,867.5,327.75,0,1,866.9,318.1
180,5983,2066378,869.5,318.8,869.5,334.9,869.5,326.85,0,1,869.5,318.8
180,5984,2066379,871.0,319.5,871.1,332.4,871.05,325.95,0,1,871.0,319.5
180,5985,2066380,872.8,320.1,872.6,331.0,872.7,325.55,0,1,872.8,320.1
180,5986,2066381,874.4,320.8,874.0,329.6,874.2,325.2,0,1,874.4,320.8
180,5987,2066382,875.3,321.7,875.8,328.1,875.55,324.9,0,1,875.3,321.7
180,5988,2066383,875.9,322.6,877.9,326.7,876.9,324.65,0,1,875.9,322.6
180,5989,2066384,876.6,323.6,881.1,325.4,878.85,324.5,0,1,876.6,323.6
180,5990,2066385,877.1,324.6,884.1,324.4,880.6,324.5,0,1,877.1,324.6
180,5991,2066386,878.0,325.5,886.7,323.5,882.35,324.5,0,1,878.0,325.5
180,5992,2066387,878.6,326.5,889.3,322.6,883.95,324.55,0,1,878.6,326.5
180,5993,2066388,879.2,327.1,891.9,321.4,885.55,324.25,0,1,879.2,327.1
180,5994,2066389,879.9,327.4,894.3,320.6,887.1,324.0,0,1,879.9,327.4
180,5995,2066390,880.5,327.6,896.3,319.6,888.4,323.6,0,1,880.5,327.6
180,5996,2066391,881.0,327.8,897.1,319.1,889.05,323.45,0,1,881.0,327.8
180,5997,2066392,881.2,328.1,897.2,318.6,889.2,323.35,0,1,881.2,328.1
180,5998,2066393,880.9,328.5,897.0,316.8,888.95,322.65,0,1,880.9,328.5
180,5999,2066394,880.1,328.8,896.8,315.0,888.45,321.9,0,1,880.1,328.8
180,6000,2066395,879.2,329.1,896.5,313.4,887.85,321.25,0,1,879.2,329.1
181,6001,2066396,877.9,329.7,896.1,311.8,887.0,320.75,0,1,877.9,329.7
181,6002,2066397,876.2,330.2,894.9,310.4,885.55,320.3,0,1,876.2,330.2
181,6003,2066398,874.4,330.8,893.8,308.9,884.1,319.85,0,1,874.4,330.8
181,6004,2066399,872.8,331.3,892.8,307.5,882.8,319.4,0,1,872.8,331.3
181,6005,2066400,871.5,331.7,892.0,307.6,881.75,319.65,0,1,871.5,331.7
181,6006,2066401,870.6,332.1,891.2,307.6,880.9,319.85,0,1,870.6,332.1
181,6007,2066402,869.8,332.4,890.4,307.6,880.1,320.0,0,1,869.8,332.4
181,6008,2066403,869.6,332.6,889.6,307.6,879.6,320.1,0,1,869.6,332.6
181,6009,2066404,869.8,332.8,889.4,307.6,879.6,320.2,0,1,869.8,332.8
181,6010,2066405,870.1,332.9,889.2,307.8,879.65,320.35,0,1,870.1,332.9
181,6011,2066406,870.5,333.0,889.1,308.6,879.8,320.8,0,1,870.5,333.0
181,6012,2066407,871.1,333.0,889.0,309.4,880.05,321.2,0,1,871.1,333.0
181,6013,2066408,871.6,333.0,889.0,310.2,880.3,321.6,0,1,871.6,333.0
181,6014,2066409,872.1,332.9,889.0,310.9,880.55,321.9,0,1,872.1,332.9
181,6015,2066410,872.4,333.0,889.0,311.7,880.7,322.35,0,1,872.4,333.0
181,6016,2066411,872.8,333.0,889.1,312.3,880.95,322.65,0,1,872.8,333.0
181,6017,2066412,873.2,333.1,889.2,312.3,881.2,322.7,0,1,873.2,333.1
181,6018,2066413,873.4,333.2,889.5,311.7,881.45,322.45,0,1,873.4,333.2
181,6019,2066414,873.5,333.5,889.8,311.1,881.65,322.3,0,1,873.5,333.5
181,6020,2066415,873.6,333.9,890.2,310.6,881.9,322.25,0,1,873.6,333.9
181,6021,2066416,873.7,334.4,890.7,310.1,882.2,322.25,0,1,873.7,334.4
181,6022,2066417,873.8,334.8,891.3,309.7,882.55,322.25,0,1,873.8,334.8
181,6023,2066418,873.9,335.3,891.8,309.2,882.85,322.25,0,1,873.9,335.3
181,6024,2066419,873.9,336.1,892.2,309.1,883.05,322.6,0,1,873.9,336.1
181,6025,2066420,874.1,336.8,892.3,309.1,883.2,322.95,0,1,874.1,336.8
181,6026,2066421,874.4,337.6,891.7,309.1,883.05,323.35,0,1,874.4,337.6
181,6027,2066422,874.8,338.1,891.0,309.1,882.9,323.6,0,1,874.8,338.1
181,6028,2066423,875.2,338.7,889.9,309.1,882.55,323.9,0,1,875.2,338.7
181,6029,2066424,875.7,339.4,888.8,309.2,882.25,324.3,0,1,875.7,339.4
181,6030,2066425,876.1,340.3,887.8,309.4,881.95,324.85,0,1,876.1,340.3
181,6031,2066426,876.5,341.6,886.8,309.8,881.65,325.7,0,1,876.5,341.6
181,6032,2066427,876.8,342.8,886.0,309.9,881.4,326.35,0,1,876.8,342.8
181,6033,2066428,877.0,344.0,885.9,309.9,881.45,326.95,0,1,877.0,344.0
182,6034,2066429,876.9,345.0,885.8,309.4,881.35,327.2,0,1,876.9,345.0
182,6035,2066430,876.9,346.2,885.8,308.8,881.35,327.5,0,1,876.9,346.2
182,6036,2066431,876.8,347.1,885.9,308.2,881.35,327.65,0,1,876.8,347.1
182,6037,2066432,876.5,348.1,885.9,307.5,881.2,327.8,0,1,876.5,348.1
182,6038,2066433,876.3,348.3,885.8,306.8,881.05,327.55,0,1,876.3,348.3
182,6039,2066434,876.0,348.5,885.8,306.3,880.9,327.4,0,1,876.0,348.5
182,6040,2066435,875.8,349.6,885.7,305.9,880.75,327.75,0,1,875.8,349.6
182,6041,2066436,875.5,350.7,885.6,306.0,880.55,328.35,0,1,875.5,350.7
182,6042,2066437,875.3,351.8,885.5,306.0,880.4,328.9,0,1,875.3,351.8
182,6043,2066438,875.3,352.7,885.5,306.0,880.4,329.35,0,1,875.3,352.7
182,6044,2066439,875.5,353.4,885.4,306.1,880.45,329.75,0,1,875.5,353.4
182,6045,2066440,875.6,354.1,884.9,306.2,880.25,330.15,0,1,875.6,354.1
182,6046,2066441,875.8,354.7,884.5,306.2,880.15,330.45,0,1,875.8,354.7
182,6047,2066442,875.8,354.6,884.0,306.5,879.9,330.55,0,1,875.8,354.6
182,6048,2066443,875.9,354.2,883.6,306.7,879.75,330.45,0,1,875.9,354.2
182,6049,2066444,875.9,353.9,883.1,306.9,879.5,330.4,0,1,875.9,353.9
182,6050,2066445,875.8,353.6,882.7,307.1,879.25,330.35,0,1,875.8,353.6
182,6051,2066446,875.8,353.2,882.3,307.0,879.05,330.1,0,1,875.8,353.2
182,6052,2066447,875.9,352.9,882.4,306.9,879.15,329.9,0,1,875.9,352.9
182,6053,2066448,876.0,352.5,882.5,306.7,879.25,329.6,0,1,876.0,352.5
182,6054,2066449,876.3,352.2,882.7,306.0,879.5,329.1,0,1,876.3,352.2
182,6055,2066450,876.6,352.0,882.9,305.2,879.75,328.6,0,1,876.6,352.0
182,6056,2066451,876.9,352.0,883.3,304.5,880.1,328.25,0,1,876.9,352.0
182,6057,2066452,877.2,352.1,883.6,303.8,880.4,327.95,0,1,877.2,352.1
182,6058,2066453,877.6,352.6,883.8,303.4,880.7,328.0,0,1,877.6,352.6
182,6059,2066454,877.9,353.2,884.0,302.9,880.95,328.05,0,1,877.9,353.2
182,6060,2066455,878.1,354.8,884.1,303.0,881.1,328.9,0,1,878.1,354.8
182,6061,2066456,878.3,356.8,884.0,303.5,881.15,330.15,0,1,878.3,356.8
182,6062,2066457,878.6,358.7,883.9,303.9,881.25,331.3,0,1,878.6,358.7
182,6063,2066458,878.8,360.4,883.7,303.8,881.25,332.1,0,1,878.8,360.4
182,6064,2066459,879.0,361.7,883.6,303.7,881.3,332.7,0,1,879.0,361.7
182,6065,2066460,879.0,362.4,883.4,303.6,881.2,333.0,0,1,879.0,362.4
182,6066,2066461,879.1,363.0,883.2,303.5,881.15,333.25,0,1,879.1,363.0
183,6067,2066462,879.1,362.3,883.0,303.8,881.05,333.05,0,1,879.1,362.3
183,6068,2066463,879.2,361.1,882.9,304.5,881.05,332.8,0,1,879.2,361.1
183,6069,2066464,879.1,359.7,882.9,305.2,881.0,332.45,0,1,879.1,359.7
183,6070,2066465,879.1,358.6,883.1,306.6,881.1,332.6,0,1,879.1,358.6
183,6071,2066466,879.1,357.6,883.5,307.9,881.3,332.75,0,1,879.1,357.6
183,6072,2066467,879.0,356.7,883.9,309.2,881.45,332.95,0,1,879.0,356.7
183,6073,2066468,879.0,355.9,884.6,310.3,881.8,333.1,0,1,879.0,355.9
183,6074,2066469,878.9,355.6,885.5,310.4,882.2,333.0,0,1,878.9,355.6
183,6075,2066470,878.9,355.4,886.2,310.2,882.55,332.8,0,1,878.9,355.4
183,6076,2066471,878.8,355.7,886.7,309.7,882.75,332.7,0,1,878.8,355.7
183,6077,2066472,878.7,356.1,886.7,309.1,882.7,332.6,0,1,878.7,356.1
183,6078,2066473,878.6,356.8,886.7,308.6,882.65,332.7,0,1,878.6,356.8
183,6079,2066474,878.4,357.6,886.5,308.1,882.45,332.85,0,1,878.4,357.6
183,6080,2066475,878.0,358.8,886.2,307.8,882.1,333.3,0,1,878.0,358.8
183,6081,2066476,877.6,359.9,885.8,307.7,881.7,333.8,0,1,877.6,359.9
183,6082,2066477,877.2,361.0,885.6,307.7,881.4,334.35,0,1,877.2,361.0
183,6083,2066478,876.9,361.8,885.4,307.9,881.15,334.85,0,1,876.9,361.8
183,6084,2066479,876.6,362.5,885.5,308.2,881.05,335.35,0,1,876.6,362.5
183,6085,2066480,876.5,363.1,885.6,308.4,881.05,335.75,0,1,876.5,363.1
183,6086,2066481,876.4,363.7,885.7,308.6,881.05,336.15,0,1,876.4,363.7
183,6087,2066482,876.7,363.8,885.6,308.7,881.15,336.25,0,1,876.7,363.8
183,6088,2066483,877.0,364.0,885.5,308.7,881.25,336.35,0,1,877.0,364.0
183,6089,2066484,877.2,364.1,885.3,308.5,881.25,336.3,0,1,877.2,364.1
183,6090,2066485,877.5,364.2,885.2,308.4,881.35,336.3,0,1,877.5,364.2
183,6091,2066486,877.6,364.4,885.0,308.2,881.3,336.3,0,1,877.6,364.4
183,6092,2066487,877.8,364.4,884.9,308.0,881.35,336.2,0,1,877.8,364.4
183,6093,2066488,877.7,364.7,884.9,307.8,881.3,336.25,0,1,877.7,364.7
183,6094,2066489,877.4,365.6,885.1,307.7,881.25,336.65,0,1,877.4,365.6
183,6095,2066490,877.0,366.5,885.2,307.6,881.1,337.05,0,1,877.0,366.5
183,6096,2066491,876.5,367.5,885.3,307.5,880.9,337.5,0,1,876.5,367.5
183,6097,2066492,875.9,368.4,885.2,307.3,880.55,337.85,0,1,875.9,368.4
183,6098,2066493,875.3,369.3,885.2,306.7,880.25,338.0,0,1,875.3,369.3
183,6099,2066494,875.0,370.2,885.1,306.1,880.05,338.15,0,1,875.0,370.2
183,6100,2066495,874.9,370.9,885.1,305.5,880.0,338.2,0,1,874.9,370.9
184,6101,2066496,874.9,371.0,885.0,305.0,879.95,338.0,0,1,874.9,371.0
184,6102,2066497,874.9,371.0,884.9,304.5,879.9,337.75,0,1,874.9,371.0
184,6103,2066498,875.1,371.0,884.8,304.5,879.95,337.75,0,1,875.1,371.0
184,6104,2066499,875.3,371.1,884.7,304.7,880.0,337.9,0,1,875.3,371.1
184,6105,2066500,875.4,371.2,884.3,305.6,879.85,338.4,0,1,875.4,371.2
184,6106,2066501,875.3,371.4,883.5,306.4,879.4,338.9,0,1,875.3,371.4
184,6107,2066502,875.2,371.4,882.7,307.3,878.95,339.35,0,1,875.2,371.4
184,6108,2066503,875.0,371.4,881.9,308.2,878.45,339.8,0,1,875.0,371.4
184,6109,2066504,874.7,371.1,881.1,309.1,877.9,340.1,0,1,874.7,371.1
184,6110,2066505,874.2,370.8,880.3,309.5,877.25,340.15,0,1,874.2,370.8
184,6111,2066506,873.8,370.4,879.6,309.6,876.7,340.0,0,1,873.8,370.4
184,6112,2066507,873.4,369.9,879.2,309.5,876.3,339.7,0,1,873.4,369.9
184,6113,2066508,872.9,369.2,879.1,309.3,876.0,339.25,0,1,872.9,369.2
184,6114,2066509,872.3,368.6,879.0,309.1,875.65,338.85,0,1,872.3,368.6
184,6115,2066510,871.9,368.2,879.0,308.9,875.45,338.55,0,1,871.9,368.2
184,6116,2066511,871.6,368.1,879.0,308.7,875.3,338.4,0,1,871.6,368.1
184,6117,2066512,871.7,368.0,879.0,308.7,875.35,338.35,0,1,871.7,368.0
184,6118,2066513,871.9,369.4,878.9,308.9,875.4,339.15,0,1,871.9,369.4
184,6119,2066514,872.1,370.8,878.9,309.2,875.5,340.0,0,1,872.1,370.8
184,6120,2066515,872.4,372.3,878.8,309.6,875.6,340.95,0,1,872.4,372.3
184,6121,2066516,872.7,373.8,878.8,310.0,875.75,341.9,0,1,872.7,373.8
184,6122,2066517,872.4,375.2,878.7,310.4,875.55,342.8,0,1,872.4,375.2
184,6123,2066518,872.0,376.5,878.7,310.6,875.35,343.55,0,1,872.0,376.5
184,6124,2066519,871.0,377.8,878.8,310.8,874.9,344.3,0,1,871.0,377.8
184,6125,2066520,870.0,377.6,878.8,311.0,874.4,344.3,0,1,870.0,377.6
184,6126,2066521,868.9,377.4,878.6,311.1,873.75,344.25,0,1,868.9,377.4
184,6127,2066522,867.9,377.2,878.4,310.9,873.15,344.05,0,1,867.9,377.2
184,6128,2066523,866.9,377.1,878.2,310.7,872.55,343.9,0,1,866.9,377.1
184,6129,2066524,866.7,377.0,878.0,310.4,872.35,343.7,0,1,866.7,377.0
184,6130,2066525,866.5,377.0,877.8,310.1,872.15,343.55,0,1,866.5,377.0
184,6131,2066526,866.7,377.0,877.5,309.9,872.1,343.45,0,1,866.7,377.0
184,6132,2066527,866.9,376.0,877.2,309.6,872.05,342.8,0,1,866.9,376.0
184,6133,2066528,867.3,374.9,876.8,309.3,872.05,342.1,0,1,867.3,374.9
185,6134,2066529,867.6,373.8,876.4,309.3,872.0,341.55,0,1,867.6,373.8
185,6135,2066530,867.8,372.9,876.1,309.2,871.95,341.05,0,1,867.8,372.9
185,6136,2066531,867.9,372.3,875.8,309.1,871.85,340.7,0,1,867.9,372.3
185,6137,2066532,867.9,371.7,875.5,309.0,871.7,340.35,0,1,867.9,371.7
185,6138,2066533,867.9,371.2,875.1,308.9,871.5,340.05,0,1,867.9,371.2
185,6139,2066534,867.7,372.0,874.9,308.7,871.3,340.35,0,1,867.7,372.0
185,6140,2066535,867.3,372.8,874.7,308.9,871.0,340.85,0,1,867.3,372.8
185,6141,2066536,866.7,373.6,874.4,309.1,870.55,341.35,0,1,866.7,373.6
185,6142,2066537,866.2,374.2,874.2,309.2,870.2,341.7,0,1,866.2,374.2
185,6143,2066538,865.8,374.5,873.8,309.3,869.8,341.9,0,1,865.8,374.5
185,6144,2066539,865.5,374.8,873.5,309.1,869.5,341.95,0,1,865.5,374.8
185,6145,2066540,865.3,375.1,873.3,309.0,869.3,342.05,0,1,865.3,375.1
185,6146,2066541,865.2,375.4,873.0,308.8,869.1,342.1,0,1,865.2,375.4
185,6147,2066542,865.1,375.8,873.0,308.8,869.05,342.3,0,1,865.1,375.8
185,6148,2066543,865.2,376.3,872.9,309.2,869.05,342.75,0,1,865.2,376.3
185,6149,2066544,865.3,377.1,872.9,309.6,869.1,343.35,0,1,865.3,377.1
185,6150,2066545,865.4,378.0,872.9,310.0,869.15,344.0,0,1,865.4,378.0
185,6151,2066546,865.5,378.9,872.9,310.6,869.2,344.75,0,1,865.5,378.9
185,6152,2066547,865.4,379.5,873.0,310.8,869.2,345.15,0,1,865.4,379.5
185,6153,2066548,865.5,379.8,873.1,311.0,869.3,345.4,0,1,865.5,379.8
185,6154,2066549,865.5,380.0,873.4,310.8,869.45,345.4,0,1,865.5,380.0
185,6155,2066550,865.6,379.9,873.7,310.3,869.65,345.1,0,1,865.6,379.9
185,6156,2066551,865.7,379.4,873.9,309.9,869.8,344.65,0,1,865.7,379.4
185,6157,2066552,865.9,378.9,874.3,309.9,870.1,344.4,0,1,865.9,378.9
185,6158,2066553,866.0,378.2,874.6,310.0,870.3,344.1,0,1,866.0,378.2
185,6159,2066554,866.1,377.7,874.8,310.6,870.45,344.15,0,1,866.1,377.7
185,6160,2066555,866.6,377.4,875.0,311.2,870.8,344.3,0,1,866.6,377.4
185,6161,2066556,867.1,377.1,875.2,311.7,871.15,344.4,0,1,867.1,377.1
185,6162,2066557,867.6,377.1,875.4,312.2,871.5,344.65,0,1,867.6,377.1
185,6163,2066558,868.0,377.3,875.6,312.5,871.8,344.9,0,1,868.0,377.3
185,6164,2066559,868.4,377.7,876.0,312.4,872.2,345.05,0,1,868.4,377.7
185,6165,2066560,868.8,378.2,876.3,312.2,872.55,345.2,0,1,868.8,378.2
185,6166,2066561,869.2,378.8,876.7,311.9,872.95,345.35,0,1,869.2,378.8
186,6167,2066562,869.1,379.4,877.1,311.6,873.1,345.5,0,1,869.1,379.4
186,6168,2066563,869.1,380.0,877.4,311.4,873.25,345.7,0,1,869.1,380.0
186,6169,2066564,869.0,380.5,877.6,311.3,873.3,345.9,0,1,869.0,380.5
186,6170,2066565,869.0,380.9,877.8,311.3,873.4,346.1,0,1,869.0,380.9
186,6171,2066566,869.0,381.2,877.9,311.5,873.45,346.35,0,1,869.0,381.2
186,6172,2066567,869.0,380.6,878.1,311.8,873.55,346.2,0,1,869.0,380.6
186,6173,2066568,869.0,379.9,878.5,312.2,873.75,346.05,0,1,869.0,379.9
186,6174,2066569,869.1,379.0,878.9,312.6,874.0,345.8,0,1,869.1,379.0
186,6175,2066570,869.1,378.1,879.3,312.9,874.2,345.5,0,1,869.1,378.1
186,6176,2066571,869.1,377.3,879.7,312.9,874.4,345.1,0,1,869.1,377.3
186,6177,2066572,869.1,376.6,880.2,312.8,874.65,344.7,0,1,869.1,376.6
186,6178,2066573,868.9,376.5,880.5,312.6,874.7,344.55,0,1,868.9,376.5
186,6179,2066574,868.6,377.7,880.8,312.4,874.7,345.05,0,1,868.6,377.7
186,6180,2066575,868.4,378.9,880.9,312.2,874.65,345.55,0,1,868.4,378.9
186,6181,2066576,868.2,380.3,880.9,312.0,874.55,346.15,0,1,868.2,380.3
186,6182,2066577,868.2,381.7,880.9,311.9,874.55,346.8,0,1,868.2,381.7
186,6183,2066578,868.1,382.9,880.9,311.9,874.5,347.4,0,1,868.1,382.9
186,6184,2066579,868.1,383.9,880.8,312.0,874.45,347.95,0,1,868.1,383.9
186,6185,2066580,868.3,384.3,880.8,312.2,874.55,348.25,0,1,868.3,384.3
186,6186,2066581,868.4,384.2,880.9,312.5,874.65,348.35,0,1,868.4,384.2
186,6187,2066582,868.4,384.2,881.0,312.7,874.7,348.45,0,1,868.4,384.2
186,6188,2066583,868.3,384.2,881.2,312.9,874.75,348.55,0,1,868.3,384.2
186,6189,2066584,868.0,384.3,881.4,313.0,874.7,348.65,0,1,868.0,384.3
186,6190,2066585,867.7,384.3,881.9,313.2,874.8,348.75,0,1,867.7,384.3
186,6191,2066586,867.4,384.3,882.4,313.5,874.9,348.9,0,1,867.4,384.3
186,6192,2066587,867.3,384.4,882.9,313.6,875.1,349.0,0,1,867.3,384.4
186,6193,2066588,867.2,384.6,883.5,313.9,875.35,349.25,0,1,867.2,384.6
186,6194,2066589,867.6,384.7,883.9,314.3,875.75,349.5,0,1,867.6,384.7
186,6195,2066590,868.0,384.7,884.2,314.9,876.1,349.8,0,1,868.0,384.7
186,6196,2066591,868.5,384.6,884.5,316.5,876.5,350.55,0,1,868.5,384.6
186,6197,2066592,868.9,384.5,884.4,318.1,876.65,351.3,0,1,868.9,384.5
186,6198,2066593,869.3,384.6,884.4,319.6,876.85,352.1,0,1,869.3,384.6
186,6199,2066594,869.5,385.1,884.5,321.0,877.0,353.05,0,1,869.5,385.1
186,6200,2066595,869.7,385.6,884.5,322.5,877.1,354.05,0,1,869.7,385.6
187,6201,2066596,869.7,385.9,884.5,323.5,877.1,354.7,0,1,869.7,385.9
187,6202,2066597,869.7,386.2,884.7,324.3,877.2,355.25,0,1,869.7,386.2
187,6203,2066598,869.9,386.8,884.9,324.2,877.4,355.5,0,1,869.9,386.8
187,6204,2066599,870.0,387.4,885.1,324.1,877.55,355.75,0,1,870.0,387.4
187,6205,2066600,870.2,387.9,885.3,324.5,877.75,356.2,0,1,870.2,387.9
187,6206,2066601,870.4,388.0,885.3,324.8,877.85,356.4,0,1,870.4,388.0
187,6207,2066602,870.5,388.4,885.3,325.2,877.9,356.8,0,1,870.5,388.4
187,6208,2066603,870.6,389.0,885.3,325.6,877.95,357.3,0,1,870.6,389.0
187,6209,2066604,870.6,389.8,885.2,326.1,877.9,357.95,0,1,870.6,389.8
187,6210,2066605,870.5,390.4,884.8,326.1,877.65,358.25,0,1,870.5,390.4
187,6211,2066606,870.5,390.9,884.0,326.1,877.25,358.5,0,1,870.5,390.9
187,6212,2066607,870.3,391.3,883.2,325.9,876.75,358.6,0,1,870.3,391.3
187,6213,2066608,870.1,391.5,882.4,325.7,876.25,358.6,0,1,870.1,391.5
187,6214,2066609,870.0,391.5,881.5,325.4,875.75,358.45,0,1,870.0,391.5
187,6215,2066610,869.8,391.2,880.6,325.2,875.2,358.2,0,1,869.8,391.2
187,6216,2066611,869.7,390.9,879.7,324.5,874.7,357.7,0,1,869.7,390.9
187,6217,2066612,869.7,390.7,879.4,324.0,874.55,357.35,0,1,869.7,390.7
187,6218,2066613,869.7,390.2,879.5,323.4,874.6,356.8,0,1,869.7,390.2
187,6219,2066614,870.0,389.8,879.6,322.6,874.8,356.2,0,1,870.0,389.8
187,6220,2066615,870.4,389.5,879.7,321.9,875.05,355.7,0,1,870.4,389.5
187,6221,2066616,870.8,389.2,879.9,321.2,875.35,355.2,0,1,870.8,389.2
187,6222,2066617,871.1,389.0,880.1,320.7,875.6,354.85,0,1,871.1,389.0
187,6223,2066618,871.5,388.9,880.0,321.3,875.75,355.1,0,1,871.5,388.9
187,6224,2066619,871.9,388.8,879.7,321.9,875.8,355.35,0,1,871.9,388.8
187,6225,2066620,872.2,388.9,879.2,322.6,875.7,355.75,0,1,872.2,388.9
187,6226,2066621,872.5,389.4,878.2,323.3,875.35,356.35,0,1,872.5,389.4
187,6227,2066622,872.7,389.8,877.2,324.1,874.95,356.95,0,1,872.7,389.8
187,6228,2066623,872.9,390.4,876.2,324.7,874.55,357.55,0,1,872.9,390.4
187,6229,2066624,873.1,391.3,875.1,325.2,874.1,358.25,0,1,873.1,391.3
187,6230,2066625,873.3,392.1,873.7,325.5,873.5,358.8,0,1,873.3,392.1
187,6231,2066626,873.4,393.0,872.3,325.7,872.85,359.35,0,1,873.4,393.0
187,6232,2066627,873.4,393.5,870.7,326.0,872.05,359.75,0,1,873.4,393.5
187,6233,2066628,873.2,393.8,869.7,326.8,871.45,360.3,0,1,873.2,393.8
188,6234,2066629,872.9,394.0,868.6,327.6,870.75,360.8,0,1,872.9,394.0
188,6235,2066630,872.7,394.2,867.5,328.5,870.1,361.35,0,1,872.7,394.2
188,6236,2066631,872.2,394.0,866.5,329.1,869.35,361.55,0,1,872.2,394.0
188,6237,2066632,871.8,393.2,865.4,329.7,868.6,361.45,0,1,871.8,393.2
188,6238,2066633,871.5,392.3,864.6,330.1,868.05,361.2,0,1,871.5,392.3
188,6239,2066634,871.1,391.7,864.0,330.3,867.55,361.0,0,1,871.1,391.7
188,6240,2066635,870.7,391.3,862.9,330.1,866.8,360.7,0,1,870.7,391.3
188,6241,2066636,870.4,391.0,861.9,329.9,866.15,360.45,0,1,870.4,391.0
188,6242,2066637,870.1,390.8,860.9,329.7,865.5,360.25,0,1,870.1,390.8
188,6243,2066638,869.8,390.6,860.1,329.6,864.95,360.1,0,1,869.8,390.6
188,6244,2066639,869.6,391.1,859.8,329.6,864.7,360.35,0,1,869.6,391.1
188,6245,2066640,868.9,391.7,859.5,329.7,864.2,360.7,0,1,868.9,391.7
188,6246,2066641,868.3,392.1,859.2,329.9,863.75,361.0,0,1,868.3,392.1
188,6247,2066642,867.7,392.5,859.8,330.3,863.75,361.4,0,1,867.7,392.5
188,6248,2066643,867.2,392.8,860.5,330.8,863.85,361.8,0,1,867.2,392.8
188,6249,2066644,866.9,393.1,861.1,331.3,864.0,362.2,0,1,866.9,393.1
188,6250,2066645,866.6,393.3,862.4,332.0,864.5,362.65,0,1,866.6,393.3
188,6251,2066646,866.4,393.6,863.6,333.0,865.0,363.3,0,1,866.4,393.6
188,6252,2066647,866.6,394.1,864.8,333.9,865.7,364.0,0,1,866.6,394.1
188,6253,2066648,866.7,394.7,866.0,334.8,866.35,364.75,0,1,866.7,394.7
188,6254,2066649,866.8,395.3,867.1,335.4,866.95,365.35,0,1,866.8,395.3
188,6255,2066650,866.8,395.9,868.8,336.2,867.8,366.05,0,1,866.8,395.9
188,6256,2066651,866.5,396.4,870.4,336.9,868.45,366.65,0,1,866.5,396.4
188,6257,2066652,866.3,396.9,871.4,337.4,868.85,367.15,0,1,866.3,396.9
188,6258,2066653,865.9,397.3,872.8,337.6,869.35,367.45,0,1,865.9,397.3
188,6259,2066654,865.3,397.4,874.7,337.7,870.0,367.55,0,1,865.3,397.4
188,6260,2066655,864.7,397.2,876.5,337.7,870.6,367.45,0,1,864.7,397.2
188,6261,2066656,864.1,397.0,877.9,337.8,871.0,367.4,0,1,864.1,397.0
188,6262,2066657,863.8,396.8,879.2,337.8,871.5,367.3,0,1,863.8,396.8
188,6263,2066658,863.4,396.6,880.5,338.0,871.95,367.3,0,1,863.4,396.6
188,6264,2066659,863.0,396.4,881.8,338.2,872.4,367.3,0,1,863.0,396.4
188,6265,2066660,862.8,396.3,882.7,338.5,872.75,367.4,0,1,862.8,396.3
188,6266,2066661,862.8,396.3,883.2,338.9,873.0,367.6,0,1,862.8,396.3
189,6267,2066662,862.8,396.0,884.2,339.4,873.5,367.7,0,1,862.8,396.0
189,6268,2066663,862.8,395.6,885.2,339.9,874.0,367.75,0,1,862.8,395.6
189,6269,2066664,862.8,395.1,885.7,340.3,874.25,367.7,0,1,862.8,395.1
189,6270,2066665,862.8,394.5,886.3,340.6,874.55,367.55,0,1,862.8,394.5
189,6271,2066666,863.0,393.4,886.8,340.9,874.9,367.15,0,1,863.0,393.4
189,6272,2066667,863.2,392.2,887.3,341.3,875.25,366.75,0,1,863.2,392.2
189,6273,2066668,863.4,390.9,887.6,341.7,875.5,366.3,0,1,863.4,390.9
189,6274,2066669,863.7,389.8,887.3,342.0,875.5,365.9,0,1,863.7,389.8
189,6275,2066670,864.0,388.8,887.0,342.2,875.5,365.5,0,1,864.0,388.8
189,6276,2066671,864.3,387.9,886.2,342.5,875.25,365.2,0,1,864.3,387.9
189,6277,2066672,864.7,387.2,885.5,342.7,875.1,364.95,0,1,864.7,387.2
189,6278,2066673,864.9,386.9,884.7,342.7,874.8,364.8,0,1,864.9,386.9
189,6279,2066674,865.1,386.9,884.0,342.6,874.55,364.75,0,1,865.1,386.9
189,6280,2066675,865.3,387.2,883.1,342.5,874.2,364.85,0,1,865.3,387.2
189,6281,2066676,865.5,387.8,882.4,342.3,873.95,365.05,0,1,865.5,387.8
189,6282,2066677,865.6,388.5,881.7,342.2,873.65,365.35,0,1,865.6,388.5
189,6283,2066678,865.8,390.1,881.4,342.0,873.6,366.05,0,1,865.8,390.1
189,6284,2066679,865.8,391.8,881.0,341.9,873.4,366.85,0,1,865.8,391.8
189,6285,2066680,865.9,393.5,880.5,342.1,873.2,367.8,0,1,865.9,393.5
189,6286,2066681,866.0,395.0,879.0,342.2,872.5,368.6,0,1,866.0,395.0
189,6287,2066682,866.1,396.2,877.6,342.5,871.85,369.35,0,1,866.1,396.2
189,6288,2066683,866.2,397.2,876.2,342.7,871.2,369.95,0,1,866.2,397.2
189,6289,2066684,866.3,398.2,874.8,342.9,870.55,370.55,0,1,866.3,398.2
189,6290,2066685,866.5,398.2,873.5,343.3,870.0,370.75,0,1,866.5,398.2
189,6291,2066686,866.6,398.3,872.4,344.1,869.5,371.2,0,1,866.6,398.3
189,6292,2066687,866.8,398.5,871.2,344.8,869.0,371.65,0,1,866.8,398.5
189,6293,2066688,867.0,398.7,871.0,345.6,869.0,372.15,0,1,867.0,398.7
189,6294,2066689,867.2,398.9,870.7,346.3,868.95,372.6,0,1,867.2,398.9
189,6295,2066690,867.2,399.0,870.2,346.8,868.7,372.9,0,1,867.2,399.0
189,6296,2066691,867.2,399.0,869.6,347.3,868.4,373.15,0,1,867.2,399.0
189,6297,2066692,867.2,399.0,868.7,347.8,867.95,373.4,0,1,867.2,399.0
189,6298,2066693,867.2,398.9,867.7,348.3,867.45,373.6,0,1,867.2,398.9
189,6299,2066694,867.1,398.7,866.8,348.8,866.95,373.75,0,1,867.1,398.7
189,6300,2066695,867.1,398.4,865.9,349.3,866.5,373.85,0,1,867.1,398.4
190,6301,2066696,867.2,398.2,865.4,349.8,866.3,374.0,0,1,867.2,398.2
190,6302,2066697,867.3,398.2,865.1,350.7,866.2,374.45,0,1,867.3,398.2
190,6303,2066698,867.5,398.2,865.1,351.6,866.3,374.9,0,1,867.5,398.2
190,6304,2066699,867.8,398.3,865.2,352.3,866.5,375.3,0,1,867.8,398.3
190,6305,2066700,868.0,398.6,865.6,352.7,866.8,375.65,0,1,868.0,398.6
190,6306,2066701,868.2,398.8,866.0,353.0,867.1,375.9,0,1,868.2,398.8
190,6307,2066702,868.3,399.1,866.6,353.2,867.45,376.15,0,1,868.3,399.1
190,6308,2066703,868.1,399.4,867.0,353.5,867.55,376.45,0,1,868.1,399.4
190,6309,2066704,867.5,399.6,867.5,354.3,867.5,376.95,0,1,867.5,399.6
190,6310,2066705,866.8,399.9,868.3,355.1,867.55,377.5,0,1,866.8,399.9
190,6311,2066706,866.2,400.1,869.1,355.9,867.65,378.0,0,1,866.2,400.1
190,6312,2066707,865.5,400.5,869.9,356.7,867.7,378.6,0,1,865.5,400.5
190,6313,2066708,864.7,400.9,870.6,357.4,867.65,379.15,0,1,864.7,400.9
190,6314,2066709,863.9,401.3,871.5,357.8,867.7,379.55,0,1,863.9,401.3
190,6315,2066710,862.8,401.6,872.3,358.2,867.55,379.9,0,1,862.8,401.6
190,6316,2066711,862.3,402.0,873.0,358.0,867.65,380.0,0,1,862.3,402.0
190,6317,2066712,861.6,402.2,873.3,357.7,867.45,379.95,0,1,861.6,402.2
190,6318,2066713,861.0,402.4,873.4,357.2,867.2,379.8,0,1,861.0,402.4
190,6319,2066714,860.4,401.9,873.6,356.7,867.0,379.3,0,1,860.4,401.9
190,6320,2066715,859.9,400.8,873.8,356.3,866.85,378.55,0,1,859.9,400.8
190,6321,2066716,859.6,399.8,873.8,356.3,866.7,378.05,0,1,859.6,399.8
190,6322,2066717,859.6,399.0,873.8,356.2,866.7,377.6,0,1,859.6,399.0
190,6323,2066718,859.5,398.8,873.8,356.0,866.65,377.4,0,1,859.5,398.8
190,6324,2066719,859.5,398.5,873.9,355.7,866.7,377.1,0,1,859.5,398.5
190,6325,2066720,859.4,398.3,874.2,355.5,866.8,376.9,0,1,859.4,398.3
190,6326,2066721,859.4,398.3,874.4,355.3,866.9,376.8,0,1,859.4,398.3
190,6327,2066722,859.3,398.9,874.6,355.1,866.95,377.0,0,1,859.3,398.9
190,6328,2066723,859.3,399.3,874.6,354.7,866.95,377.0,0,1,859.3,399.3
190,6329,2066724,859.4,399.5,874.7,354.3,867.05,376.9,0,1,859.4,399.5
190,6330,2066725,859.4,398.9,874.8,353.7,867.1,376.3,0,1,859.4,398.9
190,6331,2066726,859.7,398.3,874.8,353.3,867.25,375.8,0,1,859.7,398.3
190,6332,2066727,859.8,397.7,874.8,352.9,867.3,375.3,0,1,859.8,397.7
190,6333,2066728,859.8,397.3,874.7,352.1,867.25,374.7,0,1,859.8,397.3
191,6334,2066729,859.0,396.9,874.6,351.1,866.8,374.0,0,1,859.0,396.9
191,6335,2066730,856.5,396.4,874.5,350.2,865.5,373.3,0,1,856.5,396.4
191,6336,2066731,851.5,396.1,873.3,349.3,862.4,372.7,0,1,851.5,396.1
191,6337,2066732,843.1,395.9,870.8,349.2,856.95,372.55,0,1,843.1,395.9
191,6338,2066733,831.7,396.0,865.5,349.4,848.6,372.7,0,1,831.7,396.0
191,6339,2066734,817.3,397.5,858.1,350.7,837.7,374.1,0,1,817.3,397.5
191,6340,2066735,799.8,400.2,848.0,353.8,823.9,377.0,0,1,799.8,400.2
191,6341,2066736,779.8,403.9,835.1,358.0,807.45,380.95,0,1,779.8,403.9
191,6342,2066737,758.5,407.6,818.4,362.7,788.45,385.15,0,1,758.5,407.6
191,6343,2066738,736.4,411.5,800.0,367.4,768.2,389.45,0,1,736.4,411.5
191,6344,2066739,715.9,415.5,779.4,375.9,747.65,395.7,0,1,715.9,415.5
191,6345,2066740,695.4,420.3,758.5,385.8,726.95,403.05,0,1,695.4,420.3
191,6346,2066741,675.8,425.4,737.0,394.9,706.4,410.15,0,1,675.8,425.4
191,6347,2066742,656.7,429.2,715.5,402.8,686.1,416.0,0,1,656.7,429.2
191,6348,2066743,638.8,432.1,693.3,411.3,666.05,421.7,0,1,638.8,432.1
191,6349,2066744,622.1,435.9,672.5,420.1,647.3,428.0,0,1,622.1,435.9
191,6350,2066745,607.2,439.6,651.7,428.9,629.45,434.25,0,1,607.2,439.6
191,6351,2066746,591.2,443.2,632.2,433.7,611.7,438.45,0,1,591.2,443.2
191,6352,2066747,576.9,445.5,614.4,436.7,595.65,441.1,0,1,576.9,445.5
191,6353,2066748,563.4,446.2,599.4,439.4,581.4,442.8,0,1,563.4,446.2
191,6354,2066749,551.3,446.8,584.2,442.0,567.75,444.4,0,1,551.3,446.8
191,6355,2066750,540.3,446.6,571.2,442.9,555.75,444.75,0,1,540.3,446.6
191,6356,2066751,529.2,445.7,560.7,442.9,544.95,444.3,0,1,529.2,445.7
191,6357,2066752,517.9,444.7,550.8,442.8,534.35,443.75,0,1,517.9,444.7
191,6358,2066753,507.9,443.8,542.3,442.6,525.1,443.2,0,1,507.9,443.8
191,6359,2066754,498.7,442.9,533.5,442.5,516.1,442.7,0,1,498.7,442.9
191,6360,2066755,490.1,442.2,522.8,442.5,506.45,442.35,0,1,490.1,442.2
191,6361,2066756,482.8,441.6,514.3,442.5,498.55,442.05,0,1,482.8,441.6
191,6362,2066757,476.4,442.0,506.9,442.6,491.65,442.3,0,1,476.4,442.0
191,6363,2066758,471.7,442.6,499.4,442.9,485.55,442.75,0,1,471.7,442.6
191,6364,2066759,468.5,443.2,494.1,443.9,481.3,443.55,0,1,468.5,443.2
191,6365,2066760,466.8,443.9,489.6,444.9,478.2,444.4,0,1,466.8,443.9
191,6366,2066761,465.6,444.5,487.0,445.8,476.3,445.15,0,1,465.6,444.5
192,6367,2066762,465.3,444.9,487.2,446.7,476.25,445.8,0,1,465.3,444.9
192,6368,2066763,465.4,445.3,488.2,447.7,476.8,446.5,0,1,465.4,445.3
192,6369,2066764,466.2,445.3,489.8,448.8,478.0,447.05,0,1,466.2,445.3
192,6370,2066765,467.2,445.2,492.1,450.2,479.65,447.7,0,1,467.2,445.2
192,6371,2066766,468.9,445.1,494.9,450.9,481.9,448.0,0,1,468.9,445.1
192,6372,2066767,470.7,444.7,498.2,451.4,484.45,448.05,0,1,470.7,444.7
192,6373,2066768,472.5,444.1,501.6,451.9,487.05,448.0,0,1,472.5,444.1
192,6374,2066769,474.9,442.6,504.3,451.9,489.6,447.25,0,1,474.9,442.6
192,6375,2066770,477.1,441.1,507.1,451.7,492.1,446.4,0,1,477.1,441.1
192,6376,2066771,478.6,439.7,509.7,450.6,494.15,445.15,0,1,478.6,439.7
192,6377,2066772,480.1,438.2,511.6,448.9,495.85,443.55,0,1,480.1,438.2
192,6378,2066773,480.9,436.8,513.0,447.2,496.95,442.0,0,1,480.9,436.8
192,6379,2066774,481.6,435.6,513.8,445.4,497.7,440.5,0,1,481.6,435.6
192,6380,2066775,482.1,434.6,514.2,443.7,498.15,439.15,0,1,482.1,434.6
192,6381,2066776,481.9,434.6,514.6,442.5,498.25,438.55,0,1,481.9,434.6
192,6382,2066777,481.7,434.7,514.4,441.2,498.05,437.95,0,1,481.7,434.7
192,6383,2066778,481.5,434.8,514.1,441.1,497.8,437.95,0,1,481.5,434.8
192,6384,2066779,481.4,434.8,513.7,441.2,497.55,438.0,0,1,481.4,434.8
192,6385,2066780,481.4,434.8,513.3,441.4,497.35,438.1,0,1,481.4,434.8
192,6386,2066781,481.5,434.9,513.1,441.9,497.3,438.4,0,1,481.5,434.9
192,6387,2066782,481.5,435.2,513.2,442.3,497.35,438.75,0,1,481.5,435.2
192,6388,2066783,481.4,436.0,513.5,442.7,497.45,439.35,0,1,481.4,436.0
192,6389,2066784,480.8,437.0,513.7,443.2,497.25,440.1,0,1,480.8,437.0
192,6390,2066785,480.2,438.0,514.0,443.5,497.1,440.75,0,1,480.2,438.0
192,6391,2066786,479.6,439.1,514.4,443.9,497.0,441.5,0,1,479.6,439.1
192,6392,2066787,478.9,440.3,514.9,444.1,496.9,442.2,0,1,478.9,440.3
192,6393,2066788,478.1,441.5,515.6,444.3,496.85,442.9,0,1,478.1,441.5
192,6394,2066789,477.6,442.8,515.9,444.4,496.75,443.6,0,1,477.6,442.8
192,6395,2066790,477.2,443.7,516.4,444.1,496.8,443.9,0,1,477.2,443.7
192,6396,2066791,477.5,444.3,517.1,443.7,497.3,444.0,0,1,477.5,444.3
192,6397,2066792,477.9,444.8,517.8,443.3,497.85,444.05,0,1,477.9,444.8
192,6398,2066793,478.2,445.4,518.5,442.9,498.35,444.15,0,1,478.2,445.4
192,6399,2066794,478.5,445.9,519.4,442.7,498.95,444.3,0,1,478.5,445.9
192,6400,2066795,478.8,446.4,520.1,442.7,499.45,444.55,0,1,478.8,446.4
193,6401,2066796,479.0,446.9,520.7,442.8,499.85,444.85,0,1,479.0,446.9
193,6402,2066797,479.1,447.4,521.1,443.3,500.1,445.35,0,1,479.1,447.4
193,6403,2066798,479.1,447.9,521.2,444.0,500.15,445.95,0,1,479.1,447.9
193,6404,2066799,479.1,447.9,521.0,444.8,500.05,446.35,0,1,479.1,447.9
193,6405,2066800,479.1,447.7,520.3,445.8,499.7,446.75,0,1,479.1,447.7
193,6406,2066801,479.2,447.6,519.5,446.9,499.35,447.25,0,1,479.2,447.6
193,6407,2066802,479.3,447.3,518.6,447.8,498.95,447.55,0,1,479.3,447.3
193,6408,2066803,480.0,446.7,516.9,448.7,498.45,447.7,0,1,480.0,446.7
193,6409,2066804,480.6,446.1,515.2,449.5,497.9,447.8,0,1,480.6,446.1
193,6410,2066805,481.2,445.5,513.5,450.2,497.35,447.85,0,1,481.2,445.5
193,6411,2066806,481.7,445.8,512.0,450.8,496.85,448.3,0,1,481.7,445.8
193,6412,2066807,482.2,446.2,510.9,451.2,496.55,448.7,0,1,482.2,446.2
193,6413,2066808,482.7,446.7,509.6,451.3,496.15,449.0,0,1,482.7,446.7
193,6414,2066809,483.2,447.3,508.3,451.5,495.75,449.4,0,1,483.2,447.3
193,6415,2066810,483.2,448.3,507.9,451.6,495.55,449.95,0,1,483.2,448.3
193,6416,2066811,483.2,449.3,507.4,451.8,495.3,450.55,0,1,483.2,449.3
193,6417,2066812,482.8,450.3,506.8,452.0,494.8,451.15,0,1,482.8,450.3
193,6418,2066813,482.4,451.0,506.4,452.7,494.4,451.85,0,1,482.4,451.0
193,6419,2066814,481.9,451.7,505.9,453.9,493.9,452.8,0,1,481.9,451.7
193,6420,2066815,481.5,452.0,505.2,455.0,493.35,453.5,0,1,481.5,452.0
193,6421,2066816,481.2,452.3,504.6,456.1,492.9,454.2,0,1,481.2,452.3
193,6422,2066817,481.2,452.3,503.7,457.1,492.45,454.7,0,1,481.2,452.3
193,6423,2066818,481.3,452.5,502.9,458.2,492.1,455.35,0,1,481.3,452.5
193,6424,2066819,481.7,452.7,502.2,459.2,491.95,455.95,0,1,481.7,452.7
193,6425,2066820,482.0,453.2,501.6,459.7,491.8,456.45,0,1,482.0,453.2
193,6426,2066821,482.2,453.7,501.0,459.7,491.6,456.7,0,1,482.2,453.7
193,6427,2066822,482.3,454.5,500.7,459.7,491.5,457.1,0,1,482.3,454.5
193,6428,2066823,482.4,455.1,500.5,459.8,491.45,457.45,0,1,482.4,455.1
193,6429,2066824,482.3,455.7,500.5,459.8,491.4,457.75,0,1,482.3,455.7
193,6430,2066825,482.2,455.6,500.5,459.9,491.35,457.75,0,1,482.2,455.6
193,6431,2066826,482.0,455.6,500.5,459.9,491.25,457.75,0,1,482.0,455.6
193,6432,2066827,481.9,455.2,500.4,460.0,491.15,457.6,0,1,481.9,455.2
193,6433,2066828,481.9,455.1,500.1,460.8,491.0,457.95,0,1,481.9,455.1
194,6434,2066829,481.9,455.1,499.8,461.8,490.85,458.45,0,1,481.9,455.1
194,6435,2066830,481.8,455.3,499.4,462.9,490.6,459.1,0,1,481.8,455.3
194,6436,2066831,481.6,455.4,499.0,464.2,490.3,459.8,0,1,481.6,455.4
194,6437,2066832,481.4,455.8,498.5,465.5,489.95,460.65,0,1,481.4,455.8
194,6438,2066833,481.3,456.2,498.1,466.8,489.7,461.5,0,1,481.3,456.2
194,6439,2066834,480.9,456.6,497.8,468.0,489.35,462.3,0,1,480.9,456.6
194,6440,2066835,480.7,457.2,497.6,468.4,489.15,462.8,0,1,480.7,457.2
194,6441,2066836,480.4,457.6,497.5,468.4,488.95,463.0,0,1,480.4,457.6
194,6442,2066837,480.3,457.9,497.3,468.4,488.8,463.15,0,1,480.3,457.9
194,6443,2066838,480.1,458.3,497.2,468.3,488.65,463.3,0,1,480.1,458.3
194,6444,2066839,480.0,458.8,497.1,468.2,488.55,463.5,0,1,480.0,458.8
194,6445,2066840,479.8,459.1,497.1,468.4,488.45,463.75,0,1,479.8,459.1
194,6446,2066841,479.7,459.2,497.1,468.8,488.4,464.0,0,1,479.7,459.2
194,6447,2066842,479.6,459.1,497.2,469.4,488.4,464.25,0,1,479.6,459.1
194,6448,2066843,479.6,459.1,497.3,470.1,488.45,464.6,0,1,479.6,459.1
194,6449,2066844,479.5,459.1,497.4,470.7,488.45,464.9,0,1,479.5,459.1
194,6450,2066845,479.6,459.2,497.7,471.3,488.65,465.25,0,1,479.6,459.2
194,6451,2066846,479.7,459.5,498.2,471.6,488.95,465.55,0,1,479.7,459.5
194,6452,2066847,479.9,459.9,498.6,471.7,489.25,465.8,0,1,479.9,459.9
194,6453,2066848,480.0,460.3,499.2,471.8,489.6,466.05,0,1,480.0,460.3
194,6454,2066849,479.8,460.7,499.9,471.7,489.85,466.2,0,1,479.8,460.7
194,6455,2066850,479.6,461.0,500.5,471.8,490.05,466.4,0,1,479.6,461.0
194,6456,2066851,479.5,461.3,501.1,471.9,490.3,466.6,0,1,479.5,461.3
194,6457,2066852,479.2,461.3,501.4,472.1,490.3,466.7,0,1,479.2,461.3
194,6458,2066853,478.9,461.0,501.5,472.4,490.2,466.7,0,1,478.9,461.0
194,6459,2066854,478.6,460.6,502.0,472.6,490.3,466.6,0,1,478.6,460.6
194,6460,2066855,478.4,460.0,502.3,473.0,490.35,466.5,0,1,478.4,460.0
194,6461,2066856,478.5,459.6,502.5,473.5,490.5,466.55,0,1,478.5,459.6
194,6462,2066857,478.7,459.3,502.7,473.8,490.7,466.55,0,1,478.7,459.3
194,6463,2066858,479.2,459.1,503.0,474.2,491.1,466.65,0,1,479.2,459.1
194,6464,2066859,479.7,459.0,503.3,474.5,491.5,466.75,0,1,479.7,459.0
194,6465,2066860,480.2,459.1,503.5,474.8,491.85,466.95,0,1,480.2,459.1
194,6466,2066861,480.7,459.2,503.3,475.1,492.0,467.15,0,1,480.7,459.2
195,6467,2066862,481.0,459.5,503.1,475.4,492.05,467.45,0,1,481.0,459.5
195,6468,2066863,481.2,459.6,503.0,475.6,492.1,467.6,0,1,481.2,459.6
195,6469,2066864,481.3,459.6,502.8,476.3,492.05,467.95,0,1,481.3,459.6
195,6470,2066865,480.9,459.5,502.6,477.1,491.75,468.3,0,1,480.9,459.5
195,6471,2066866,480.7,459.4,502.6,477.7,491.65,468.55,0,1,480.7,459.4
195,6472,2066867,480.5,459.2,502.6,478.4,491.55,468.8,0,1,480.5,459.2
195,6473,2066868,480.3,459.1,502.7,479.1,491.5,469.1,0,1,480.3,459.1
195,6474,2066869,480.2,459.3,502.7,479.6,491.45,469.45,0,1,480.2,459.3
195,6475,2066870,480.2,459.5,503.0,479.9,491.6,469.7,0,1,480.2,459.5
195,6476,2066871,480.3,459.8,503.3,479.6,491.8,469.7,0,1,480.3,459.8
195,6477,2066872,480.4,460.3,503.7,479.3,492.05,469.8,0,1,480.4,460.3
195,6478,2066873,480.4,460.7,503.9,479.2,492.15,469.95,0,1,480.4,460.7
195,6479,2066874,480.3,460.9,504.1,479.1,492.2,470.0,0,1,480.3,460.9
195,6480,2066875,480.3,461.1,504.2,479.0,492.25,470.05,0,1,480.3,461.1
195,6481,2066876,480.3,461.1,504.3,478.7,492.3,469.9,0,1,480.3,461.1
195,6482,2066877,480.4,461.3,504.2,478.9,492.3,470.1,0,1,480.4,461.3
195,6483,2066878,480.4,461.3,504.0,479.3,492.2,470.3,0,1,480.4,461.3
195,6484,2066879,480.4,461.3,504.3,479.7,492.35,470.5,0,1,480.4,461.3
195,6485,2066880,480.4,461.2,504.5,479.9,492.45,470.55,0,1,480.4,461.2
195,6486,2066881,480.5,460.9,504.8,480.2,492.65,470.55,0,1,480.5,460.9
195,6487,2066882,480.5,460.8,505.2,480.5,492.85,470.65,0,1,480.5,460.8
195,6488,2066883,480.4,460.9,505.5,480.9,492.95,470.9,0,1,480.4,460.9
195,6489,2066884,480.2,460.9,505.7,481.2,492.95,471.05,0,1,480.2,460.9
195,6490,2066885,480.0,460.7,505.8,481.1,492.9,470.9,0,1,480.0,460.7
195,6491,2066886,479.9,460.3,505.6,480.9,492.75,470.6,0,1,479.9,460.3
195,6492,2066887,479.7,460.2,505.2,480.3,492.45,470.25,0,1,479.7,460.2
195,6493,2066888,479.3,460.3,504.9,479.7,492.1,470.0,0,1,479.3,460.3
195,6494,2066889,478.8,460.3,504.6,479.1,491.7,469.7,0,1,478.8,460.3
195,6495,2066890,478.4,460.0,504.3,478.7,491.35,469.35,0,1,478.4,460.0
195,6496,2066891,478.2,459.8,504.3,478.3,491.25,469.05,0,1,478.2,459.8
195,6497,2066892,477.9,459.8,504.6,478.0,491.25,468.9,0,1,477.9,459.8
195,6498,2066893,477.7,460.2,504.9,477.8,491.3,469.0,0,1,477.7,460.2
195,6499,2066894,477.5,460.7,505.3,478.1,491.4,469.4,0,1,477.5,460.7
195,6500,2066895,477.4,461.2,505.7,478.2,491.55,469.7,0,1,477.4,461.2
196,6501,2066896,477.5,462.6,505.3,478.3,491.4,470.45,0,1,477.5,462.6
196,6502,2066897,477.6,463.9,505.0,478.1,491.3,471.0,0,1,477.6,463.9
196,6503,2066898,477.7,465.3,504.4,477.9,491.05,471.6,0,1,477.7,465.3
196,6504,2066899,477.7,466.6,503.6,477.8,490.65,472.2,0,1,477.7,466.6
196,6505,2066900,477.7,467.4,502.7,477.7,490.2,472.55,0,1,477.7,467.4
196,6506,2066901,477.7,468.0,501.5,477.7,489.6,472.85,0,1,477.7,468.0
196,6507,2066902,477.6,468.6,500.3,478.6,488.95,473.6,0,1,477.6,468.6
196,6508,2066903,477.2,468.4,499.9,479.5,488.55,473.95,0,1,477.2,468.4
196,6509,2066904,476.7,468.3,499.4,480.4,488.05,474.35,0,1,476.7,468.3
196,6510,2066905,476.2,468.6,499.1,481.1,487.65,474.85,0,1,476.2,468.6
196,6511,2066906,475.7,468.8,498.8,481.0,487.25,474.9,0,1,475.7,468.8
196,6512,2066907,475.7,469.4,498.5,480.8,487.1,475.1,0,1,475.7,469.4
196,6513,2066908,475.7,470.1,498.2,480.3,486.95,475.2,0,1,475.7,470.1
196,6514,2066909,475.6,470.7,497.8,479.2,486.7,474.95,0,1,475.6,470.7
196,6515,2066910,476.0,471.2,497.4,478.2,486.7,474.7,0,1,476.0,471.2
196,6516,2066911,476.5,471.4,496.9,477.2,486.7,474.3,0,1,476.5,471.4
196,6517,2066912,476.7,471.4,496.1,476.4,486.4,473.9,0,1,476.7,471.4
196,6518,2066913,476.3,471.3,495.2,476.7,485.75,474.0,0,1,476.3,471.3
196,6519,2066914,475.6,471.1,494.4,477.3,485.0,474.2,0,1,475.6,471.1
196,6520,2066915,474.9,470.9,493.8,477.9,484.35,474.4,0,1,474.9,470.9
196,6521,2066916,474.5,471.0,493.3,478.4,483.9,474.7,0,1,474.5,471.0
196,6522,2066917,474.0,471.1,493.0,478.9,483.5,475.0,0,1,474.0,471.1
196,6523,2066918,473.6,471.3,492.7,479.3,483.15,475.3,0,1,473.6,471.3
196,6524,2066919,473.4,471.3,492.6,479.5,483.0,475.4,0,1,473.4,471.3
196,6525,2066920,473.8,471.3,492.4,479.3,483.1,475.3,0,1,473.8,471.3
196,6526,2066921,474.1,471.2,492.4,479.1,483.25,475.15,0,1,474.1,471.2
196,6527,2066922,474.4,471.1,492.4,479.1,483.4,475.1,0,1,474.4,471.1
196,6528,2066923,474.5,470.7,492.7,479.1,483.6,474.9,0,1,474.5,470.7
196,6529,2066924,474.6,470.3,493.0,479.3,483.8,474.8,0,1,474.6,470.3
196,6530,2066925,474.7,469.9,493.2,479.6,483.95,474.75,0,1,474.7,469.9
196,6531,2066926,474.8,469.6,493.4,480.1,484.1,474.85,0,1,474.8,469.6
196,6532,2066927,474.8,469.4,493.6,480.4,484.2,474.9,0,1,474.8,469.4
196,6533,2066928,474.7,469.2,493.8,480.3,484.25,474.75,0,1,474.7,469.2
197,6534,2066929,474.4,468.8,493.9,480.1,484.15,474.45,0,1,474.4,468.8
197,6535,2066930,474.2,468.2,493.6,480.0,483.9,474.1,0,1,474.2,468.2
197,6536,2066931,473.9,467.8,493.4,480.2,483.65,474.0,0,1,473.9,467.8
197,6537,2066932,473.5,467.4,493.3,480.4,483.4,473.9,0,1,473.5,467.4
197,6538,2066933,473.2,466.9,493.3,480.6,483.25,473.75,0,1,473.2,466.9
197,6539,2066934,472.9,466.2,493.6,480.9,483.25,473.55,0,1,472.9,466.2
197,6540,2066935,472.7,465.4,493.8,481.3,483.25,473.35,0,1,472.7,465.4
197,6541,2066936,472.7,464.9,494.1,481.7,483.4,473.3,0,1,472.7,464.9
197,6542,2066937,472.6,464.5,494.4,481.5,483.5,473.0,0,1,472.6,464.5
197,6543,2066938,472.4,464.4,494.6,480.9,483.5,472.65,0,1,472.4,464.4
197,6544,2066939,472.2,464.6,494.6,480.3,483.4,472.45,0,1,472.2,464.6
197,6545,2066940,472.0,464.8,494.4,479.7,483.2,472.25,0,1,472.0,464.8
197,6546,2066941,471.7,465.4,494.2,479.1,482.95,472.25,0,1,471.7,465.4
197,6547,2066942,471.3,465.8,494.0,478.6,482.65,472.2,0,1,471.3,465.8
197,6548,2066943,471.0,466.1,493.9,478.1,482.45,472.1,0,1,471.0,466.1
197,6549,2066944,470.8,465.9,493.8,477.9,482.3,471.9,0,1,470.8,465.9
197,6550,2066945,471.0,465.4,493.8,477.8,482.4,471.6,0,1,471.0,465.4
197,6551,2066946,471.1,464.7,493.9,477.3,482.5,471.0,0,1,471.1,464.7
197,6552,2066947,471.2,464.3,494.1,476.5,482.65,470.4,0,1,471.2,464.3
197,6553,2066948,471.3,463.9,494.4,475.8,482.85,469.85,0,1,471.3,463.9
197,6554,2066949,471.4,463.6,494.5,474.9,482.95,469.25,0,1,471.4,463.6
197,6555,2066950,471.5,463.6,494.7,474.1,483.1,468.85,0,1,471.5,463.6
197,6556,2066951,471.5,464.3,494.7,473.3,483.1,468.8,0,1,471.5,464.3
197,6557,2066952,471.5,465.0,494.8,472.5,483.15,468.75,0,1,471.5,465.0
197,6558,2066953,471.5,465.7,494.8,472.0,483.15,468.85,0,1,471.5,465.7
197,6559,2066954,471.6,466.1,494.8,471.9,483.2,469.0,0,1,471.6,466.1
197,6560,2066955,471.6,467.0,494.8,472.1,483.2,469.55,0,1,471.6,467.0
197,6561,2066956,471.3,467.9,495.0,472.3,483.15,470.1,0,1,471.3,467.9
197,6562,2066957,470.9,468.6,495.2,472.5,483.05,470.55,0,1,470.9,468.6
197,6563,2066958,470.4,469.2,495.7,472.8,483.05,471.0,0,1,470.4,469.2
197,6564,2066959,469.9,469.7,496.0,472.9,482.95,471.3,0,1,469.9,469.7
197,6565,2066960,469.4,470.1,496.3,473.0,482.85,471.55,0,1,469.4,470.1
197,6566,2066961,468.9,470.2,496.5,473.2,482.7,471.7,0,1,468.9,470.2
198,6567,2066962,468.5,469.7,496.7,473.2,482.6,471.45,0,1,468.5,469.7
198,6568,2066963,468.3,469.2,496.7,473.1,482.5,471.15,0,1,468.3,469.2
198,6569,2066964,468.3,468.7,496.5,473.0,482.4,470.85,0,1,468.3,468.7
198,6570,2066965,468.3,468.2,496.3,472.6,482.3,470.4,0,1,468.3,468.2
198,6571,2066966,468.4,467.8,496.2,471.9,482.3,469.85,0,1,468.4,467.8
198,6572,2066967,468.5,467.4,496.1,471.3,482.3,469.35,0,1,468.5,467.4
198,6573,2066968,468.4,467.4,496.0,470.6,482.2,469.0,0,1,468.4,467.4
198,6574,2066969,468.4,467.4,495.8,469.9,482.1,468.65,0,1,468.4,467.4
198,6575,2066970,468.3,467.5,495.6,469.4,481.95,468.45,0,1,468.3,467.5
198,6576,2066971,468.2,467.5,495.2,469.1,481.7,468.3,0,1,468.2,467.5
198,6577,2066972,468.0,467.4,494.7,469.1,481.35,468.25,0,1,468.0,467.4
198,6578,2066973,467.8,467.2,494.2,469.7,481.0,468.45,0,1,467.8,467.2
198,6579,2066974,467.5,466.9,493.7,470.2,480.6,468.55,0,1,467.5,466.9
198,6580,2066975,467.7,466.7,493.4,470.4,480.55,468.55,0,1,467.7,466.7
198,6581,2066976,467.9,466.4,493.2,469.7,480.55,468.05,0,1,467.9,466.4
198,6582,2066977,468.1,466.1,493.1,468.9,480.6,467.5,0,1,468.1,466.1
198,6583,2066978,468.4,465.9,493.1,468.1,480.75,467.0,0,1,468.4,465.9
198,6584,2066979,468.8,465.9,493.1,467.2,480.95,466.55,0,1,468.8,465.9
198,6585,2066980,469.1,466.0,493.2,466.5,481.15,466.25,0,1,469.1,466.0
198,6586,2066981,469.4,466.2,493.2,465.9,481.3,466.05,0,1,469.4,466.2
198,6587,2066982,469.4,466.3,493.2,465.5,481.3,465.9,0,1,469.4,466.3
198,6588,2066983,469.4,466.7,493.2,466.0,481.3,466.35,0,1,469.4,466.7
198,6589,2066984,469.4,467.3,493.1,466.5,481.25,466.9,0,1,469.4,467.3
198,6590,2066985,469.6,467.8,493.2,466.8,481.4,467.3,0,1,469.6,467.8
198,6591,2066986,469.8,468.1,493.9,467.1,481.85,467.6,0,1,469.8,468.1
198,6592,2066987,470.0,468.3,494.7,467.0,482.35,467.65,0,1,470.0,468.3
198,6593,2066988,470.2,468.4,495.3,466.9,482.75,467.65,0,1,470.2,468.4
198,6594,2066989,470.4,468.4,495.8,466.7,483.1,467.55,0,1,470.4,468.4
198,6595,2066990,470.6,468.0,496.3,466.5,483.45,467.25,0,1,470.6,468.0
198,6596,2066991,470.8,466.1,496.8,466.1,483.8,466.1,0,1,470.8,466.1
198,6597,2066992,470.8,464.2,497.3,465.7,484.05,464.95,0,1,470.8,464.2
198,6598,2066993,470.5,462.5,497.0,465.3,483.75,463.9,0,1,470.5,462.5
198,6599,2066994,470.2,461.2,496.8,465.1,483.5,463.15,0,1,470.2,461.2
198,6600,2066995,469.8,460.6,496.6,465.0,483.2,462.8,0,1,469.8,460.6
199,6601,2066996,469.3,460.6,496.6,465.2,482.95,462.9,0,1,469.3,460.6
199,6602,2066997,468.9,460.8,496.3,465.5,482.6,463.15,0,1,468.9,460.8
199,6603,2066998,468.4,462.2,495.8,466.3,482.1,464.25,0,1,468.4,462.2
199,6604,2066999,468.0,463.6,495.3,467.2,481.65,465.4,0,1,468.0,463.6
199,6605,2067000,467.8,464.9,494.7,468.2,481.25,466.55,0,1,467.8,464.9
199,6606,2067001,467.6,465.9,494.1,469.0,480.85,467.45,0,1,467.6,465.9
199,6607,2067002,467.6,466.2,493.5,469.9,480.55,468.05,0,1,467.6,466.2
199,6608,2067003,467.6,466.0,492.9,470.6,480.25,468.3,0,1,467.6,466.0
199,6609,2067004,467.7,465.8,492.5,471.2,480.1,468.5,0,1,467.7,465.8
199,6610,2067005,467.9,465.4,492.4,471.4,480.15,468.4,0,1,467.9,465.4
199,6611,2067006,468.0,465.0,492.4,471.8,480.2,468.4,0,1,468.0,465.0
199,6612,2067007,468.2,464.6,492.4,472.1,480.3,468.35,0,1,468.2,464.6
199,6613,2067008,468.4,464.4,492.5,472.4,480.45,468.4,0,1,468.4,464.4
199,6614,2067009,468.3,464.4,492.7,472.5,480.5,468.45,0,1,468.3,464.4
199,6615,2067010,468.0,465.3,493.0,472.3,480.5,468.8,0,1,468.0,465.3
199,6616,2067011,467.7,466.3,493.3,472.2,480.5,469.25,0,1,467.7,466.3
199,6617,2067012,467.4,467.4,493.7,472.1,480.55,469.75,0,1,467.4,467.4
199,6618,2067013,467.0,468.5,493.9,471.9,480.45,470.2,0,1,467.0,468.5
199,6619,2067014,466.8,469.6,494.1,471.8,480.45,470.7,0,1,466.8,469.6
199,6620,2067015,466.5,470.2,494.2,471.8,480.35,471.0,0,1,466.5,470.2
199,6621,2067016,466.6,470.4,494.2,471.8,480.4,471.1,0,1,466.6,470.4
199,6622,2067017,466.7,469.8,494.1,472.1,480.4,470.95,0,1,466.7,469.8
199,6623,2067018,466.9,469.2,493.9,472.5,480.4,470.85,0,1,466.9,469.2
199,6624,2067019,467.1,468.5,493.7,473.2,480.4,470.85,0,1,467.1,468.5
199,6625,2067020,467.2,467.8,493.5,473.9,480.35,470.85,0,1,467.2,467.8
199,6626,2067021,467.0,467.2,493.3,474.2,480.15,470.7,0,1,467.0,467.2
199,6627,2067022,466.8,466.8,493.2,474.0,480.0,470.4,0,1,466.8,466.8
199,6628,2067023,466.6,466.6,492.8,473.8,479.7,470.2,0,1,466.6,466.6
199,6629,2067024,466.2,467.2,492.3,473.8,479.25,470.5,0,1,466.2,467.2
199,6630,2067025,465.7,468.0,491.9,473.9,478.8,470.95,0,1,465.7,468.0
199,6631,2067026,465.1,468.6,491.5,473.8,478.3,471.2,0,1,465.1,468.6
199,6632,2067027,464.5,469.2,491.0,474.0,477.75,471.6,0,1,464.5,469.2
199,6633,2067028,464.1,469.8,490.6,474.5,477.35,472.15,0,1,464.1,469.8
200,6634,2067029,463.7,470.1,490.2,475.5,476.95,472.8,0,1,463.7,470.1
200,6635,2067030,463.4,470.5,490.2,476.4,476.8,473.45,0,1,463.4,470.5
200,6636,2067031,463.3,470.1,490.4,477.1,476.85,473.6,0,1,463.3,470.1
200,6637,2067032,463.2,469.5,490.8,477.6,477.0,473.55,0,1,463.2,469.5
200,6638,2067033,463.3,469.0,491.2,477.9,477.25,473.45,0,1,463.3,469.0
200,6639,2067034,463.4,468.7,491.6,477.9,477.5,473.3,0,1,463.4,468.7
200,6640,2067035,463.5,468.7,491.9,477.8,477.7,473.25,0,1,463.5,468.7
200,6641,2067036,463.6,469.6,492.2,477.6,477.9,473.6,0,1,463.6,469.6
200,6642,2067037,463.7,470.5,492.3,477.4,478.0,473.95,0,1,463.7,470.5
200,6643,2067038,463.8,471.2,492.3,477.3,478.05,474.25,0,1,463.8,471.2
200,6644,2067039,463.8,471.8,492.1,477.3,477.95,474.55,0,1,463.8,471.8
200,6645,2067040,463.7,471.4,492.0,477.3,477.85,474.35,0,1,463.7,471.4
200,6646,2067041,463.4,470.9,491.9,477.3,477.65,474.1,0,1,463.4,470.9
200,6647,2067042,463.1,470.2,491.8,477.4,477.45,473.8,0,1,463.1,470.2
200,6648,2067043,462.8,468.7,491.8,477.4,477.3,473.05,0,1,462.8,468.7
200,6649,2067044,462.5,467.4,491.9,477.6,477.2,472.5,0,1,462.5,467.4
200,6650,2067045,462.1,466.4,492.0,477.7,477.05,472.05,0,1,462.1,466.4
200,6651,2067046,461.8,466.0,492.0,477.9,476.9,471.95,0,1,461.8,466.0
200,6652,2067047,461.4,466.5,492.0,478.0,476.7,472.25,0,1,461.4,466.5
200,6653,2067048,461.3,467.1,492.0,478.1,476.65,472.6,0,1,461.3,467.1
200,6654,2067049,461.1,468.6,492.0,478.5,476.55,473.55,0,1,461.1,468.6
200,6655,2067050,460.8,470.0,492.3,478.9,476.55,474.45,0,1,460.8,470.0
200,6656,2067051,460.5,471.3,492.5,479.2,476.5,475.25,0,1,460.5,471.3
200,6657,2067052,460.2,472.4,492.9,479.5,476.55,475.95,0,1,460.2,472.4
200,6658,2067053,460.0,472.9,493.2,479.8,476.6,476.35,0,1,460.0,472.9
200,6659,2067054,459.8,473.3,493.6,480.1,476.7,476.7,0,1,459.8,473.3
200,6660,2067055,459.7,473.8,493.9,480.4,476.8,477.1,0,1,459.7,473.8
200,6661,2067056,459.6,473.3,494.2,480.3,476.9,476.8,0,1,459.6,473.3
200,6662,2067057,459.7,472.9,494.0,480.2,476.85,476.55,0,1,459.7,472.9
200,6663,2067058,459.9,472.6,493.8,480.2,476.85,476.4,0,1,459.9,472.6
200,6664,2067059,460.0,472.2,493.4,480.2,476.7,476.2,0,1,460.0,472.2
200,6665,2067060,460.2,471.9,493.1,480.1,476.65,476.0,0,1,460.2,471.9
200,6666,2067061,460.3,471.6,492.9,480.0,476.6,475.8,0,1,460.3,471.6
201,6667,2067062,460.4,471.2,492.6,479.7,476.5,475.45,0,1,460.4,471.2
201,6668,2067063,460.5,470.8,492.3,479.4,476.4,475.1,0,1,460.5,470.8
201,6669,2067064,460.5,470.8,492.4,479.3,476.45,475.05,0,1,460.5,470.8
201,6670,2067065,460.4,470.8,492.5,479.0,476.45,474.9,0,1,460.4,470.8
201,6671,2067066,460.4,470.9,492.5,478.8,476.45,474.85,0,1,460.4,470.9
201,6672,2067067,460.2,471.3,492.4,478.5,476.3,474.9,0,1,460.2,471.3
201,6673,2067068,460.1,471.8,492.4,478.2,476.25,475.0,0,1,460.1,471.8
201,6674,2067069,460.0,472.4,492.3,478.0,476.15,475.2,0,1,460.0,472.4
201,6675,2067070,459.9,472.9,492.3,477.8,476.1,475.35,0,1,459.9,472.9
201,6676,2067071,459.8,473.2,492.3,477.6,476.05,475.4,0,1,459.8,473.2
201,6677,2067072,459.7,473.4,492.3,477.7,476.0,475.55,0,1,459.7,473.4
201,6678,2067073,459.2,473.7,492.3,478.4,475.75,476.05,0,1,459.2,473.7
201,6679,2067074,458.9,473.8,492.3,479.3,475.6,476.55,0,1,458.9,473.8
201,6680,2067075,458.5,474.0,492.3,480.1,475.4,477.05,0,1,458.5,474.0
201,6681,2067076,458.1,474.0,492.4,480.8,475.25,477.4,0,1,458.1,474.0
201,6682,2067077,457.8,473.2,492.5,481.5,475.15,477.35,0,1,457.8,473.2
201,6683,2067078,457.5,472.4,492.6,482.1,475.05,477.25,0,1,457.5,472.4
201,6684,2067079,457.3,471.4,492.6,483.3,474.95,477.35,0,1,457.3,471.4
201,6685,2067080,457.4,470.4,492.6,483.9,475.0,477.15,0,1,457.4,470.4
201,6686,2067081,457.6,469.5,492.7,484.4,475.15,476.95,0,1,457.6,469.5
201,6687,2067082,457.9,468.8,492.6,484.8,475.25,476.8,0,1,457.9,468.8
201,6688,2067083,458.2,468.6,492.6,485.1,475.4,476.85,0,1,458.2,468.6
201,6689,2067084,458.7,469.4,492.5,485.4,475.6,477.4,0,1,458.7,469.4
201,6690,2067085,459.3,470.3,492.5,485.7,475.9,478.0,0,1,459.3,470.3
201,6691,2067086,459.8,471.8,492.4,485.1,476.1,478.45,0,1,459.8,471.8
201,6692,2067087,460.2,473.1,492.3,484.5,476.25,478.8,0,1,460.2,473.1
201,6693,2067088,460.6,474.0,492.3,483.9,476.45,478.95,0,1,460.6,474.0
201,6694,2067089,460.7,474.9,492.2,483.5,476.45,479.2,0,1,460.7,474.9
201,6695,2067090,460.8,475.1,492.1,483.1,476.45,479.1,0,1,460.8,475.1
201,6696,2067091,460.6,475.3,492.0,482.5,476.3,478.9,0,1,460.6,475.3
201,6697,2067092,460.3,475.3,491.9,481.9,476.1,478.6,0,1,460.3,475.3
201,6698,2067093,460.1,474.8,491.8,481.3,475.95,478.05,0,1,460.1,474.8
201,6699,2067094,460.0,474.6,491.9,480.3,475.95,477.45,0,1,460.0,474.6
201,6700,2067095,459.8,474.7,492.0,479.4,475.9,477.05,0,1,459.8,474.7
202,6701,2067096,460.0,474.7,492.8,478.4,476.4,476.55,0,1,460.0,474.7
202,6702,2067097,460.1,474.9,493.6,477.8,476.85,476.35,0,1,460.1,474.9
202,6703,2067098,460.2,475.1,494.4,477.5,477.3,476.3,0,1,460.2,475.1
202,6704,2067099,460.3,475.4,495.1,477.9,477.7,476.65,0,1,460.3,475.4
202,6705,2067100,460.3,475.6,495.6,478.3,477.95,476.95,0,1,460.3,475.6
202,6706,2067101,460.1,476.9,496.0,479.3,478.05,478.1,0,1,460.1,476.9
202,6707,2067102,460.0,478.2,496.3,480.2,478.15,479.2,0,1,460.0,478.2
202,6708,2067103,459.7,479.4,495.6,481.0,477.65,480.2,0,1,459.7,479.4
202,6709,2067104,459.5,480.3,494.8,481.3,477.15,480.8,0,1,459.5,480.3
202,6710,2067105,459.5,481.0,494.1,481.5,476.8,481.25,0,1,459.5,481.0
202,6711,2067106,459.5,480.8,493.7,481.0,476.6,480.9,0,1,459.5,480.8
202,6712,2067107,459.5,480.6,493.3,480.5,476.4,480.55,0,1,459.5,480.6
202,6713,2067108,459.6,479.4,493.1,479.7,476.35,479.55,0,1,459.6,479.4
202,6714,2067109,459.6,478.2,492.8,479.1,476.2,478.65,0,1,459.6,478.2
202,6715,2067110,459.5,477.3,492.9,478.7,476.2,478.0,0,1,459.5,477.3
202,6716,2067111,459.4,476.8,492.9,478.7,476.15,477.75,0,1,459.4,476.8
202,6717,2067112,459.3,476.3,492.8,478.8,476.05,477.55,0,1,459.3,476.3
202,6718,2067113,459.2,476.6,492.6,479.1,475.9,477.85,0,1,459.2,476.6
202,6719,2067114,459.1,476.2,492.4,479.6,475.75,477.9,0,1,459.1,476.2
202,6720,2067115,459.0,475.8,492.2,480.0,475.6,477.9,0,1,459.0,475.8
202,6721,2067116,459.0,475.3,492.1,480.3,475.55,477.8,0,1,459.0,475.3
202,6722,2067117,459.0,474.7,491.9,480.4,475.45,477.55,0,1,459.0,474.7
202,6723,2067118,459.1,474.2,491.9,480.4,475.5,477.3,0,1,459.1,474.2
202,6724,2067119,459.2,474.4,491.8,480.4,475.5,477.4,0,1,459.2,474.4
202,6725,2067120,459.2,474.7,491.7,480.1,475.45,477.4,0,1,459.2,474.7
202,6726,2067121,459.1,475.7,491.7,479.6,475.4,477.65,0,1,459.1,475.7
202,6727,2067122,458.9,477.3,491.8,478.8,475.35,478.05,0,1,458.9,477.3
202,6728,2067123,458.7,478.8,491.9,477.9,475.3,478.35,0,1,458.7,478.8
202,6729,2067124,458.2,480.2,492.1,477.3,475.15,478.75,0,1,458.2,480.2
202,6730,2067125,457.8,481.2,492.3,476.9,475.05,479.05,0,1,457.8,481.2
202,6731,2067126,457.4,481.5,492.5,476.4,474.95,478.95,0,1,457.4,481.5
202,6732,2067127,456.9,481.8,492.7,475.9,474.8,478.85,0,1,456.9,481.8
202,6733,2067128,456.5,482.0,492.9,475.6,474.7,478.8,0,1,456.5,482.0
203,6734,2067129,456.1,481.7,493.0,475.7,474.55,478.7,0,1,456.1,481.7
203,6735,2067130,455.8,481.3,493.0,476.2,474.4,478.75,0,1,455.8,481.3
203,6736,2067131,455.7,480.3,493.0,476.9,474.35,478.6,0,1,455.7,480.3
203,6737,2067132,455.6,479.5,492.9,477.4,474.25,478.45,0,1,455.6,479.5
203,6738,2067133,455.7,478.7,492.8,478.1,474.25,478.4,0,1,455.7,478.7
203,6739,2067134,455.9,478.0,492.6,479.0,474.25,478.5,0,1,455.9,478.0
203,6740,2067135,456.1,477.3,492.4,479.8,474.25,478.55,0,1,456.1,477.3
203,6741,2067136,456.5,476.6,492.2,480.4,474.35,478.5,0,1,456.5,476.6
203,6742,2067137,456.9,476.0,492.1,480.5,474.5,478.25,0,1,456.9,476.0
203,6743,2067138,457.1,476.3,492.0,480.2,474.55,478.25,0,1,457.1,476.3
203,6744,2067139,457.3,476.4,492.1,479.8,474.7,478.1,0,1,457.3,476.4
203,6745,2067140,457.3,476.5,492.3,479.3,474.8,477.9,0,1,457.3,476.5
203,6746,2067141,457.3,476.6,492.5,478.8,474.9,477.7,0,1,457.3,476.6
203,6747,2067142,457.3,476.9,492.6,478.2,474.95,477.55,0,1,457.3,476.9
203,6748,2067143,457.1,477.2,492.8,477.6,474.95,477.4,0,1,457.1,477.2
203,6749,2067144,456.9,477.2,492.9,477.2,474.9,477.2,0,1,456.9,477.2
203,6750,2067145,456.5,476.7,492.9,476.8,474.7,476.75,0,1,456.5,476.7
203,6751,2067146,456.3,475.7,492.9,476.3,474.6,476.0,0,1,456.3,475.7
203,6752,2067147,456.2,474.7,492.9,475.8,474.55,475.25,0,1,456.2,474.7
203,6753,2067148,456.0,473.9,493.0,475.3,474.5,474.6,0,1,456.0,473.9
203,6754,2067149,455.8,473.2,493.0,475.0,474.4,474.1,0,1,455.8,473.2
203,6755,2067150,455.6,473.5,493.1,474.8,474.35,474.15,0,1,455.6,473.5
203,6756,2067151,455.4,473.9,493.3,474.8,474.35,474.35,0,1,455.4,473.9
203,6757,2067152,455.3,474.6,493.4,474.8,474.35,474.7,0,1,455.3,474.6
203,6758,2067153,455.2,476.1,493.5,475.0,474.35,475.55,0,1,455.2,476.1
203,6759,2067154,455.2,477.8,493.5,475.1,474.35,476.45,0,1,455.2,477.8
203,6760,2067155,455.4,479.2,493.3,475.2,474.35,477.2,0,1,455.4,479.2
203,6761,2067156,455.6,480.2,493.0,475.2,474.3,477.7,0,1,455.6,480.2
203,6762,2067157,455.8,479.9,492.4,475.2,474.1,477.55,0,1,455.8,479.9
203,6763,2067158,456.0,479.6,491.7,475.0,473.85,477.3,0,1,456.0,479.6
203,6764,2067159,456.2,479.4,491.0,474.9,473.6,477.15,0,1,456.2,479.4
203,6765,2067160,456.2,479.4,490.4,474.8,473.3,477.1,0,1,456.2,479.4
203,6766,2067161,456.2,479.4,489.9,474.8,473.05,477.1,0,1,456.2,479.4
204,6767,2067162,455.9,479.5,489.8,474.8,472.85,477.15,0,1,455.9,479.5
204,6768,2067163,455.6,479.6,489.7,474.8,472.65,477.2,0,1,455.6,479.6
204,6769,2067164,455.3,480.1,490.1,474.7,472.7,477.4,0,1,455.3,480.1
204,6770,2067165,455.1,480.4,490.4,474.5,472.75,477.45,0,1,455.1,480.4
204,6771,2067166,455.0,480.8,490.7,474.4,472.85,477.6,0,1,455.0,480.8
204,6772,2067167,455.0,480.7,490.9,474.4,472.95,477.55,0,1,455.0,480.7
204,6773,2067168,455.0,480.5,491.1,474.4,473.05,477.45,0,1,455.0,480.5
204,6774,2067169,455.2,480.3,491.0,474.5,473.1,477.4,0,1,455.2,480.3
204,6775,2067170,455.4,480.0,490.7,474.8,473.05,477.4,0,1,455.4,480.0
204,6776,2067171,455.7,479.6,490.5,475.1,473.1,477.35,0,1,455.7,479.6
204,6777,2067172,456.0,479.3,490.3,475.4,473.15,477.35,0,1,456.0,479.3
204,6778,2067173,456.1,478.8,490.2,475.8,473.15,477.3,0,1,456.1,478.8
204,6779,2067174,456.3,478.2,490.2,475.8,473.25,477.0,0,1,456.3,478.2
204,6780,2067175,456.5,477.5,490.3,475.7,473.4,476.6,0,1,456.5,477.5
204,6781,2067176,456.7,476.9,490.4,475.6,473.55,476.25,0,1,456.7,476.9
204,6782,2067177,456.7,477.0,490.5,476.0,473.6,476.5,0,1,456.7,477.0
204,6783,2067178,456.5,477.2,490.7,476.4,473.6,476.8,0,1,456.5,477.2
204,6784,2067179,456.3,477.6,490.8,476.9,473.55,477.25,0,1,456.3,477.6
204,6785,2067180,456.0,478.1,491.0,477.3,473.5,477.7,0,1,456.0,478.1
204,6786,2067181,455.7,478.8,490.9,477.8,473.3,478.3,0,1,455.7,478.8
204,6787,2067182,455.5,479.7,490.9,478.2,473.2,478.95,0,1,455.5,479.7
204,6788,2067183,455.3,480.6,490.8,478.9,473.05,479.75,0,1,455.3,480.6
204,6789,2067184,455.1,480.7,490.7,479.1,472.9,479.9,0,1,455.1,480.7
204,6790,2067185,455.0,480.9,490.7,479.3,472.85,480.1,0,1,455.0,480.9
204,6791,2067186,454.8,481.0,490.7,479.7,472.75,480.35,0,1,454.8,481.0
204,6792,2067187,454.8,480.9,490.5,480.0,472.65,480.45,0,1,454.8,480.9
204,6793,2067188,454.7,480.7,490.4,480.4,472.55,480.55,0,1,454.7,480.7
204,6794,2067189,454.6,480.4,490.1,481.0,472.35,480.7,0,1,454.6,480.4
204,6795,2067190,454.6,480.1,489.7,481.4,472.15,480.75,0,1,454.6,480.1
204,6796,2067191,454.6,479.7,489.4,481.7,472.0,480.7,0,1,454.6,479.7
204,6797,2067192,454.6,479.1,489.1,481.8,471.85,480.45,0,1,454.6,479.1
204,6798,2067193,454.8,478.5,488.8,481.8,471.8,480.15,0,1,454.8,478.5
204,6799,2067194,454.9,478.0,488.5,481.2,471.7,479.6,0,1,454.9,478.0
204,6800,2067195,454.9,477.4,488.0,480.6,471.45,479.0,0,1,454.9,477.4
205,6801,2067196,455.0,476.9,487.7,480.1,471.35,478.5,0,1,455.0,476.9
205,6802,2067197,454.9,476.4,487.5,479.6,471.2,478.0,0,1,454.9,476.4
205,6803,2067198,454.8,476.2,487.2,479.1,471.0,477.65,0,1,454.8,476.2
205,6804,2067199,454.7,476.5,486.9,478.7,470.8,477.6,0,1,454.7,476.5
205,6805,2067200,454.4,477.1,486.8,478.5,470.6,477.8,0,1,454.4,477.1
205,6806,2067201,453.8,477.9,486.8,478.7,470.3,478.3,0,1,453.8,477.9
205,6807,2067202,453.3,478.7,487.0,479.0,470.15,478.85,0,1,453.3,478.7
205,6808,2067203,452.7,479.5,487.2,479.1,469.95,479.3,0,1,452.7,479.5
205,6809,2067204,452.1,480.0,487.3,479.4,469.7,479.7,0,1,452.1,480.0
205,6810,2067205,451.3,480.1,487.5,479.6,469.4,479.85,0,1,451.3,480.1
205,6811,2067206,450.6,479.9,487.6,479.7,469.1,479.8,0,1,450.6,479.9
205,6812,2067207,450.0,479.4,487.9,479.9,468.95,479.65,0,1,450.0,479.4
205,6813,2067208,449.7,478.9,488.0,480.0,468.85,479.45,0,1,449.7,478.9
205,6814,2067209,449.5,478.5,488.1,480.1,468.8,479.3,0,1,449.5,478.5
205,6815,2067210,449.3,478.0,488.3,480.2,468.8,479.1,0,1,449.3,478.0
205,6816,2067211,449.2,477.4,488.5,480.0,468.85,478.7,0,1,449.2,477.4
205,6817,2067212,449.3,477.2,488.7,479.9,469.0,478.55,0,1,449.3,477.2
205,6818,2067213,449.4,477.0,488.7,479.7,469.05,478.35,0,1,449.4,477.0
205,6819,2067214,449.6,476.5,488.4,479.6,469.0,478.05,0,1,449.6,476.5
205,6820,2067215,449.7,475.9,488.1,479.6,468.9,477.75,0,1,449.7,475.9
205,6821,2067216,449.7,475.1,488.0,479.5,468.85,477.3,0,1,449.7,475.1
205,6822,2067217,449.6,474.9,487.8,479.6,468.7,477.25,0,1,449.6,474.9
205,6823,2067218,449.4,474.8,487.7,479.6,468.55,477.2,0,1,449.4,474.8
205,6824,2067219,449.1,474.8,487.6,479.7,468.35,477.25,0,1,449.1,474.8
205,6825,2067220,448.9,474.8,487.2,480.1,468.05,477.45,0,1,448.9,474.8
205,6826,2067221,448.7,475.2,487.1,480.5,467.9,477.85,0,1,448.7,475.2
205,6827,2067222,448.7,475.5,486.9,480.9,467.8,478.2,0,1,448.7,475.5
205,6828,2067223,448.8,475.9,486.6,481.3,467.7,478.6,0,1,448.8,475.9
205,6829,2067224,449.0,475.9,486.0,482.1,467.5,479.0,0,1,449.0,475.9
205,6830,2067225,449.2,475.9,485.3,482.9,467.25,479.4,0,1,449.2,475.9
205,6831,2067226,449.3,475.9,484.5,483.7,466.9,479.8,0,1,449.3,475.9
205,6832,2067227,449.3,475.9,484.1,484.2,466.7,480.05,0,1,449.3,475.9
205,6833,2067228,449.3,475.6,483.8,484.7,466.55,480.15,0,1,449.3,475.6
206,6834,2067229,448.7,475.0,483.6,485.1,466.15,480.05,0,1,448.7,475.0
206,6835,2067230,448.2,474.2,483.4,485.5,465.8,479.85,0,1,448.2,474.2
206,6836,2067231,447.7,473.3,483.4,485.2,465.55,479.25,0,1,447.7,473.3
206,6837,2067232,447.4,471.9,483.6,484.9,465.5,478.4,0,1,447.4,471.9
206,6838,2067233,447.1,470.4,483.8,484.5,465.45,477.45,0,1,447.1,470.4
206,6839,2067234,446.9,469.0,483.9,484.2,465.4,476.6,0,1,446.9,469.0
206,6840,2067235,446.7,468.0,483.9,484.0,465.3,476.0,0,1,446.7,468.0
206,6841,2067236,446.8,467.4,483.9,483.9,465.35,475.65,0,1,446.8,467.4
206,6842,2067237,446.8,467.6,483.8,483.8,465.3,475.7,0,1,446.8,467.6
206,6843,2067238,446.9,468.0,483.7,484.0,465.3,476.0,0,1,446.9,468.0
206,6844,2067239,446.9,469.0,483.5,484.2,465.2,476.6,0,1,446.9,469.0
206,6845,2067240,446.9,469.8,483.4,484.4,465.15,477.1,0,1,446.9,469.8
206,6846,2067241,447.0,470.8,483.1,484.6,465.05,477.7,0,1,447.0,470.8
206,6847,2067242,447.0,471.6,482.9,484.7,464.95,478.15,0,1,447.0,471.6
206,6848,2067243,447.1,472.2,482.7,484.8,464.9,478.5,0,1,447.1,472.2
206,6849,2067244,447.2,472.3,482.5,485.0,464.85,478.65,0,1,447.2,472.3
206,6850,2067245,447.2,472.3,482.3,485.1,464.75,478.7,0,1,447.2,472.3
206,6851,2067246,447.2,472.3,482.2,485.3,464.7,478.8,0,1,447.2,472.3
206,6852,2067247,446.9,472.2,482.0,485.5,464.45,478.85,0,1,446.9,472.2
206,6853,2067248,446.6,472.0,481.7,485.7,464.15,478.85,0,1,446.6,472.0
206,6854,2067249,446.3,471.4,481.5,485.7,463.9,478.55,0,1,446.3,471.4
206,6855,2067250,446.0,470.8,481.3,485.7,463.65,478.25,0,1,446.0,470.8
206,6856,2067251,445.6,470.2,481.0,485.6,463.3,477.9,0,1,445.6,470.2
206,6857,2067252,445.3,469.6,480.8,485.5,463.05,477.55,0,1,445.3,469.6
206,6858,2067253,445.1,469.0,480.6,485.6,462.85,477.3,0,1,445.1,469.0
206,6859,2067254,445.2,468.5,480.4,485.7,462.8,477.1,0,1,445.2,468.5
206,6860,2067255,445.4,468.2,480.1,485.8,462.75,477.0,0,1,445.4,468.2
206,6861,2067256,445.5,468.2,479.7,486.1,462.6,477.15,0,1,445.5,468.2
206,6862,2067257,446.0,468.3,479.3,486.3,462.65,477.3,0,1,446.0,468.3
206,6863,2067258,446.5,468.3,478.7,486.5,462.6,477.4,0,1,446.5,468.3
206,6864,2067259,447.0,468.4,478.2,486.6,462.6,477.5,0,1,447.0,468.4
206,6865,2067260,447.4,468.6,477.7,486.5,462.55,477.55,0,1,447.4,468.6
206,6866,2067261,447.8,469.2,477.2,486.4,462.5,477.8,0,1,447.8,469.2
207,6867,2067262,448.1,469.8,477.0,486.3,462.55,478.05,0,1,448.1,469.8
207,6868,2067263,448.4,470.4,476.9,486.4,462.65,478.4,0,1,448.4,470.4
207,6869,2067264,448.4,471.0,476.9,486.4,462.65,478.7,0,1,448.4,471.0
207,6870,2067265,448.4,471.6,476.8,486.3,462.6,478.95,0,1,448.4,471.6
207,6871,2067266,448.4,472.1,476.8,486.3,462.6,479.2,0,1,448.4,472.1
207,6872,2067267,448.4,472.4,476.8,486.4,462.6,479.4,0,1,448.4,472.4
207,6873,2067268,448.4,472.1,476.7,486.7,462.55,479.4,0,1,448.4,472.1
207,6874,2067269,448.4,471.4,476.6,486.7,462.5,479.05,0,1,448.4,471.4
207,6875,2067270,448.5,470.7,476.6,486.7,462.55,478.7,0,1,448.5,470.7
207,6876,2067271,448.6,469.9,476.5,487.0,462.55,478.45,0,1,448.6,469.9
207,6877,2067272,448.8,469.2,476.3,487.4,462.55,478.3,0,1,448.8,469.2
207,6878,2067273,449.0,468.4,475.9,487.8,462.45,478.1,0,1,449.0,468.4
207,6879,2067274,449.2,467.8,475.5,488.1,462.35,477.95,0,1,449.2,467.8
207,6880,2067275,449.4,467.4,475.1,488.3,462.25,477.85,0,1,449.4,467.4
207,6881,2067276,449.6,467.6,474.8,488.6,462.2,478.1,0,1,449.6,467.6
207,6882,2067277,449.7,467.9,474.4,488.7,462.05,478.3,0,1,449.7,467.9
207,6883,2067278,449.8,468.3,474.1,488.5,461.95,478.4,0,1,449.8,468.3
207,6884,2067279,450.1,468.8,473.9,488.3,462.0,478.55,0,1,450.1,468.8
207,6885,2067280,450.4,469.4,473.8,488.0,462.1,478.7,0,1,450.4,469.4
207,6886,2067281,450.7,469.6,473.8,487.8,462.25,478.7,0,1,450.7,469.6
207,6887,2067282,451.1,469.7,473.7,487.5,462.4,478.6,0,1,451.1,469.7
207,6888,2067283,451.5,469.6,473.6,487.1,462.55,478.35,0,1,451.5,469.6
207,6889,2067284,451.8,469.7,473.2,486.9,462.5,478.3,0,1,451.8,469.7
207,6890,2067285,452.1,469.8,472.9,486.8,462.5,478.3,0,1,452.1,469.8
207,6891,2067286,452.3,469.9,472.5,486.7,462.4,478.3,0,1,452.3,469.9
207,6892,2067287,452.3,470.0,472.2,486.6,462.25,478.3,0,1,452.3,470.0
207,6893,2067288,452.3,470.4,471.9,486.5,462.1,478.45,0,1,452.3,470.4
207,6894,2067289,452.3,470.7,471.7,486.5,462.0,478.6,0,1,452.3,470.7
207,6895,2067290,452.3,471.0,471.5,486.5,461.9,478.75,0,1,452.3,471.0
207,6896,2067291,452.5,470.3,471.5,486.5,462.0,478.4,0,1,452.5,470.3
207,6897,2067292,452.7,469.0,471.6,486.4,462.15,477.7,0,1,452.7,469.0
207,6898,2067293,453.0,467.6,471.6,486.4,462.3,477.0,0,1,453.0,467.6
207,6899,2067294,453.3,466.2,471.6,486.3,462.45,476.25,0,1,453.3,466.2
207,6900,2067295,453.7,464.7,471.7,486.3,462.7,475.5,0,1,453.7,464.7
208,6901,2067296,453.9,463.3,471.9,486.4,462.9,474.85,0,1,453.9,463.3
208,6902,2067297,454.1,462.3,472.3,486.7,463.2,474.5,0,1,454.1,462.3
208,6903,2067298,454.2,462.0,472.8,487.2,463.5,474.6,0,1,454.2,462.0
208,6904,2067299,454.4,462.1,473.3,487.7,463.85,474.9,0,1,454.4,462.1
208,6905,2067300,454.5,462.4,473.9,488.2,464.2,475.3,0,1,454.5,462.4
208,6906,2067301,454.9,462.8,474.4,488.4,464.65,475.6,0,1,454.9,462.8
208,6907,2067302,455.3,463.9,474.9,488.7,465.1,476.3,0,1,455.3,463.9
208,6908,2067303,455.7,464.9,475.3,488.8,465.5,476.85,0,1,455.7,464.9
208,6909,2067304,456.1,465.9,475.4,488.8,465.75,477.35,0,1,456.1,465.9
208,6910,2067305,456.5,466.9,475.3,488.5,465.9,477.7,0,1,456.5,466.9
208,6911,2067306,456.7,468.0,475.2,488.6,465.95,478.3,0,1,456.7,468.0
208,6912,2067307,456.9,469.0,475.0,488.9,465.95,478.95,0,1,456.9,469.0
208,6913,2067308,456.8,470.0,474.9,489.3,465.85,479.65,0,1,456.8,470.0
208,6914,2067309,456.8,470.8,474.6,489.6,465.7,480.2,0,1,456.8,470.8
208,6915,2067310,457.1,471.3,474.4,489.9,465.75,480.6,0,1,457.1,471.3
208,6916,2067311,457.3,471.6,474.1,490.1,465.7,480.85,0,1,457.3,471.6
208,6917,2067312,457.6,471.7,473.9,490.4,465.75,481.05,0,1,457.6,471.7
208,6918,2067313,457.9,471.5,473.7,490.5,465.8,481.0,0,1,457.9,471.5
208,6919,2067314,458.2,471.2,473.5,490.7,465.85,480.95,0,1,458.2,471.2
208,6920,2067315,458.3,470.6,473.3,490.9,465.8,480.75,0,1,458.3,470.6
208,6921,2067316,458.4,469.9,473.1,491.3,465.75,480.6,0,1,458.4,469.9
208,6922,2067317,458.2,469.2,472.9,491.6,465.55,480.4,0,1,458.2,469.2
208,6923,2067318,458.1,468.4,472.9,491.8,465.5,480.1,0,1,458.1,468.4
208,6924,2067319,458.0,467.8,472.8,491.9,465.4,479.85,0,1,458.0,467.8
208,6925,2067320,457.9,467.3,472.8,491.9,465.35,479.6,0,1,457.9,467.3
208,6926,2067321,457.8,466.8,472.8,491.6,465.3,479.2,0,1,457.8,466.8
208,6927,2067322,457.6,466.3,472.9,491.3,465.25,478.8,0,1,457.6,466.3
208,6928,2067323,457.6,465.8,473.1,491.0,465.35,478.4,0,1,457.6,465.8
208,6929,2067324,457.6,465.4,473.1,490.8,465.35,478.1,0,1,457.6,465.4
208,6930,2067325,457.6,465.1,473.1,490.7,465.35,477.9,0,1,457.6,465.1
208,6931,2067326,457.5,465.0,473.1,490.6,465.3,477.8,0,1,457.5,465.0
208,6932,2067327,457.5,465.2,473.0,490.4,465.25,477.8,0,1,457.5,465.2
208,6933,2067328,457.8,465.5,473.0,490.2,465.4,477.85,0,1,457.8,465.5
209,6934,2067329,458.1,466.0,473.0,490.1,465.55,478.05,0,1,458.1,466.0
209,6935,2067330,458.3,466.4,473.1,490.1,465.7,478.25,0,1,458.3,466.4
209,6936,2067331,458.4,466.9,473.2,490.4,465.8,478.65,0,1,458.4,466.9
209,6937,2067332,458.5,467.3,473.3,490.6,465.9,478.95,0,1,458.5,467.3
209,6938,2067333,458.6,467.7,473.6,491.1,466.1,479.4,0,1,458.6,467.7
209,6939,2067334,458.6,467.8,473.9,491.6,466.25,479.7,0,1,458.6,467.8
209,6940,2067335,458.4,467.9,474.3,492.0,466.35,479.95,0,1,458.4,467.9
209,6941,2067336,458.2,468.0,474.7,492.1,466.45,480.05,0,1,458.2,468.0
209,6942,2067337,457.9,468.1,475.2,491.8,466.55,479.95,0,1,457.9,468.1
209,6943,2067338,457.8,468.1,475.6,491.2,466.7,479.65,0,1,457.8,468.1
209,6944,2067339,457.6,468.0,476.1,490.5,466.85,479.25,0,1,457.6,468.0
209,6945,2067340,457.5,468.1,476.6,489.7,467.05,478.9,0,1,457.5,468.1
209,6946,2067341,456.7,468.4,477.0,488.8,466.85,478.6,0,1,456.7,468.4
209,6947,2067342,456.0,468.7,477.5,487.9,466.75,478.3,0,1,456.0,468.7
209,6948,2067343,455.3,468.9,478.0,487.2,466.65,478.05,0,1,455.3,468.9
209,6949,2067344,454.7,469.2,478.5,486.9,466.6,478.05,0,1,454.7,469.2
209,6950,2067345,454.0,469.5,479.0,486.8,466.5,478.15,0,1,454.0,469.5
209,6951,2067346,453.4,469.8,479.7,487.0,466.55,478.4,0,1,453.4,469.8
209,6952,2067347,452.8,469.8,480.3,487.4,466.55,478.6,0,1,452.8,469.8
209,6953,2067348,452.4,469.1,480.8,487.9,466.6,478.5,0,1,452.4,469.1
209,6954,2067349,452.1,468.3,481.3,488.4,466.7,478.35,0,1,452.1,468.3
209,6955,2067350,451.7,467.6,481.7,488.9,466.7,478.25,0,1,451.7,467.6
209,6956,2067351,451.3,466.9,482.1,489.3,466.7,478.1,0,1,451.3,466.9
209,6957,2067352,450.9,466.6,482.4,489.7,466.65,478.15,0,1,450.9,466.6
209,6958,2067353,450.4,466.5,482.6,488.6,466.5,477.55,0,1,450.4,466.5
209,6959,2067354,450.0,466.2,482.8,487.4,466.4,476.8,0,1,450.0,466.2
209,6960,2067355,450.0,466.4,483.0,486.3,466.5,476.35,0,1,450.0,466.4
209,6961,2067356,450.0,466.6,483.0,485.2,466.5,475.9,0,1,450.0,466.6
209,6962,2067357,450.0,466.8,482.8,484.2,466.4,475.5,0,1,450.0,466.8
209,6963,2067358,449.9,467.5,482.5,483.3,466.2,475.4,0,1,449.9,467.5
209,6964,2067359,449.9,467.7,482.2,482.6,466.05,475.15,0,1,449.9,467.7
209,6965,2067360,449.8,467.9,481.8,483.0,465.8,475.45,0,1,449.8,467.9
209,6966,2067361,449.2,468.3,481.2,483.9,465.2,476.1,0,1,449.2,468.3
210,6967,2067362,448.5,468.8,480.3,484.8,464.4,476.8,0,1,448.5,468.8
210,6968,2067363,447.8,469.1,479.5,485.7,463.65,477.4,0,1,447.8,469.1
210,6969,2067364,447.1,469.3,478.9,486.4,463.0,477.85,0,1,447.1,469.3
210,6970,2067365,446.3,469.0,478.2,486.9,462.25,477.95,0,1,446.3,469.0
210,6971,2067366,445.5,468.7,477.5,487.1,461.5,477.9,0,1,445.5,468.7
210,6972,2067367,444.7,468.4,476.8,487.3,460.75,477.85,0,1,444.7,468.4
210,6973,2067368,444.4,468.2,476.3,486.8,460.35,477.5,0,1,444.4,468.2
210,6974,2067369,444.2,468.5,476.1,486.3,460.15,477.4,0,1,444.2,468.5
210,6975,2067370,443.8,468.8,475.2,486.0,459.5,477.4,0,1,443.8,468.8
210,6976,2067371,443.5,469.0,474.4,486.1,458.95,477.55,0,1,443.5,469.0
210,6977,2067372,444.0,468.7,473.6,486.3,458.8,477.5,0,1,444.0,468.7
210,6978,2067373,444.6,468.4,472.9,486.7,458.75,477.55,0,1,444.6,468.4
210,6979,2067374,445.2,467.5,472.7,487.0,458.95,477.25,0,1,445.2,467.5
210,6980,2067375,446.2,465.4,473.4,487.0,459.8,476.2,0,1,446.2,465.4
210,6981,2067376,447.9,461.8,475.2,484.9,461.55,473.35,0,1,447.9,461.8
210,6982,2067377,450.7,457.2,478.4,480.4,464.55,468.8,0,1,450.7,457.2
210,6983,2067378,454.0,452.9,482.2,475.7,468.1,464.3,0,1,454.0,452.9
210,6984,2067379,456.9,447.3,487.6,467.7,472.25,457.5,0,1,456.9,447.3
210,6985,2067380,461.1,440.1,493.3,459.6,477.2,449.85,0,1,461.1,440.1
210,6986,2067381,466.4,432.4,499.4,451.4,482.9,441.9,0,1,466.4,432.4
210,6987,2067382,471.5,424.4,505.1,443.7,488.3,434.05,0,1,471.5,424.4
210,6988,2067383,476.7,417.4,510.1,435.6,493.4,426.5,0,1,476.7,417.4
210,6989,2067384,481.1,410.9,514.7,429.5,497.9,420.2,0,1,481.1,410.9
210,6990,2067385,485.4,402.2,518.8,422.0,502.1,412.1,0,1,485.4,402.2
210,6991,2067386,489.5,395.1,521.5,416.0,505.5,405.55,0,1,489.5,395.1
210,6992,2067387,492.8,388.5,523.8,410.3,508.3,399.4,0,1,492.8,388.5
210,6993,2067388,495.1,382.8,524.9,404.6,510.0,393.7,0,1,495.1,382.8
210,6994,2067389,497.2,378.7,525.3,397.6,511.25,388.15,0,1,497.2,378.7
210,6995,2067390,498.5,374.5,524.3,392.4,511.4,383.45,0,1,498.5,374.5
210,6996,2067391,499.3,370.6,522.7,385.3,511.0,377.95,0,1,499.3,370.6
210,6997,2067392,499.8,368.9,520.9,379.1,510.35,374.0,0,1,499.8,368.9
210,6998,2067393,500.2,367.0,519.1,374.5,509.65,370.75,0,1,500.2,367.0
210,6999,2067394,499.8,366.1,516.5,369.5,508.15,367.8,0,1,499.8,366.1
210,7000,2067395,499.4,364.4,514.2,362.8,506.8,363.6,0,1,499.4,364.4
211,7001,2067396,499.0,362.7,512.2,357.5,505.6,360.1,0,1,499.0,362.7
211,7002,2067397,498.6,360.2,511.5,351.7,505.05,355.95,0,1,498.6,360.2
211,7003,2067398,498.6,357.9,511.1,347.6,504.85,352.75,0,1,498.6,357.9
211,7004,2067399,498.6,355.1,510.7,344.1,504.65,349.6,0,1,498.6,355.1
211,7005,2067400,499.1,352.5,510.2,340.6,504.65,346.55,0,1,499.1,352.5
211,7006,2067401,499.9,350.1,511.0,335.5,505.45,342.8,0,1,499.9,350.1
211,7007,2067402,500.9,348.5,513.0,332.2,506.95,340.35,0,1,500.9,348.5
211,7008,2067403,502.0,347.0,514.9,328.9,508.45,337.95,0,1,502.0,347.0
211,7009,2067404,504.5,345.3,516.7,326.7,510.6,336.0,0,1,504.5,345.3
211,7010,2067405,507.1,343.6,518.4,324.6,512.75,334.1,0,1,507.1,343.6
211,7011,2067406,510.1,342.3,520.2,322.3,515.15,332.3,0,1,510.1,342.3
211,7012,2067407,513.3,341.2,522.2,320.1,517.75,330.65,0,1,513.3,341.2
211,7013,2067408,516.4,340.2,523.7,319.7,520.05,329.95,0,1,516.4,340.2
211,7014,2067409,519.4,339.8,524.0,319.3,521.7,329.55,0,1,519.4,339.8
211,7015,2067410,522.2,339.5,524.3,319.0,523.25,329.25,0,1,522.2,339.5
211,7016,2067411,523.6,340.3,524.5,318.8,524.05,329.55,0,1,523.6,340.3
211,7017,2067412,525.1,341.2,524.4,318.7,524.75,329.95,0,1,525.1,341.2
211,7018,2067413,525.9,342.2,524.2,318.9,525.05,330.55,0,1,525.9,342.2
211,7019,2067414,526.2,343.0,523.9,319.0,525.05,331.0,0,1,526.2,343.0
211,7020,2067415,526.4,343.7,523.5,319.3,524.95,331.5,0,1,526.4,343.7
211,7021,2067416,526.5,344.0,523.2,319.7,524.85,331.85,0,1,526.5,344.0
211,7022,2067417,526.6,344.4,523.0,320.1,524.8,332.25,0,1,526.6,344.4
211,7023,2067418,526.6,344.8,522.9,320.4,524.75,332.6,0,1,526.6,344.8
211,7024,2067419,526.6,345.2,522.9,321.1,524.75,333.15,0,1,526.6,345.2
211,7025,2067420,526.8,345.6,522.9,321.8,524.85,333.7,0,1,526.8,345.6
211,7026,2067421,527.1,346.0,522.7,322.5,524.9,334.25,0,1,527.1,346.0
211,7027,2067422,527.3,346.5,522.5,323.3,524.9,334.9,0,1,527.3,346.5
211,7028,2067423,527.6,346.8,522.3,324.0,524.95,335.4,0,1,527.6,346.8
211,7029,2067424,528.0,347.2,522.0,325.4,525.0,336.3,0,1,528.0,347.2
211,7030,2067425,528.2,347.5,521.7,327.0,524.95,337.25,0,1,528.2,347.5
211,7031,2067426,528.3,347.7,521.5,328.2,524.9,337.95,0,1,528.3,347.7
211,7032,2067427,528.1,347.9,521.3,329.3,524.7,338.6,0,1,528.1,347.9
211,7033,2067428,527.9,348.2,521.2,330.4,524.55,339.3,0,1,527.9,348.2
212,7034,2067429,527.6,348.4,521.0,331.0,524.3,339.7,0,1,527.6,348.4
212,7035,2067430,527.4,348.8,520.7,331.3,524.05,340.05,0,1,527.4,348.8
212,7036,2067431,527.1,348.8,520.5,331.0,523.8,339.9,0,1,527.1,348.8
212,7037,2067432,526.9,348.9,520.3,330.4,523.6,339.65,0,1,526.9,348.9
212,7038,2067433,526.9,349.0,520.2,329.9,523.55,339.45,0,1,526.9,349.0
212,7039,2067434,527.0,349.4,520.1,329.7,523.55,339.55,0,1,527.0,349.4
212,7040,2067435,527.0,349.7,520.0,329.6,523.5,339.65,0,1,527.0,349.7
212,7041,2067436,526.9,350.0,520.1,329.7,523.5,339.85,0,1,526.9,350.0
212,7042,2067437,526.8,350.5,520.1,329.8,523.45,340.15,0,1,526.8,350.5
212,7043,2067438,526.7,350.9,520.2,329.9,523.45,340.4,0,1,526.7,350.9
212,7044,2067439,526.5,351.4,520.4,330.0,523.45,340.7,0,1,526.5,351.4
212,7045,2067440,526.3,351.7,520.5,330.1,523.4,340.9,0,1,526.3,351.7
212,7046,2067441,526.2,351.8,520.6,329.8,523.4,340.8,0,1,526.2,351.8
212,7047,2067442,526.0,351.7,520.8,329.6,523.4,340.65,0,1,526.0,351.7
212,7048,2067443,526.0,351.1,520.3,329.4,523.15,340.25,0,1,526.0,351.1
212,7049,2067444,526.1,350.4,519.8,329.5,522.95,339.95,0,1,526.1,350.4
212,7050,2067445,526.2,349.7,519.3,329.7,522.75,339.7,0,1,526.2,349.7
212,7051,2067446,526.4,349.0,518.7,330.4,522.55,339.7,0,1,526.4,349.0
212,7052,2067447,526.5,348.3,518.3,331.1,522.4,339.7,0,1,526.5,348.3
212,7053,2067448,526.7,347.6,517.8,331.8,522.25,339.7,0,1,526.7,347.6
212,7054,2067449,527.0,347.2,517.4,332.5,522.2,339.85,0,1,527.0,347.2
212,7055,2067450,527.2,346.8,517.6,333.3,522.4,340.05,0,1,527.2,346.8
212,7056,2067451,527.3,346.5,517.9,333.9,522.6,340.2,0,1,527.3,346.5
212,7057,2067452,527.5,346.2,518.3,334.4,522.9,340.3,0,1,527.5,346.2
212,7058,2067453,527.6,345.9,518.6,334.5,523.1,340.2,0,1,527.6,345.9
212,7059,2067454,527.7,345.5,518.7,334.5,523.2,340.0,0,1,527.7,345.5
212,7060,2067455,527.9,345.5,518.9,334.6,523.4,340.05,0,1,527.9,345.5
212,7061,2067456,527.9,346.7,519.0,334.6,523.45,340.65,0,1,527.9,346.7
212,7062,2067457,527.9,348.1,519.2,334.6,523.55,341.35,0,1,527.9,348.1
212,7063,2067458,527.9,349.5,519.3,334.5,523.6,342.0,0,1,527.9,349.5
212,7064,2067459,527.9,350.9,519.4,334.3,523.65,342.6,0,1,527.9,350.9
212,7065,2067460,528.1,352.4,519.6,333.8,523.85,343.1,0,1,528.1,352.4
212,7066,2067461,528.3,353.9,519.7,333.2,524.0,343.55,0,1,528.3,353.9
213,7067,2067462,528.4,355.2,519.9,332.7,524.15,343.95,0,1,528.4,355.2
213,7068,2067463,528.6,355.3,520.1,332.1,524.35,343.7,0,1,528.6,355.3
213,7069,2067464,528.7,355.4,520.2,331.7,524.45,343.55,0,1,528.7,355.4
213,7070,2067465,528.9,355.5,520.4,331.4,524.65,343.45,0,1,528.9,355.5
213,7071,2067466,529.0,355.8,520.6,331.2,524.8,343.5,0,1,529.0,355.8
213,7072,2067467,529.0,356.1,520.9,330.4,524.95,343.25,0,1,529.0,356.1
213,7073,2067468,528.9,356.3,521.2,329.5,525.05,342.9,0,1,528.9,356.3
213,7074,2067469,528.8,356.4,521.5,328.7,525.15,342.55,0,1,528.8,356.4
213,7075,2067470,528.7,356.4,521.8,328.0,525.25,342.2,0,1,528.7,356.4
213,7076,2067471,528.4,356.5,522.1,327.5,525.25,342.0,0,1,528.4,356.5
213,7077,2067472,528.2,356.5,522.3,326.9,525.25,341.7,0,1,528.2,356.5
213,7078,2067473,527.9,356.4,522.3,326.3,525.1,341.35,0,1,527.9,356.4
213,7079,2067474,527.6,356.2,522.0,326.8,524.8,341.5,0,1,527.6,356.2
213,7080,2067475,527.3,356.1,521.7,327.5,524.5,341.8,0,1,527.3,356.1
213,7081,2067476,527.1,355.9,521.3,328.1,524.2,342.0,0,1,527.1,355.9
213,7082,2067477,526.9,355.8,521.0,328.7,523.95,342.25,0,1,526.9,355.8
213,7083,2067478,526.9,355.7,520.7,329.1,523.8,342.4,0,1,526.9,355.7
213,7084,2067479,526.9,355.5,520.5,329.3,523.7,342.4,0,1,526.9,355.5
213,7085,2067480,526.3,355.3,520.3,329.4,523.3,342.35,0,1,526.3,355.3
213,7086,2067481,525.8,355.2,520.4,329.3,523.1,342.25,0,1,525.8,355.2
213,7087,2067482,525.3,355.1,520.6,329.1,522.95,342.1,0,1,525.3,355.1
213,7088,2067483,524.8,355.0,520.7,329.0,522.75,342.0,0,1,524.8,355.0
213,7089,2067484,524.5,355.0,520.8,329.0,522.65,342.0,0,1,524.5,355.0
213,7090,2067485,524.1,355.0,520.9,329.0,522.5,342.0,0,1,524.1,355.0
213,7091,2067486,523.6,355.1,521.0,329.0,522.3,342.05,0,1,523.6,355.1
213,7092,2067487,523.8,355.3,521.1,329.1,522.45,342.2,0,1,523.8,355.3
213,7093,2067488,524.1,355.5,521.3,329.2,522.7,342.35,0,1,524.1,355.5
213,7094,2067489,524.4,355.5,521.3,329.3,522.85,342.4,0,1,524.4,355.5
213,7095,2067490,524.9,355.2,521.2,329.3,523.05,342.25,0,1,524.9,355.2
213,7096,2067491,525.2,354.9,521.2,329.1,523.2,342.0,0,1,525.2,354.9
213,7097,2067492,525.4,354.6,521.2,328.9,523.3,341.75,0,1,525.4,354.6
213,7098,2067493,525.6,354.3,521.2,328.7,523.4,341.5,0,1,525.6,354.3
213,7099,2067494,525.6,353.9,521.1,328.6,523.35,341.25,0,1,525.6,353.9
213,7100,2067495,525.5,353.4,521.0,328.4,523.25,340.9,0,1,525.5,353.4
214,7101,2067496,525.3,353.2,521.1,328.0,523.2,340.6,0,1,525.3,353.2
214,7102,2067497,524.9,353.2,521.3,327.6,523.1,340.4,0,1,524.9,353.2
214,7103,2067498,524.5,353.3,521.4,327.1,522.95,340.2,0,1,524.5,353.3
214,7104,2067499,524.2,353.5,521.5,326.6,522.85,340.05,0,1,524.2,353.5
214,7105,2067500,523.9,353.7,521.6,326.3,522.75,340.0,0,1,523.9,353.7
214,7106,2067501,524.0,353.8,521.9,326.1,522.95,339.95,0,1,524.0,353.8
214,7107,2067502,524.1,354.0,522.1,326.1,523.1,340.05,0,1,524.1,354.0
214,7108,2067503,523.8,354.1,522.2,326.3,523.0,340.2,0,1,523.8,354.1
214,7109,2067504,523.6,354.1,522.3,326.9,522.95,340.5,0,1,523.6,354.1
214,7110,2067505,523.3,354.0,522.4,327.4,522.85,340.7,0,1,523.3,354.0
214,7111,2067506,523.1,353.9,522.5,327.9,522.8,340.9,0,1,523.1,353.9
214,7112,2067507,522.9,353.9,522.6,328.3,522.75,341.1,0,1,522.9,353.9
214,7113,2067508,522.7,353.8,522.3,328.8,522.5,341.3,0,1,522.7,353.8
214,7114,2067509,522.5,353.8,522.1,329.1,522.3,341.45,0,1,522.5,353.8
214,7115,2067510,522.6,353.8,521.9,329.5,522.25,341.65,0,1,522.6,353.8
214,7116,2067511,522.5,353.8,521.7,329.6,522.1,341.7,0,1,522.5,353.8
214,7117,2067512,522.5,353.8,521.5,329.5,522.0,341.65,0,1,522.5,353.8
214,7118,2067513,522.5,353.8,521.4,329.5,521.95,341.65,0,1,522.5,353.8
214,7119,2067514,522.4,353.7,521.4,329.5,521.9,341.6,0,1,522.4,353.7
214,7120,2067515,522.3,353.8,521.4,329.5,521.85,341.65,0,1,522.3,353.8
214,7121,2067516,522.3,354.1,521.3,329.5,521.8,341.8,0,1,522.3,354.1
214,7122,2067517,522.3,354.3,521.2,329.4,521.75,341.85,0,1,522.3,354.3
214,7123,2067518,522.5,354.6,521.1,329.4,521.8,342.0,0,1,522.5,354.6
214,7124,2067519,522.7,354.9,521.0,329.2,521.85,342.05,0,1,522.7,354.9
214,7125,2067520,522.9,355.2,520.8,329.0,521.85,342.1,0,1,522.9,355.2
214,7126,2067521,523.2,355.5,520.6,328.6,521.9,342.05,0,1,523.2,355.5
214,7127,2067522,523.7,355.8,520.5,327.3,522.1,341.55,0,1,523.7,355.8
214,7128,2067523,524.4,355.9,520.5,325.9,522.45,340.9,0,1,524.4,355.9
214,7129,2067524,525.8,355.9,520.7,324.4,523.25,340.15,0,1,525.8,355.9
214,7130,2067525,527.8,356.0,521.2,323.0,524.5,339.5,0,1,527.8,356.0
214,7131,2067526,530.3,355.8,522.4,321.8,526.35,338.8,0,1,530.3,355.8
214,7132,2067527,532.8,355.5,523.9,320.7,528.35,338.1,0,1,532.8,355.5
214,7133,2067528,535.5,354.9,527.7,319.9,531.6,337.4,0,1,535.5,354.9
215,7134,2067529,538.0,354.2,533.5,319.9,535.75,337.05,0,1,538.0,354.2
215,7135,2067530,542.4,353.5,540.3,320.0,541.35,336.75,0,1,542.4,353.5
215,7136,2067531,547.3,352.8,548.7,321.4,548.0,337.1,0,1,547.3,352.8
215,7137,2067532,552.3,352.0,559.8,323.3,556.05,337.65,0,1,552.3,352.0
215,7138,2067533,557.2,351.0,572.8,325.2,565.0,338.1,0,1,557.2,351.0
215,7139,2067534,564.4,350.2,589.3,327.0,576.85,338.6,0,1,564.4,350.2
215,7140,2067535,573.3,349.7,608.2,329.0,590.75,339.35,0,1,573.3,349.7
215,7141,2067536,584.3,349.3,629.8,331.0,607.05,340.15,0,1,584.3,349.3
215,7142,2067537,596.6,349.1,654.1,335.3,625.35,342.2,0,1,596.6,349.1
215,7143,2067538,610.4,349.1,679.0,338.7,644.7,343.9,0,1,610.4,349.1
215,7144,2067539,626.1,349.2,700.9,341.5,663.5,345.35,0,1,626.1,349.2
215,7145,2067540,645.3,349.8,722.8,345.8,684.05,347.8,0,1,645.3,349.8
215,7146,2067541,664.5,350.4,744.2,350.9,704.35,350.65,0,1,664.5,350.4
215,7147,2067542,684.8,351.1,763.5,356.8,724.15,353.95,0,1,684.8,351.1
215,7148,2067543,704.2,353.5,782.5,364.0,743.35,358.75,0,1,704.2,353.5
215,7149,2067544,724.1,356.9,800.2,368.9,762.15,362.9,0,1,724.1,356.9
215,7150,2067545,742.8,360.9,818.4,373.4,780.6,367.15,0,1,742.8,360.9
215,7151,2067546,762.5,365.5,836.7,377.9,799.6,371.7,0,1,762.5,365.5
215,7152,2067547,781.8,370.6,854.5,381.3,818.15,375.95,0,1,781.8,370.6
215,7153,2067548,800.1,376.3,872.7,386.9,836.4,381.6,0,1,800.1,376.3
215,7154,2067549,818.7,382.5,890.2,393.1,854.45,387.8,0,1,818.7,382.5
215,7155,2067550,838.5,388.4,904.5,398.3,871.5,393.35,0,1,838.5,388.4
215,7156,2067551,857.2,394.9,918.1,403.5,887.65,399.2,0,1,857.2,394.9
215,7157,2067552,876.7,402.7,930.6,408.8,903.65,405.75,0,1,876.7,402.7
215,7158,2067553,895.6,411.0,945.6,414.7,920.6,412.85,0,1,895.6,411.0
215,7159,2067554,911.6,418.9,959.9,421.2,935.75,420.05,0,1,911.6,418.9
215,7160,2067555,928.4,428.5,971.4,424.6,949.9,426.55,0,1,928.4,428.5
215,7161,2067556,943.7,437.8,982.1,426.5,962.9,432.15,0,1,943.7,437.8
215,7162,2067557,958.3,445.8,994.4,429.6,976.35,437.7,0,1,958.3,445.8
215,7163,2067558,973.6,454.6,1006.5,432.7,990.05,443.65,0,1,973.6,454.6
215,7164,2067559,988.1,461.4,1019.9,436.2,1004.0,448.8,0,1,988.1,461.4
215,7165,2067560,1001.8,467.0,1033.3,439.0,1017.55,453.0,0,1,1001.8,467.0
215,7166,2067561,1016.8,474.3,1048.0,441.1,1032.4,457.7,0,1,1016.8,474.3
216,7167,2067562,1031.1,479.2,1063.0,443.2,1047.05,461.2,0,1,1031.1,479.2
216,7168,2067563,1045.5,483.9,1078.5,445.2,1062.0,464.55,0,1,1045.5,483.9
216,7169,2067564,1059.4,488.6,1093.0,445.4,1076.2,467.0,0,1,1059.4,488.6
216,7170,2067565,1072.5,491.0,1107.9,445.7,1090.2,468.35,0,1,1072.5,491.0
216,7171,2067566,1086.4,493.6,1121.1,445.5,1103.75,469.55,0,1,1086.4,493.6
216,7172,2067567,1100.1,496.0,1134.4,445.4,1117.25,470.7,0,1,1100.1,496.0
216,7173,2067568,1112.1,496.8,1145.1,445.3,1128.6,471.05,0,1,1112.1,496.8
216,7174,2067569,1123.2,497.4,1157.4,445.4,1140.3,471.4,0,1,1123.2,497.4
216,7175,2067570,1132.6,498.0,1170.3,445.5,1151.45,471.75,0,1,1132.6,498.0
216,7176,2067571,1140.5,498.4,1182.6,445.8,1161.55,472.1,0,1,1140.5,498.4
216,7177,2067572,1147.2,498.7,1193.5,446.0,1170.35,472.35,0,1,1147.2,498.7
216,7178,2067573,1151.3,498.7,1203.8,446.0,1177.55,472.35,0,1,1151.3,498.7
216,7179,2067574,1154.2,498.6,1212.6,445.8,1183.4,472.2,0,1,1154.2,498.6
216,7180,2067575,1157.3,498.8,1222.6,445.7,1189.95,472.25,0,1,1157.3,498.8
216,7181,2067576,1160.4,499.2,1229.9,445.5,1195.15,472.35,0,1,1160.4,499.2
216,7182,2067577,1164.1,499.7,1235.8,445.2,1199.95,472.45,0,1,1164.1,499.7
216,7183,2067578,1168.2,500.4,1240.4,445.0,1204.3,472.7,0,1,1168.2,500.4
216,7184,2067579,1172.3,501.4,1244.5,444.9,1208.4,473.15,0,1,1172.3,501.4
216,7185,2067580,1176.5,502.4,1247.8,444.8,1212.15,473.6,0,1,1176.5,502.4
216,7186,2067581,1179.9,503.7,1249.8,444.6,1214.85,474.15,0,1,1179.9,503.7
216,7187,2067582,1182.9,504.9,1250.6,443.9,1216.75,474.4,0,1,1182.9,504.9
216,7188,2067583,1184.7,506.0,1251.4,443.2,1218.05,474.6,0,1,1184.7,506.0
216,7189,2067584,1185.8,506.9,1251.4,442.4,1218.6,474.65,0,1,1185.8,506.9
216,7190,2067585,1185.8,507.8,1251.4,441.6,1218.6,474.7,0,1,1185.8,507.8
216,7191,2067586,1183.8,508.2,1251.3,440.8,1217.55,474.5,0,1,1183.8,508.2
216,7192,2067587,1181.9,509.0,1250.0,439.5,1215.95,474.25,0,1,1181.9,509.0
216,7193,2067588,1179.3,509.5,1248.6,438.4,1213.95,473.95,0,1,1179.3,509.5
216,7194,2067589,1176.5,510.0,1247.1,437.7,1211.8,473.85,0,1,1176.5,510.0
216,7195,2067590,1173.0,510.3,1245.6,436.9,1209.3,473.6,0,1,1173.0,510.3
216,7196,2067591,1169.6,510.6,1243.4,436.3,1206.5,473.45,0,1,1169.6,510.6
216,7197,2067592,1166.7,510.9,1241.2,435.7,1203.95,473.3,0,1,1166.7,510.9
216,7198,2067593,1164.5,511.1,1238.5,435.2,1201.5,473.15,0,1,1164.5,511.1
216,7199,2067594,1162.4,510.6,1237.1,435.2,1199.75,472.9,0,1,1162.4,510.6
216,7200,2067595,1160.8,510.0,1235.6,435.2,1198.2,472.6,0,1,1160.8,510.0
217,7201,2067596,1159.5,509.2,1234.2,435.2,1196.85,472.2,0,1,1159.5,509.2
217,7202,2067597,1159.6,508.6,1232.9,435.8,1196.25,472.2,0,1,1159.6,508.6
217,7203,2067598,1160.0,507.4,1231.6,436.2,1195.8,471.8,0,1,1160.0,507.4
217,7204,2067599,1160.5,506.3,1230.2,436.6,1195.35,471.45,0,1,1160.5,506.3
217,7205,2067600,1161.3,505.3,1229.4,437.1,1195.35,471.2,0,1,1161.3,505.3
217,7206,2067601,1162.2,504.7,1228.6,437.5,1195.4,471.1,0,1,1162.2,504.7
217,7207,2067602,1163.6,504.4,1227.5,437.9,1195.55,471.15,0,1,1163.6,504.4
217,7208,2067603,1164.9,504.3,1226.4,438.3,1195.65,471.3,0,1,1164.9,504.3
217,7209,2067604,1166.3,504.1,1225.3,438.3,1195.8,471.2,0,1,1166.3,504.1
217,7210,2067605,1167.2,504.5,1224.9,439.1,1196.05,471.8,0,1,1167.2,504.5
217,7211,2067606,1168.1,505.0,1224.4,439.9,1196.25,472.45,0,1,1168.1,505.0
217,7212,2067607,1168.8,505.6,1224.0,440.7,1196.4,473.15,0,1,1168.8,505.6
217,7213,2067608,1169.7,506.4,1223.2,441.4,1196.45,473.9,0,1,1169.7,506.4
217,7214,2067609,1170.4,507.1,1222.6,442.1,1196.5,474.6,0,1,1170.4,507.1
217,7215,2067610,1171.1,507.8,1221.5,443.0,1196.3,475.4,0,1,1171.1,507.8
217,7216,2067611,1171.8,508.5,1220.1,444.2,1195.95,476.35,0,1,1171.8,508.5
217,7217,2067612,1172.6,509.2,1218.7,444.7,1195.65,476.95,0,1,1172.6,509.2
217,7218,2067613,1173.4,509.9,1217.4,445.3,1195.4,477.6,0,1,1173.4,509.9
217,7219,2067614,1174.1,510.4,1216.2,446.0,1195.15,478.2,0,1,1174.1,510.4
217,7220,2067615,1174.6,510.7,1215.3,446.8,1194.95,478.75,0,1,1174.6,510.7
217,7221,2067616,1174.9,510.8,1214.7,447.6,1194.8,479.2,0,1,1174.9,510.8
217,7222,2067617,1175.2,510.6,1214.6,448.3,1194.9,479.45,0,1,1175.2,510.6
217,7223,2067618,1175.4,510.4,1214.8,449.6,1195.1,480.0,0,1,1175.4,510.4
217,7224,2067619,1175.9,510.2,1215.0,450.9,1195.45,480.55,0,1,1175.9,510.2
217,7225,2067620,1176.2,510.0,1214.8,452.2,1195.5,481.1,0,1,1176.2,510.0
217,7226,2067621,1176.6,509.9,1214.5,453.8,1195.55,481.85,0,1,1176.6,509.9
217,7227,2067622,1176.9,509.9,1214.0,455.3,1195.45,482.6,0,1,1176.9,509.9
217,7228,2067623,1177.1,510.0,1213.1,456.8,1195.1,483.4,0,1,1177.1,510.0
217,7229,2067624,1177.3,510.3,1211.8,458.3,1194.55,484.3,0,1,1177.3,510.3
217,7230,2067625,1177.6,510.5,1210.6,458.8,1194.1,484.65,0,1,1177.6,510.5
217,7231,2067626,1177.6,510.6,1209.2,459.3,1193.4,484.95,0,1,1177.6,510.6
217,7232,2067627,1177.7,510.6,1208.2,459.6,1192.95,485.1,0,1,1177.7,510.6
217,7233,2067628,1177.7,510.6,1207.1,459.7,1192.4,485.15,0,1,1177.7,510.6
218,7234,2067629,1177.7,510.4,1206.2,459.7,1191.95,485.05,0,1,1177.7,510.4
218,7235,2067630,1177.7,510.3,1205.4,459.8,1191.55,485.05,0,1,1177.7,510.3
218,7236,2067631,1177.7,510.2,1205.0,459.7,1191.35,484.95,0,1,1177.7,510.2
218,7237,2067632,1177.7,510.2,1204.7,459.6,1191.2,484.9,0,1,1177.7,510.2
218,7238,2067633,1177.7,510.3,1204.5,459.5,1191.1,484.9,0,1,1177.7,510.3
218,7239,2067634,1177.9,510.4,1204.4,459.3,1191.15,484.85,0,1,1177.9,510.4
218,7240,2067635,1178.3,510.4,1204.5,459.2,1191.4,484.8,0,1,1178.3,510.4
218,7241,2067636,1178.7,510.6,1204.5,459.1,1191.6,484.85,0,1,1178.7,510.6
218,7242,2067637,1179.1,510.8,1204.5,459.1,1191.8,484.95,0,1,1179.1,510.8
218,7243,2067638,1179.4,511.5,1204.3,459.1,1191.85,485.3,0,1,1179.4,511.5
218,7244,2067639,1179.7,512.2,1204.2,459.2,1191.95,485.7,0,1,1179.7,512.2
218,7245,2067640,1180.0,512.7,1204.0,459.3,1192.0,486.0,0,1,1180.0,512.7
218,7246,2067641,1180.4,513.3,1203.8,459.7,1192.1,486.5,0,1,1180.4,513.3
218,7247,2067642,1180.7,513.4,1203.5,460.0,1192.1,486.7,0,1,1180.7,513.4
218,7248,2067643,1181.0,513.4,1203.3,460.2,1192.15,486.8,0,1,1181.0,513.4
218,7249,2067644,1181.4,513.4,1203.1,460.3,1192.25,486.85,0,1,1181.4,513.4
218,7250,2067645,1181.8,513.1,1203.0,460.3,1192.4,486.7,0,1,1181.8,513.1
218,7251,2067646,1182.2,513.4,1202.9,460.2,1192.55,486.8,0,1,1182.2,513.4
218,7252,2067647,1182.6,513.7,1202.8,459.9,1192.7,486.8,0,1,1182.6,513.7
218,7253,2067648,1182.7,514.1,1202.6,459.3,1192.65,486.7,0,1,1182.7,514.1
218,7254,2067649,1182.8,514.8,1202.4,458.9,1192.6,486.85,0,1,1182.8,514.8
218,7255,2067650,1182.8,515.6,1202.2,458.5,1192.5,487.05,0,1,1182.8,515.6
218,7256,2067651,1182.7,516.2,1202.0,458.5,1192.35,487.35,0,1,1182.7,516.2
218,7257,2067652,1182.5,516.7,1201.8,458.5,1192.15,487.6,0,1,1182.5,516.7
218,7258,2067653,1182.2,516.8,1201.7,458.9,1191.95,487.85,0,1,1182.2,516.8
218,7259,2067654,1181.9,516.9,1201.7,459.4,1191.8,488.15,0,1,1181.9,516.9
218,7260,2067655,1181.5,517.0,1201.7,459.8,1191.6,488.4,0,1,1181.5,517.0
218,7261,2067656,1181.1,516.4,1201.7,460.2,1191.4,488.3,0,1,1181.1,516.4
218,7262,2067657,1180.6,515.9,1201.6,460.6,1191.1,488.25,0,1,1180.6,515.9
218,7263,2067658,1180.3,515.4,1201.5,461.1,1190.9,488.25,0,1,1180.3,515.4
218,7264,2067659,1179.8,515.0,1201.3,461.5,1190.55,488.25,0,1,1179.8,515.0
218,7265,2067660,1179.4,514.3,1201.1,461.7,1190.25,488.0,0,1,1179.4,514.3
218,7266,2067661,1179.1,513.4,1200.9,462.0,1190.0,487.7,0,1,1179.1,513.4
219,7267,2067662,1178.9,512.5,1200.5,462.3,1189.7,487.4,0,1,1178.9,512.5
219,7268,2067663,1178.7,512.2,1200.1,462.6,1189.4,487.4,0,1,1178.7,512.2
219,7269,2067664,1178.5,512.0,1199.5,462.9,1189.0,487.45,0,1,1178.5,512.0
219,7270,2067665,1178.3,512.4,1198.9,463.0,1188.6,487.7,0,1,1178.3,512.4
219,7271,2067666,1178.3,512.7,1198.4,463.0,1188.35,487.85,0,1,1178.3,512.7
219,7272,2067667,1178.3,513.2,1197.8,463.1,1188.05,488.15,0,1,1178.3,513.2
219,7273,2067668,1178.3,514.8,1197.2,463.3,1187.75,489.05,0,1,1178.3,514.8
219,7274,2067669,1178.2,516.4,1196.8,463.4,1187.5,489.9,0,1,1178.2,516.4
219,7275,2067670,1178.1,517.8,1196.4,463.4,1187.25,490.6,0,1,1178.1,517.8
219,7276,2067671,1178.0,519.1,1196.4,463.5,1187.2,491.3,0,1,1178.0,519.1
219,7277,2067672,1178.0,519.1,1196.6,463.5,1187.3,491.3,0,1,1178.0,519.1
219,7278,2067673,1178.0,519.2,1196.8,463.6,1187.4,491.4,0,1,1178.0,519.2
219,7279,2067674,1178.0,519.3,1197.1,463.6,1187.55,491.45,0,1,1178.0,519.3
219,7280,2067675,1178.0,518.6,1197.4,464.2,1187.7,491.4,0,1,1178.0,518.6
219,7281,2067676,1177.8,517.9,1197.9,464.8,1187.85,491.35,0,1,1177.8,517.9
219,7282,2067677,1177.7,517.4,1198.3,465.4,1188.0,491.4,0,1,1177.7,517.4
219,7283,2067678,1177.5,517.2,1198.5,465.9,1188.0,491.55,0,1,1177.5,517.2
219,7284,2067679,1177.2,517.4,1198.4,466.4,1187.8,491.9,0,1,1177.2,517.4
219,7285,2067680,1176.9,517.6,1198.3,466.9,1187.6,492.25,0,1,1176.9,517.6
219,7286,2067681,1176.6,517.7,1198.2,467.3,1187.4,492.5,0,1,1176.6,517.7
219,7287,2067682,1176.3,517.6,1198.1,467.2,1187.2,492.4,0,1,1176.3,517.6
219,7288,2067683,1176.1,517.5,1197.8,467.0,1186.95,492.25,0,1,1176.1,517.5
219,7289,2067684,1176.0,517.2,1197.5,466.7,1186.75,491.95,0,1,1176.0,517.2
219,7290,2067685,1175.9,516.9,1197.3,466.6,1186.6,491.75,0,1,1175.9,516.9
219,7291,2067686,1175.9,516.4,1197.3,466.5,1186.6,491.45,0,1,1175.9,516.4
219,7292,2067687,1176.2,515.6,1197.2,466.5,1186.7,491.05,0,1,1176.2,515.6
219,7293,2067688,1176.4,515.0,1197.1,466.5,1186.75,490.75,0,1,1176.4,515.0
219,7294,2067689,1176.7,514.5,1197.0,466.6,1186.85,490.55,0,1,1176.7,514.5
219,7295,2067690,1177.0,514.1,1197.0,466.9,1187.0,490.5,0,1,1177.0,514.1
219,7296,2067691,1177.3,513.8,1196.9,467.3,1187.1,490.55,0,1,1177.3,513.8
219,7297,2067692,1177.6,513.5,1196.9,467.7,1187.25,490.6,0,1,1177.6,513.5
219,7298,2067693,1177.5,513.4,1196.9,468.1,1187.2,490.75,0,1,1177.5,513.4
219,7299,2067694,1177.3,513.4,1196.7,468.4,1187.0,490.9,0,1,1177.3,513.4
219,7300,2067695,1177.0,513.4,1196.3,468.7,1186.65,491.05,0,1,1177.0,513.4
220,7301,2067696,1176.7,513.4,1195.9,469.0,1186.3,491.2,0,1,1176.7,513.4
220,7302,2067697,1176.3,513.2,1195.6,469.1,1185.95,491.15,0,1,1176.3,513.2
220,7303,2067698,1175.8,513.1,1195.2,468.9,1185.5,491.0,0,1,1175.8,513.1
220,7304,2067699,1175.3,512.9,1194.7,468.6,1185.0,490.75,0,1,1175.3,512.9
220,7305,2067700,1175.1,513.1,1194.3,468.4,1184.7,490.75,0,1,1175.1,513.1
220,7306,2067701,1174.9,513.2,1194.0,468.0,1184.45,490.6,0,1,1174.9,513.2
220,7307,2067702,1174.4,513.5,1194.1,467.6,1184.25,490.55,0,1,1174.4,513.5
220,7308,2067703,1174.0,513.9,1194.3,467.3,1184.15,490.6,0,1,1174.0,513.9
220,7309,2067704,1173.7,514.6,1194.5,466.8,1184.1,490.7,0,1,1173.7,514.6
220,7310,2067705,1173.3,515.2,1194.8,466.6,1184.05,490.9,0,1,1173.3,515.2
220,7311,2067706,1173.0,515.7,1195.1,466.3,1184.05,491.0,0,1,1173.0,515.7
220,7312,2067707,1172.7,516.0,1195.4,466.2,1184.05,491.1,0,1,1172.7,516.0
220,7313,2067708,1172.3,516.3,1195.8,466.4,1184.05,491.35,0,1,1172.3,516.3
220,7314,2067709,1172.3,516.3,1196.0,467.3,1184.15,491.8,0,1,1172.3,516.3
220,7315,2067710,1172.3,516.3,1196.1,468.1,1184.2,492.2,0,1,1172.3,516.3
220,7316,2067711,1172.3,515.8,1196.1,469.1,1184.2,492.45,0,1,1172.3,515.8
220,7317,2067712,1172.3,515.4,1196.2,470.2,1184.25,492.8,0,1,1172.3,515.4
220,7318,2067713,1172.3,514.9,1196.2,471.2,1184.25,493.05,0,1,1172.3,514.9
220,7319,2067714,1172.2,514.5,1196.2,472.2,1184.2,493.35,0,1,1172.2,514.5
220,7320,2067715,1172.2,513.7,1196.2,473.0,1184.2,493.35,0,1,1172.2,513.7
220,7321,2067716,1172.2,513.0,1196.2,473.1,1184.2,493.05,0,1,1172.2,513.0
220,7322,2067717,1172.3,512.3,1196.1,473.1,1184.2,492.7,0,1,1172.3,512.3
220,7323,2067718,1172.4,511.8,1196.1,473.1,1184.25,492.45,0,1,1172.4,511.8
220,7324,2067719,1172.5,511.2,1196.0,473.2,1184.25,492.2,0,1,1172.5,511.2
220,7325,2067720,1172.6,510.7,1195.8,473.3,1184.2,492.0,0,1,1172.6,510.7
220,7326,2067721,1172.8,509.9,1195.5,473.4,1184.15,491.65,0,1,1172.8,509.9
220,7327,2067722,1173.0,509.3,1195.3,473.4,1184.15,491.35,0,1,1173.0,509.3
220,7328,2067723,1173.1,508.6,1195.0,473.4,1184.05,491.0,0,1,1173.1,508.6
220,7329,2067724,1173.3,507.9,1194.8,473.6,1184.05,490.75,0,1,1173.3,507.9
220,7330,2067725,1173.3,507.1,1194.7,473.7,1184.0,490.4,0,1,1173.3,507.1
220,7331,2067726,1173.4,506.5,1194.5,473.8,1183.95,490.15,0,1,1173.4,506.5
220,7332,2067727,1173.4,505.9,1194.4,473.7,1183.9,489.8,0,1,1173.4,505.9
220,7333,2067728,1173.4,505.8,1194.3,473.6,1183.85,489.7,0,1,1173.4,505.8
221,7334,2067729,1173.4,505.7,1194.2,473.4,1183.8,489.55,0,1,1173.4,505.7
221,7335,2067730,1173.4,505.9,1194.1,473.2,1183.75,489.55,0,1,1173.4,505.9
221,7336,2067731,1173.3,506.0,1194.0,472.2,1183.65,489.1,0,1,1173.3,506.0
221,7337,2067732,1173.3,505.9,1193.9,471.2,1183.6,488.55,0,1,1173.3,505.9
221,7338,2067733,1173.3,505.8,1193.8,470.1,1183.55,487.95,0,1,1173.3,505.8
221,7339,2067734,1173.3,505.8,1193.4,469.2,1183.35,487.5,0,1,1173.3,505.8
221,7340,2067735,1173.2,505.6,1193.0,468.4,1183.1,487.0,0,1,1173.2,505.6
221,7341,2067736,1173.2,505.3,1192.7,467.6,1182.95,486.45,0,1,1173.2,505.3
221,7342,2067737,1173.0,505.0,1192.5,466.8,1182.75,485.9,0,1,1173.0,505.0
221,7343,2067738,1172.8,504.7,1192.4,466.9,1182.6,485.8,0,1,1172.8,504.7
221,7344,2067739,1172.5,504.6,1192.2,467.1,1182.35,485.85,0,1,1172.5,504.6
221,7345,2067740,1171.7,504.4,1192.0,467.4,1181.85,485.9,0,1,1171.7,504.4
221,7346,2067741,1170.9,504.3,1192.2,467.6,1181.55,485.95,0,1,1170.9,504.3
221,7347,2067742,1170.1,504.1,1192.4,467.9,1181.25,486.0,0,1,1170.1,504.1
221,7348,2067743,1169.4,504.0,1192.7,468.1,1181.05,486.05,0,1,1169.4,504.0
221,7349,2067744,1168.7,504.0,1192.9,468.4,1180.8,486.2,0,1,1168.7,504.0
221,7350,2067745,1168.1,504.1,1193.1,468.6,1180.6,486.35,0,1,1168.1,504.1
221,7351,2067746,1167.7,504.3,1193.4,468.6,1180.55,486.45,0,1,1167.7,504.3
221,7352,2067747,1167.8,505.1,1193.6,468.5,1180.7,486.8,0,1,1167.8,505.1
221,7353,2067748,1168.0,505.9,1193.8,468.3,1180.9,487.1,0,1,1168.0,505.9
221,7354,2067749,1168.2,507.1,1193.8,467.9,1181.0,487.5,0,1,1168.2,507.1
221,7355,2067750,1168.6,508.2,1193.6,467.2,1181.1,487.7,0,1,1168.6,508.2
221,7356,2067751,1168.9,509.3,1193.5,466.6,1181.2,487.95,0,1,1168.9,509.3
221,7357,2067752,1169.2,510.5,1193.3,466.0,1181.25,488.25,0,1,1169.2,510.5
221,7358,2067753,1169.5,511.5,1193.1,465.4,1181.3,488.45,0,1,1169.5,511.5
221,7359,2067754,1169.7,511.8,1192.9,465.7,1181.3,488.75,0,1,1169.7,511.8
221,7360,2067755,1169.9,512.0,1192.8,466.1,1181.35,489.05,0,1,1169.9,512.0
221,7361,2067756,1170.0,511.9,1192.8,466.8,1181.4,489.35,0,1,1170.0,511.9
221,7362,2067757,1170.0,511.9,1192.8,467.6,1181.4,489.75,0,1,1170.0,511.9
221,7363,2067758,1170.1,511.8,1192.7,468.4,1181.4,490.1,0,1,1170.1,511.8
221,7364,2067759,1170.1,511.7,1192.6,469.3,1181.35,490.5,0,1,1170.1,511.7
221,7365,2067760,1170.2,511.5,1192.4,470.3,1181.3,490.9,0,1,1170.2,511.5
221,7366,2067761,1170.3,511.4,1192.1,470.5,1181.2,490.95,0,1,1170.3,511.4
222,7367,2067762,1170.5,511.5,1191.9,470.6,1181.2,491.05,0,1,1170.5,511.5
222,7368,2067763,1170.9,511.6,1191.7,470.6,1181.3,491.1,0,1,1170.9,511.6
222,7369,2067764,1171.3,511.6,1191.5,470.5,1181.4,491.05,0,1,1171.3,511.6
222,7370,2067765,1171.7,511.6,1191.3,470.4,1181.5,491.0,0,1,1171.7,511.6
222,7371,2067766,1172.0,511.7,1191.2,470.1,1181.6,490.9,0,1,1172.0,511.7
222,7372,2067767,1172.0,511.8,1191.2,469.5,1181.6,490.65,0,1,1172.0,511.8
222,7373,2067768,1171.9,511.9,1191.2,468.9,1181.55,490.4,0,1,1171.9,511.9
222,7374,2067769,1171.7,512.1,1191.3,468.4,1181.5,490.25,0,1,1171.7,512.1
222,7375,2067770,1171.2,512.2,1191.3,468.1,1181.25,490.15,0,1,1171.2,512.2
222,7376,2067771,1170.7,512.3,1191.2,467.8,1180.95,490.05,0,1,1170.7,512.3
222,7377,2067772,1170.2,512.4,1191.1,467.6,1180.65,490.0,0,1,1170.2,512.4
222,7378,2067773,1170.2,512.3,1190.8,467.6,1180.5,489.95,0,1,1170.2,512.3
222,7379,2067774,1170.3,512.2,1190.5,468.3,1180.4,490.25,0,1,1170.3,512.2
222,7380,2067775,1170.5,511.9,1190.2,469.0,1180.35,490.45,0,1,1170.5,511.9
222,7381,2067776,1170.8,511.7,1189.8,469.6,1180.3,490.65,0,1,1170.8,511.7
222,7382,2067777,1171.1,511.3,1189.6,470.2,1180.35,490.75,0,1,1171.1,511.3
222,7383,2067778,1171.7,511.0,1189.3,470.8,1180.5,490.9,0,1,1171.7,511.0
222,7384,2067779,1172.3,510.8,1189.2,471.3,1180.75,491.05,0,1,1172.3,510.8
222,7385,2067780,1172.6,511.0,1189.3,471.8,1180.95,491.4,0,1,1172.6,511.0
222,7386,2067781,1172.9,511.3,1189.7,471.7,1181.3,491.5,0,1,1172.9,511.3
222,7387,2067782,1173.2,511.6,1190.3,471.6,1181.75,491.6,0,1,1173.2,511.6
222,7388,2067783,1173.4,512.0,1190.9,471.7,1182.15,491.85,0,1,1173.4,512.0
222,7389,2067784,1173.5,512.6,1191.4,472.2,1182.45,492.4,0,1,1173.5,512.6
222,7390,2067785,1173.4,513.2,1192.1,472.8,1182.75,493.0,0,1,1173.4,513.2
222,7391,2067786,1173.2,513.6,1192.8,473.5,1183.0,493.55,0,1,1173.2,513.6
222,7392,2067787,1172.9,513.8,1193.5,474.1,1183.2,493.95,0,1,1172.9,513.8
222,7393,2067788,1172.5,513.9,1193.9,474.4,1183.2,494.15,0,1,1172.5,513.9
222,7394,2067789,1172.2,514.0,1194.1,474.8,1183.15,494.4,0,1,1172.2,514.0
222,7395,2067790,1171.9,513.9,1193.9,475.1,1182.9,494.5,0,1,1171.9,513.9
222,7396,2067791,1171.7,513.7,1193.5,475.4,1182.6,494.55,0,1,1171.7,513.7
222,7397,2067792,1171.5,513.4,1192.9,475.5,1182.2,494.45,0,1,1171.5,513.4
222,7398,2067793,1171.4,513.0,1192.3,475.6,1181.85,494.3,0,1,1171.4,513.0
222,7399,2067794,1171.4,512.7,1191.7,475.8,1181.55,494.25,0,1,1171.4,512.7
222,7400,2067795,1171.5,512.4,1191.2,476.1,1181.35,494.25,0,1,1171.5,512.4
223,7401,2067796,1171.6,512.3,1190.8,476.2,1181.2,494.25,0,1,1171.6,512.3
223,7402,2067797,1171.8,512.2,1190.9,476.1,1181.35,494.15,0,1,1171.8,512.2
223,7403,2067798,1172.0,512.0,1191.1,475.8,1181.55,493.9,0,1,1172.0,512.0
223,7404,2067799,1172.1,511.9,1191.4,475.4,1181.75,493.65,0,1,1172.1,511.9
223,7405,2067800,1172.3,511.8,1191.4,475.1,1181.85,493.45,0,1,1172.3,511.8
223,7406,2067801,1172.5,511.6,1191.4,474.8,1181.95,493.2,0,1,1172.5,511.6
223,7407,2067802,1172.6,511.3,1191.2,474.7,1181.9,493.0,0,1,1172.6,511.3
223,7408,2067803,1172.6,511.0,1191.0,474.8,1181.8,492.9,0,1,1172.6,511.0
223,7409,2067804,1172.7,510.6,1190.8,474.9,1181.75,492.75,0,1,1172.7,510.6
223,7410,2067805,1172.9,510.3,1190.5,475.0,1181.7,492.65,0,1,1172.9,510.3
223,7411,2067806,1173.0,510.2,1190.3,475.1,1181.65,492.65,0,1,1173.0,510.2
223,7412,2067807,1173.2,510.2,1190.3,475.2,1181.75,492.7,0,1,1173.2,510.2
223,7413,2067808,1173.4,510.1,1190.3,475.1,1181.85,492.6,0,1,1173.4,510.1
223,7414,2067809,1173.5,510.1,1190.5,475.0,1182.0,492.55,0,1,1173.5,510.1
223,7415,2067810,1173.7,510.0,1190.9,474.5,1182.3,492.25,0,1,1173.7,510.0
223,7416,2067811,1173.9,509.8,1191.4,474.0,1182.65,491.9,0,1,1173.9,509.8
223,7417,2067812,1174.0,509.4,1191.9,473.6,1182.95,491.5,0,1,1174.0,509.4
223,7418,2067813,1174.1,509.0,1192.3,473.1,1183.2,491.05,0,1,1174.1,509.0
223,7419,2067814,1174.2,508.6,1192.8,472.6,1183.5,490.6,0,1,1174.2,508.6
223,7420,2067815,1174.2,508.4,1193.2,472.1,1183.7,490.25,0,1,1174.2,508.4
223,7421,2067816,1174.3,508.2,1193.5,471.7,1183.9,489.95,0,1,1174.3,508.2
223,7422,2067817,1174.3,508.1,1193.6,471.5,1183.95,489.8,0,1,1174.3,508.1
223,7423,2067818,1174.2,508.5,1193.5,471.5,1183.85,490.0,0,1,1174.2,508.5
223,7424,2067819,1174.2,508.9,1193.4,471.8,1183.8,490.35,0,1,1174.2,508.9
223,7425,2067820,1174.2,509.3,1193.2,472.1,1183.7,490.7,0,1,1174.2,509.3
223,7426,2067821,1174.2,509.5,1193.1,472.4,1183.65,490.95,0,1,1174.2,509.5
223,7427,2067822,1174.1,509.5,1192.9,472.4,1183.5,490.95,0,1,1174.1,509.5
223,7428,2067823,1174.2,509.3,1192.7,472.4,1183.45,490.85,0,1,1174.2,509.3
223,7429,2067824,1174.3,509.0,1192.6,472.3,1183.45,490.65,0,1,1174.3,509.0
223,7430,2067825,1174.6,508.2,1192.5,472.1,1183.55,490.15,0,1,1174.6,508.2
223,7431,2067826,1174.8,507.4,1192.5,471.6,1183.65,489.5,0,1,1174.8,507.4
223,7432,2067827,1175.1,506.6,1192.4,471.2,1183.75,488.9,0,1,1175.1,506.6
223,7433,2067828,1175.3,505.4,1192.4,470.9,1183.85,488.15,0,1,1175.3,505.4
224,7434,2067829,1175.5,504.1,1192.4,470.9,1183.95,487.5,0,1,1175.5,504.1
224,7435,2067830,1175.7,502.9,1192.8,470.8,1184.25,486.85,0,1,1175.7,502.9
224,7436,2067831,1175.8,501.8,1193.1,470.9,1184.45,486.35,0,1,1175.8,501.8
224,7437,2067832,1175.7,500.9,1193.3,470.9,1184.5,485.9,0,1,1175.7,500.9
224,7438,2067833,1175.6,500.1,1193.5,470.8,1184.55,485.45,0,1,1175.6,500.1
224,7439,2067834,1175.6,499.3,1193.9,470.7,1184.75,485.0,0,1,1175.6,499.3
224,7440,2067835,1175.7,498.9,1194.3,470.4,1185.0,484.65,0,1,1175.7,498.9
224,7441,2067836,1175.7,500.1,1194.6,470.1,1185.15,485.1,0,1,1175.7,500.1
224,7442,2067837,1175.8,501.2,1194.7,469.9,1185.25,485.55,0,1,1175.8,501.2
224,7443,2067838,1175.9,502.3,1194.8,469.6,1185.35,485.95,0,1,1175.9,502.3
224,7444,2067839,1176.1,502.9,1194.8,469.4,1185.45,486.15,0,1,1176.1,502.9
224,7445,2067840,1176.2,503.5,1194.9,469.3,1185.55,486.4,0,1,1176.2,503.5
224,7446,2067841,1176.2,504.2,1195.1,469.2,1185.65,486.7,0,1,1176.2,504.2
224,7447,2067842,1176.2,504.7,1195.5,469.4,1185.85,487.05,0,1,1176.2,504.7
224,7448,2067843,1176.3,504.1,1195.8,469.5,1186.05,486.8,0,1,1176.3,504.1
224,7449,2067844,1176.4,503.3,1196.1,469.7,1186.25,486.5,0,1,1176.4,503.3
224,7450,2067845,1176.5,502.6,1196.5,469.3,1186.5,485.95,0,1,1176.5,502.6
224,7451,2067846,1176.5,502.3,1197.0,468.9,1186.75,485.6,0,1,1176.5,502.3
224,7452,2067847,1176.6,502.0,1197.4,468.6,1187.0,485.3,0,1,1176.6,502.0
224,7453,2067848,1176.7,500.9,1197.7,468.3,1187.2,484.6,0,1,1176.7,500.9
224,7454,2067849,1176.8,499.8,1197.7,467.9,1187.25,483.85,0,1,1176.8,499.8
224,7455,2067850,1176.9,498.8,1197.6,467.7,1187.25,483.25,0,1,1176.9,498.8
224,7456,2067851,1176.9,498.0,1197.5,467.4,1187.2,482.7,0,1,1176.9,498.0
224,7457,2067852,1176.9,497.3,1197.4,467.7,1187.15,482.5,0,1,1176.9,497.3
224,7458,2067853,1176.8,496.6,1197.2,467.9,1187.0,482.25,0,1,1176.8,496.6
224,7459,2067854,1176.8,496.1,1197.1,468.0,1186.95,482.05,0,1,1176.8,496.1
224,7460,2067855,1176.6,496.4,1197.0,467.9,1186.8,482.15,0,1,1176.6,496.4
224,7461,2067856,1176.5,496.8,1196.8,467.7,1186.65,482.25,0,1,1176.5,496.8
224,7462,2067857,1176.4,497.1,1196.7,467.4,1186.55,482.25,0,1,1176.4,497.1
224,7463,2067858,1176.3,497.4,1196.6,467.3,1186.45,482.35,0,1,1176.3,497.4
224,7464,2067859,1176.2,497.7,1196.5,467.5,1186.35,482.6,0,1,1176.2,497.7
224,7465,2067860,1176.1,498.1,1196.3,467.8,1186.2,482.95,0,1,1176.1,498.1
224,7466,2067861,1176.0,498.3,1196.2,468.1,1186.1,483.2,0,1,1176.0,498.3
225,7467,2067862,1176.0,498.3,1196.1,468.4,1186.05,483.35,0,1,1176.0,498.3
225,7468,2067863,1176.0,497.9,1196.0,468.7,1186.0,483.3,0,1,1176.0,497.9
225,7469,2067864,1176.0,497.4,1196.0,468.8,1186.0,483.1,0,1,1176.0,497.4
225,7470,2067865,1176.1,497.0,1195.8,468.7,1185.95,482.85,0,1,1176.1,497.0
225,7471,2067866,1176.1,496.5,1195.7,468.3,1185.9,482.4,0,1,1176.1,496.5
225,7472,2067867,1176.0,496.0,1195.3,467.8,1185.65,481.9,0,1,1176.0,496.0
225,7473,2067868,1175.7,495.7,1194.7,467.3,1185.2,481.5,0,1,1175.7,495.7
225,7474,2067869,1175.5,495.5,1194.1,466.9,1184.8,481.2,0,1,1175.5,495.5
225,7475,2067870,1175.2,495.7,1193.6,466.5,1184.4,481.1,0,1,1175.2,495.7
225,7476,2067871,1174.8,495.7,1193.1,466.1,1183.95,480.9,0,1,1174.8,495.7
225,7477,2067872,1174.3,495.8,1192.7,465.8,1183.5,480.8,0,1,1174.3,495.8
225,7478,2067873,1173.9,495.9,1192.3,465.5,1183.1,480.7,0,1,1173.9,495.9
225,7479,2067874,1173.5,495.8,1192.2,465.2,1182.85,480.5,0,1,1173.5,495.8
225,7480,2067875,1173.4,495.6,1192.3,465.0,1182.85,480.3,0,1,1173.4,495.6
225,7481,2067876,1173.3,495.5,1192.4,464.9,1182.85,480.2,0,1,1173.3,495.5
225,7482,2067877,1173.4,495.6,1192.6,465.0,1183.0,480.3,0,1,1173.4,495.6
225,7483,2067878,1173.6,495.9,1192.7,465.1,1183.15,480.5,0,1,1173.6,495.9
225,7484,2067879,1173.9,496.2,1192.8,465.4,1183.35,480.8,0,1,1173.9,496.2
225,7485,2067880,1174.2,496.6,1192.9,465.7,1183.55,481.15,0,1,1174.2,496.6
225,7486,2067881,1174.5,497.1,1193.0,466.1,1183.75,481.6,0,1,1174.5,497.1
225,7487,2067882,1174.8,497.6,1192.9,466.5,1183.85,482.05,0,1,1174.8,497.6
225,7488,2067883,1174.9,498.0,1192.8,466.8,1183.85,482.4,0,1,1174.9,498.0
225,7489,2067884,1174.8,498.2,1192.6,467.2,1183.7,482.7,0,1,1174.8,498.2
225,7490,2067885,1174.7,498.5,1192.4,467.5,1183.55,483.0,0,1,1174.7,498.5
225,7491,2067886,1174.8,499.0,1192.1,467.9,1183.45,483.45,0,1,1174.8,499.0
225,7492,2067887,1174.8,499.3,1191.5,468.2,1183.15,483.75,0,1,1174.8,499.3
225,7493,2067888,1174.8,499.4,1191.0,468.5,1182.9,483.95,0,1,1174.8,499.4
225,7494,2067889,1174.7,499.5,1190.5,468.7,1182.6,484.1,0,1,1174.7,499.5
225,7495,2067890,1174.6,499.4,1189.1,469.0,1181.85,484.2,0,1,1174.6,499.4
225,7496,2067891,1174.4,499.1,1187.7,469.2,1181.05,484.15,0,1,1174.4,499.1
225,7497,2067892,1174.1,498.5,1186.5,469.2,1180.3,483.85,0,1,1174.1,498.5
225,7498,2067893,1173.8,497.8,1185.9,468.7,1179.85,483.25,0,1,1173.8,497.8
225,7499,2067894,1173.4,497.1,1185.7,468.1,1179.55,482.6,0,1,1173.4,497.1
225,7500,2067895,1173.1,496.6,1185.5,467.6,1179.3,482.1,0,1,1173.1,496.6
226,7501,2067896,1173.0,496.2,1185.4,467.0,1179.2,481.6,0,1,1173.0,496.2
226,7502,2067897,1173.1,496.0,1186.4,466.4,1179.75,481.2,0,1,1173.1,496.0
226,7503,2067898,1173.1,495.9,1187.2,465.8,1180.15,480.85,0,1,1173.1,495.9
226,7504,2067899,1173.3,495.8,1187.9,465.6,1180.6,480.7,0,1,1173.3,495.8
226,7505,2067900,1173.4,495.6,1188.1,466.0,1180.75,480.8,0,1,1173.4,495.6
226,7506,2067901,1173.5,495.5,1188.2,466.5,1180.85,481.0,0,1,1173.5,495.5
226,7507,2067902,1173.6,495.2,1188.2,467.1,1180.9,481.15,0,1,1173.6,495.2
226,7508,2067903,1173.6,495.0,1188.0,467.8,1180.8,481.4,0,1,1173.6,495.0
226,7509,2067904,1173.5,494.9,1187.8,468.6,1180.65,481.75,0,1,1173.5,494.9
226,7510,2067905,1173.5,495.0,1187.5,469.3,1180.5,482.15,0,1,1173.5,495.0
226,7511,2067906,1173.3,495.6,1187.4,469.4,1180.35,482.5,0,1,1173.3,495.6
226,7512,2067907,1173.2,496.2,1187.2,469.3,1180.2,482.75,0,1,1173.2,496.2
226,7513,2067908,1172.7,496.8,1187.1,469.0,1179.9,482.9,0,1,1172.7,496.8
226,7514,2067909,1172.3,497.5,1186.7,468.8,1179.5,483.15,0,1,1172.3,497.5
226,7515,2067910,1172.0,498.1,1186.5,468.5,1179.25,483.3,0,1,1172.0,498.1
226,7516,2067911,1171.7,498.6,1186.2,468.2,1178.95,483.4,0,1,1171.7,498.6
226,7517,2067912,1171.5,498.6,1185.8,467.9,1178.65,483.25,0,1,1171.5,498.6
226,7518,2067913,1171.4,498.3,1185.4,468.0,1178.4,483.15,0,1,1171.4,498.3
226,7519,2067914,1171.5,498.0,1184.9,468.2,1178.2,483.1,0,1,1171.5,498.0
226,7520,2067915,1171.7,497.5,1184.5,468.5,1178.1,483.0,0,1,1171.7,497.5
226,7521,2067916,1172.0,497.0,1184.2,468.8,1178.1,482.9,0,1,1172.0,497.0
226,7522,2067917,1172.1,496.4,1183.9,469.2,1178.0,482.8,0,1,1172.1,496.4
226,7523,2067918,1172.1,495.7,1183.8,469.8,1177.95,482.75,0,1,1172.1,495.7
226,7524,2067919,1172.1,495.2,1183.7,470.4,1177.9,482.8,0,1,1172.1,495.2
226,7525,2067920,1171.8,494.6,1183.7,471.0,1177.75,482.8,0,1,1171.8,494.6
226,7526,2067921,1171.5,494.0,1183.8,471.5,1177.65,482.75,0,1,1171.5,494.0
226,7527,2067922,1171.1,493.8,1183.9,471.9,1177.5,482.85,0,1,1171.1,493.8
226,7528,2067923,1170.7,493.8,1184.0,472.1,1177.35,482.95,0,1,1170.7,493.8
226,7529,2067924,1170.4,494.1,1184.1,472.2,1177.25,483.15,0,1,1170.4,494.1
226,7530,2067925,1169.9,494.5,1184.2,472.1,1177.05,483.3,0,1,1169.9,494.5
226,7531,2067926,1169.5,495.0,1184.3,472.1,1176.9,483.55,0,1,1169.5,495.0
226,7532,2067927,1169.2,495.7,1184.7,472.1,1176.95,483.9,0,1,1169.2,495.7
226,7533,2067928,1168.9,496.3,1185.1,472.2,1177.0,484.25,0,1,1168.9,496.3
227,7534,2067929,1168.6,497.1,1185.6,472.3,1177.1,484.7,0,1,1168.6,497.1
227,7535,2067930,1168.4,497.8,1186.5,472.4,1177.45,485.1,0,1,1168.4,497.8
227,7536,2067931,1168.2,498.3,1187.3,472.5,1177.75,485.4,0,1,1168.2,498.3
227,7537,2067932,1168.3,498.8,1188.1,472.4,1178.2,485.6,0,1,1168.3,498.8
227,7538,2067933,1168.4,499.3,1188.6,472.3,1178.5,485.8,0,1,1168.4,499.3
227,7539,2067934,1168.6,499.7,1188.8,472.2,1178.7,485.95,0,1,1168.6,499.7
227,7540,2067935,1168.7,500.2,1188.8,472.2,1178.75,486.2,0,1,1168.7,500.2
227,7541,2067936,1168.8,500.1,1188.4,472.1,1178.6,486.1,0,1,1168.8,500.1
227,7542,2067937,1169.0,500.1,1187.6,472.0,1178.3,486.05,0,1,1169.0,500.1
227,7543,2067938,1169.0,500.0,1186.7,471.9,1177.85,485.95,0,1,1169.0,500.0
227,7544,2067939,1169.0,500.0,1186.0,471.8,1177.5,485.9,0,1,1169.0,500.0
227,7545,2067940,1169.0,499.8,1185.5,471.8,1177.25,485.8,0,1,1169.0,499.8
227,7546,2067941,1169.1,499.5,1185.6,471.9,1177.35,485.7,0,1,1169.1,499.5
227,7547,2067942,1169.2,499.3,1186.0,472.2,1177.6,485.75,0,1,1169.2,499.3
227,7548,2067943,1169.3,499.0,1186.7,472.7,1178.0,485.85,0,1,1169.3,499.0
227,7549,2067944,1169.5,498.8,1187.3,473.3,1178.4,486.05,0,1,1169.5,498.8
227,7550,2067945,1169.6,498.7,1188.1,473.8,1178.85,486.25,0,1,1169.6,498.7
227,7551,2067946,1169.8,498.9,1188.8,474.4,1179.3,486.65,0,1,1169.8,498.9
227,7552,2067947,1170.0,499.3,1189.4,474.7,1179.7,487.0,0,1,1170.0,499.3
227,7553,2067948,1170.1,499.6,1189.5,474.8,1179.8,487.2,0,1,1170.1,499.6
227,7554,2067949,1170.1,500.0,1189.5,474.7,1179.8,487.35,0,1,1170.1,500.0
227,7555,2067950,1170.2,500.6,1189.5,474.5,1179.85,487.55,0,1,1170.2,500.6
227,7556,2067951,1170.2,501.0,1189.5,474.3,1179.85,487.65,0,1,1170.2,501.0
227,7557,2067952,1170.2,501.3,1189.5,474.4,1179.85,487.85,0,1,1170.2,501.3
227,7558,2067953,1170.3,501.4,1189.5,475.3,1179.9,488.35,0,1,1170.3,501.4
227,7559,2067954,1170.4,501.3,1189.5,476.5,1179.95,488.9,0,1,1170.4,501.3
227,7560,2067955,1170.4,501.3,1189.6,477.7,1180.0,489.5,0,1,1170.4,501.3
227,7561,2067956,1170.4,502.0,1189.7,478.8,1180.05,490.4,0,1,1170.4,502.0
227,7562,2067957,1170.4,502.7,1189.8,479.7,1180.1,491.2,0,1,1170.4,502.7
227,7563,2067958,1170.5,503.4,1190.0,480.6,1180.25,492.0,0,1,1170.5,503.4
227,7564,2067959,1170.5,504.0,1190.2,481.2,1180.35,492.6,0,1,1170.5,504.0
227,7565,2067960,1170.7,504.7,1190.4,480.7,1180.55,492.7,0,1,1170.7,504.7
227,7566,2067961,1170.9,505.3,1190.5,480.1,1180.7,492.7,0,1,1170.9,505.3
228,7567,2067962,1171.1,506.0,1190.5,479.5,1180.8,492.75,0,1,1171.1,506.0
228,7568,2067963,1171.3,506.0,1190.2,478.5,1180.75,492.25,0,1,1171.3,506.0
228,7569,2067964,1171.6,505.8,1189.8,477.7,1180.7,491.75,0,1,1171.6,505.8
228,7570,2067965,1171.7,505.4,1189.5,476.9,1180.6,491.15,0,1,1171.7,505.4
228,7571,2067966,1171.9,505.0,1189.2,476.0,1180.55,490.5,0,1,1171.9,505.0
228,7572,2067967,1172.0,504.5,1188.8,475.3,1180.4,489.9,0,1,1172.0,504.5
228,7573,2067968,1172.0,503.6,1188.5,474.7,1180.25,489.15,0,1,1172.0,503.6
228,7574,2067969,1172.0,502.6,1188.2,474.2,1180.1,488.4,0,1,1172.0,502.6
228,7575,2067970,1172.0,501.6,1188.0,474.0,1180.0,487.8,0,1,1172.0,501.6
228,7576,2067971,1172.1,501.1,1187.7,473.8,1179.9,487.45,0,1,1172.1,501.1
228,7577,2067972,1172.2,501.0,1187.4,473.6,1179.8,487.3,0,1,1172.2,501.0
228,7578,2067973,1172.3,501.2,1187.2,473.4,1179.75,487.3,0,1,1172.3,501.2
228,7579,2067974,1172.3,501.5,1186.9,473.3,1179.6,487.4,0,1,1172.3,501.5
228,7580,2067975,1172.3,502.7,1186.7,473.2,1179.5,487.95,0,1,1172.3,502.7
228,7581,2067976,1172.3,503.9,1186.7,473.1,1179.5,488.5,0,1,1172.3,503.9
228,7582,2067977,1172.2,505.4,1186.7,473.1,1179.45,489.25,0,1,1172.2,505.4
228,7583,2067978,1172.1,506.4,1186.8,472.1,1179.45,489.25,0,1,1172.1,506.4
228,7584,2067979,1172.4,507.0,1186.7,471.0,1179.55,489.0,0,1,1172.4,507.0
228,7585,2067980,1172.7,507.6,1186.3,470.2,1179.5,488.9,0,1,1172.7,507.6
228,7586,2067981,1173.0,508.0,1185.8,469.5,1179.4,488.75,0,1,1173.0,508.0
228,7587,2067982,1173.3,508.0,1185.3,468.7,1179.3,488.35,0,1,1173.3,508.0
228,7588,2067983,1173.4,507.8,1184.6,467.7,1179.0,487.75,0,1,1173.4,507.8
228,7589,2067984,1173.5,507.6,1184.0,466.0,1178.75,486.8,0,1,1173.5,507.6
228,7590,2067985,1173.6,507.5,1183.0,465.3,1178.3,486.4,0,1,1173.6,507.5
228,7591,2067986,1173.2,507.4,1182.2,464.6,1177.7,486.0,0,1,1173.2,507.4
228,7592,2067987,1172.8,507.4,1181.6,463.7,1177.2,485.55,0,1,1172.8,507.4
228,7593,2067988,1172.7,508.0,1181.2,462.3,1176.95,485.15,0,1,1172.7,508.0
228,7594,2067989,1172.7,508.6,1180.8,461.2,1176.75,484.9,0,1,1172.7,508.6
228,7595,2067990,1173.0,510.3,1181.0,460.2,1177.0,485.25,0,1,1173.0,510.3
228,7596,2067991,1173.3,511.9,1181.1,460.0,1177.2,485.95,0,1,1173.3,511.9
228,7597,2067992,1173.7,513.4,1182.0,459.7,1177.85,486.55,0,1,1173.7,513.4
228,7598,2067993,1174.1,514.8,1182.8,459.4,1178.45,487.1,0,1,1174.1,514.8
228,7599,2067994,1174.5,515.8,1184.0,459.2,1179.25,487.5,0,1,1174.5,515.8
228,7600,2067995,1174.7,516.2,1184.9,459.1,1179.8,487.65,0,1,1174.7,516.2
229,7601,2067996,1174.9,516.6,1185.8,459.1,1180.35,487.85,0,1,1174.9,516.6
229,7602,2067997,1175.0,516.0,1185.9,459.2,1180.45,487.6,0,1,1175.0,516.0
229,7603,2067998,1175.1,515.4,1186.0,459.2,1180.55,487.3,0,1,1175.1,515.4
229,7604,2067999,1175.8,514.9,1185.9,459.1,1180.85,487.0,0,1,1175.8,514.9
229,7605,2068000,1176.3,514.5,1185.8,459.2,1181.05,486.85,0,1,1176.3,514.5
229,7606,2068001,1176.9,514.5,1185.4,459.2,1181.15,486.85,0,1,1176.9,514.5
229,7607,2068002,1177.3,514.9,1185.1,459.2,1181.2,487.05,0,1,1177.3,514.9
229,7608,2068003,1177.2,515.2,1184.9,459.1,1181.05,487.15,0,1,1177.2,515.2
229,7609,2068004,1177.0,515.6,1184.9,458.9,1180.95,487.25,0,1,1177.0,515.6
229,7610,2068005,1176.9,516.1,1184.9,458.8,1180.9,487.45,0,1,1176.9,516.1
229,7611,2068006,1176.3,516.6,1185.0,458.7,1180.65,487.65,0,1,1176.3,516.6
229,7612,2068007,1176.0,517.1,1185.1,458.8,1180.55,487.95,0,1,1176.0,517.1
229,7613,2068008,1175.7,517.5,1185.2,458.8,1180.45,488.15,0,1,1175.7,517.5
229,7614,2068009,1175.6,517.3,1185.4,458.8,1180.5,488.05,0,1,1175.6,517.3
229,7615,2068010,1176.1,517.1,1185.5,458.9,1180.8,488.0,0,1,1176.1,517.1
229,7616,2068011,1176.5,516.9,1185.7,459.2,1181.1,488.05,0,1,1176.5,516.9
229,7617,2068012,1176.8,516.6,1185.8,459.5,1181.3,488.05,0,1,1176.8,516.6
229,7618,2068013,1177.2,516.4,1185.9,459.8,1181.55,488.1,0,1,1177.2,516.4
229,7619,2068014,1177.4,516.2,1186.0,460.0,1181.7,488.1,0,1,1177.4,516.2
229,7620,2068015,1177.5,516.1,1186.1,460.3,1181.8,488.2,0,1,1177.5,516.1
229,7621,2068016,1177.7,516.2,1186.1,460.7,1181.9,488.45,0,1,1177.7,516.2
229,7622,2068017,1177.9,516.4,1186.2,460.9,1182.05,488.65,0,1,1177.9,516.4
229,7623,2068018,1178.0,516.5,1186.2,461.0,1182.1,488.75,0,1,1178.0,516.5
229,7624,2068019,1178.0,516.4,1186.3,461.1,1182.15,488.75,0,1,1178.0,516.4
229,7625,2068020,1178.1,516.1,1186.3,461.1,1182.2,488.6,0,1,1178.1,516.1
229,7626,2068021,1178.0,515.8,1186.4,461.0,1182.2,488.4,0,1,1178.0,515.8
229,7627,2068022,1178.0,515.5,1186.5,460.9,1182.25,488.2,0,1,1178.0,515.5
229,7628,2068023,1177.9,515.3,1186.6,460.8,1182.25,488.05,0,1,1177.9,515.3
229,7629,2068024,1177.8,515.1,1186.7,460.7,1182.25,487.9,0,1,1177.8,515.1
229,7630,2068025,1177.8,514.9,1187.0,460.7,1182.4,487.8,0,1,1177.8,514.9
229,7631,2068026,1177.8,514.8,1187.2,460.6,1182.5,487.7,0,1,1177.8,514.8
229,7632,2068027,1177.9,515.0,1187.6,460.6,1182.75,487.8,0,1,1177.9,515.0
229,7633,2068028,1177.9,515.5,1188.0,460.6,1182.95,488.05,0,1,1177.9,515.5
230,7634,2068029,1178.1,516.3,1188.3,460.7,1183.2,488.5,0,1,1178.1,516.3
230,7635,2068030,1178.2,517.0,1188.6,460.9,1183.4,488.95,0,1,1178.2,517.0
230,7636,2068031,1178.4,517.6,1188.8,461.1,1183.6,489.35,0,1,1178.4,517.6
230,7637,2068032,1178.5,518.2,1189.0,461.3,1183.75,489.75,0,1,1178.5,518.2
230,7638,2068033,1178.7,518.8,1189.2,461.5,1183.95,490.15,0,1,1178.7,518.8
230,7639,2068034,1178.8,519.4,1189.3,461.7,1184.05,490.55,0,1,1178.8,519.4
230,7640,2068035,1179.0,519.4,1189.4,462.0,1184.2,490.7,0,1,1179.0,519.4
230,7641,2068036,1179.1,519.3,1189.5,462.2,1184.3,490.75,0,1,1179.1,519.3
230,7642,2068037,1179.3,518.8,1189.6,462.3,1184.45,490.55,0,1,1179.3,518.8
230,7643,2068038,1179.6,518.5,1189.7,462.7,1184.65,490.6,0,1,1179.6,518.5
230,7644,2068039,1179.9,518.2,1189.7,463.1,1184.8,490.65,0,1,1179.9,518.2
230,7645,2068040,1180.2,517.9,1189.8,463.5,1185.0,490.7,0,1,1180.2,517.9
230,7646,2068041,1180.5,517.6,1189.8,464.0,1185.15,490.8,0,1,1180.5,517.6
230,7647,2068042,1180.8,517.3,1189.7,465.0,1185.25,491.15,0,1,1180.8,517.3
230,7648,2068043,1181.0,516.8,1189.6,466.0,1185.3,491.4,0,1,1181.0,516.8
230,7649,2068044,1181.2,516.6,1189.4,466.8,1185.3,491.7,0,1,1181.2,516.6
230,7650,2068045,1181.4,516.4,1189.1,467.3,1185.25,491.85,0,1,1181.4,516.4
230,7651,2068046,1181.6,516.1,1188.7,467.6,1185.15,491.85,0,1,1181.6,516.1
230,7652,2068047,1182.2,515.9,1188.4,467.9,1185.3,491.9,0,1,1182.2,515.9
230,7653,2068048,1182.9,515.2,1188.2,468.0,1185.55,491.6,0,1,1182.9,515.2
230,7654,2068049,1183.5,514.2,1187.9,467.6,1185.7,490.9,0,1,1183.5,514.2
230,7655,2068050,1184.2,513.8,1187.6,467.1,1185.9,490.45,0,1,1184.2,513.8
230,7656,2068051,1184.9,513.6,1187.3,466.6,1186.1,490.1,0,1,1184.9,513.6
230,7657,2068052,1185.5,514.7,1187.2,466.2,1186.35,490.45,0,1,1185.5,514.7
230,7658,2068053,1186.1,515.8,1187.0,465.9,1186.55,490.85,0,1,1186.1,515.8
230,7659,2068054,1186.3,516.8,1186.9,465.2,1186.6,491.0,0,1,1186.3,516.8
230,7660,2068055,1186.5,518.1,1186.9,464.6,1186.7,491.35,0,1,1186.5,518.1
230,7661,2068056,1186.7,519.5,1186.9,464.1,1186.8,491.8,0,1,1186.7,519.5
230,7662,2068057,1186.6,520.5,1186.9,463.6,1186.75,492.05,0,1,1186.6,520.5
230,7663,2068058,1186.5,521.2,1187.0,463.2,1186.75,492.2,0,1,1186.5,521.2
230,7664,2068059,1186.4,520.5,1187.0,462.9,1186.7,491.7,0,1,1186.4,520.5
230,7665,2068060,1186.3,519.8,1187.1,462.7,1186.7,491.25,0,1,1186.3,519.8
230,7666,2068061,1186.0,519.2,1186.9,462.9,1186.45,491.05,0,1,1186.0,519.2
231,7667,2068062,1185.6,518.6,1186.7,463.1,1186.15,490.85,0,1,1185.6,518.6
231,7668,2068063,1184.8,517.4,1186.5,463.2,1185.65,490.3,0,1,1184.8,517.4
231,7669,2068064,1184.0,516.4,1186.1,463.3,1185.05,489.85,0,1,1184.0,516.4
231,7670,2068065,1183.2,515.4,1185.8,463.4,1184.5,489.4,0,1,1183.2,515.4
231,7671,2068066,1182.5,514.8,1185.5,463.5,1184.0,489.15,0,1,1182.5,514.8
231,7672,2068067,1181.7,514.5,1185.2,463.5,1183.45,489.0,0,1,1181.7,514.5
231,7673,2068068,1180.9,514.1,1184.9,463.5,1182.9,488.8,0,1,1180.9,514.1
231,7674,2068069,1180.1,513.8,1184.5,463.3,1182.3,488.55,0,1,1180.1,513.8
231,7675,2068070,1179.6,514.2,1184.2,463.1,1181.9,488.65,0,1,1179.6,514.2
231,7676,2068071,1178.8,514.9,1183.8,462.9,1181.3,488.9,0,1,1178.8,514.9
231,7677,2068072,1177.5,515.2,1183.4,462.6,1180.45,488.9,0,1,1177.5,515.2
231,7678,2068073,1176.3,515.4,1183.0,462.2,1179.65,488.8,0,1,1176.3,515.4
231,7679,2068074,1175.2,515.3,1182.6,461.9,1178.9,488.6,0,1,1175.2,515.3
231,7680,2068075,1174.1,515.1,1182.3,461.7,1178.2,488.4,0,1,1174.1,515.1
231,7681,2068076,1173.2,514.8,1182.1,461.9,1177.65,488.35,0,1,1173.2,514.8
231,7682,2068077,1172.5,514.6,1181.8,462.4,1177.15,488.5,0,1,1172.5,514.6
231,7683,2068078,1172.2,514.4,1181.7,463.0,1176.95,488.7,0,1,1172.2,514.4
231,7684,2068079,1172.5,514.5,1181.6,463.6,1177.05,489.05,0,1,1172.5,514.5
231,7685,2068080,1172.5,514.7,1181.4,464.2,1176.95,489.45,0,1,1172.5,514.7
231,7686,2068081,1172.4,514.8,1181.1,464.7,1176.75,489.75,0,1,1172.4,514.8
231,7687,2068082,1172.2,514.9,1180.9,465.1,1176.55,490.0,0,1,1172.2,514.9
231,7688,2068083,1172.0,515.0,1180.7,465.3,1176.35,490.15,0,1,1172.0,515.0
231,7689,2068084,1171.3,515.1,1180.6,465.1,1175.95,490.1,0,1,1171.3,515.1
231,7690,2068085,1170.3,515.0,1180.4,464.9,1175.35,489.95,0,1,1170.3,515.0
231,7691,2068086,1169.3,514.6,1180.3,464.7,1174.8,489.65,0,1,1169.3,514.6
231,7692,2068087,1168.3,514.3,1180.2,464.3,1174.25,489.3,0,1,1168.3,514.3
231,7693,2068088,1167.3,513.9,1180.1,464.0,1173.7,488.95,0,1,1167.3,513.9
231,7694,2068089,1166.2,513.5,1180.1,463.7,1173.15,488.6,0,1,1166.2,513.5
231,7695,2068090,1165.3,513.2,1179.9,463.4,1172.6,488.3,0,1,1165.3,513.2
231,7696,2068091,1164.6,512.8,1179.6,463.3,1172.1,488.05,0,1,1164.6,512.8
231,7697,2068092,1164.3,512.4,1179.3,463.2,1171.8,487.8,0,1,1164.3,512.4
231,7698,2068093,1164.2,512.1,1178.9,463.1,1171.55,487.6,0,1,1164.2,512.1
231,7699,2068094,1164.1,511.8,1178.6,463.4,1171.35,487.6,0,1,1164.1,511.8
231,7700,2068095,1164.4,512.0,1178.4,463.6,1171.4,487.8,0,1,1164.4,512.0
232,7701,2068096,1164.9,512.2,1178.2,463.9,1171.55,488.05,0,1,1164.9,512.2
232,7702,2068097,1165.4,512.3,1178.1,464.2,1171.75,488.25,0,1,1165.4,512.3
232,7703,2068098,1165.9,512.6,1178.0,464.3,1171.95,488.45,0,1,1165.9,512.6
232,7704,2068099,1166.4,512.8,1178.0,464.5,1172.2,488.65,0,1,1166.4,512.8
232,7705,2068100,1167.0,512.9,1178.1,464.9,1172.55,488.9,0,1,1167.0,512.9
232,7706,2068101,1168.1,513.2,1178.2,465.4,1173.15,489.3,0,1,1168.1,513.2
232,7707,2068102,1169.6,513.0,1178.5,466.0,1174.05,489.5,0,1,1169.6,513.0
232,7708,2068103,1171.1,512.6,1178.8,466.7,1174.95,489.65,0,1,1171.1,512.6
232,7709,2068104,1172.6,512.2,1179.0,467.4,1175.8,489.8,0,1,1172.6,512.2
232,7710,2068105,1174.0,511.2,1179.0,468.1,1176.5,489.65,0,1,1174.0,511.2
232,7711,2068106,1175.3,509.3,1178.2,468.7,1176.75,489.0,0,1,1175.3,509.3
232,7712,2068107,1176.6,507.2,1177.3,467.9,1176.95,487.55,0,1,1176.6,507.2
232,7713,2068108,1174.9,503.5,1176.1,466.7,1175.5,485.1,0,1,1174.9,503.5
232,7714,2068109,1171.0,499.3,1172.1,465.1,1171.55,482.2,0,1,1171.0,499.3
232,7715,2068110,1164.8,493.3,1167.9,461.4,1166.35,477.35,0,1,1164.8,493.3
232,7716,2068111,1156.3,485.9,1161.8,456.2,1159.05,471.05,0,1,1156.3,485.9
232,7717,2068112,1145.1,478.2,1153.9,448.7,1149.5,463.45,0,1,1145.1,478.2
232,7718,2068113,1132.7,470.0,1145.3,439.8,1139.0,454.9,0,1,1132.7,470.0
232,7719,2068114,1118.2,460.6,1133.6,430.3,1125.9,445.45,0,1,1118.2,460.6
232,7720,2068115,1104.7,450.0,1120.9,419.3,1112.8,434.65,0,1,1104.7,450.0
232,7721,2068116,1091.9,438.5,1108.0,406.5,1099.95,422.5,0,1,1091.9,438.5
232,7722,2068117,1080.2,427.3,1093.7,393.9,1086.95,410.6,0,1,1080.2,427.3
232,7723,2068118,1070.7,417.4,1080.6,382.5,1075.65,399.95,0,1,1070.7,417.4
232,7724,2068119,1063.1,408.1,1069.8,372.6,1066.45,390.35,0,1,1063.1,408.1
232,7725,2068120,1056.2,399.0,1060.3,363.3,1058.25,381.15,0,1,1056.2,399.0
232,7726,2068121,1050.6,390.3,1054.2,354.5,1052.4,372.4,0,1,1050.6,390.3
232,7727,2068122,1046.1,384.1,1049.4,347.1,1047.75,365.6,0,1,1046.1,384.1
232,7728,2068123,1041.3,379.2,1047.6,341.3,1044.45,360.25,0,1,1041.3,379.2
232,7729,2068124,1037.3,376.2,1047.2,337.4,1042.25,356.8,0,1,1037.3,376.2
232,7730,2068125,1032.1,373.0,1047.3,331.5,1039.7,352.25,0,1,1032.1,373.0
232,7731,2068126,1027.7,370.2,1046.4,326.3,1037.05,348.25,0,1,1027.7,370.2
232,7732,2068127,1022.9,369.0,1045.1,321.9,1034.0,345.45,0,1,1022.9,369.0
232,7733,2068128,1018.3,369.0,1042.4,318.5,1030.35,343.75,0,1,1018.3,369.0
233,7734,2068129,1013.4,369.0,1038.7,315.3,1026.05,342.15,0,1,1013.4,369.0
233,7735,2068130,1009.3,369.7,1034.3,312.4,1021.8,341.05,0,1,1009.3,369.7
233,7736,2068131,1005.5,370.6,1029.8,309.4,1017.65,340.0,0,1,1005.5,370.6
233,7737,2068132,1002.8,371.5,1025.4,308.7,1014.1,340.1,0,1,1002.8,371.5
233,7738,2068133,1000.3,372.4,1021.4,308.2,1010.85,340.3,0,1,1000.3,372.4
233,7739,2068134,998.5,372.9,1017.8,307.8,1008.15,340.35,0,1,998.5,372.9
233,7740,2068135,997.2,373.2,1015.0,308.3,1006.1,340.75,0,1,997.2,373.2
233,7741,2068136,996.3,373.6,1013.1,308.9,1004.7,341.25,0,1,996.3,373.6
233,7742,2068137,995.8,373.3,1011.5,309.7,1003.65,341.5,0,1,995.8,373.3
233,7743,2068138,995.4,373.0,1010.4,310.3,1002.9,341.65,0,1,995.4,373.0
233,7744,2068139,995.4,372.6,1009.3,310.9,1002.35,341.75,0,1,995.4,372.6
233,7745,2068140,995.6,372.4,1008.6,311.3,1002.1,341.85,0,1,995.6,372.4
233,7746,2068141,995.9,372.3,1008.3,311.6,1002.1,341.95,0,1,995.9,372.3
233,7747,2068142,996.8,372.2,1008.5,311.5,1002.65,341.85,0,1,996.8,372.2
233,7748,2068143,998.0,372.1,1008.6,311.4,1003.3,341.75,0,1,998.0,372.1
233,7749,2068144,999.2,372.0,1008.9,311.5,1004.05,341.75,0,1,999.2,372.0
233,7750,2068145,1000.3,371.9,1009.1,311.7,1004.7,341.8,0,1,1000.3,371.9
233,7751,2068146,1001.3,371.7,1009.3,312.0,1005.3,341.85,0,1,1001.3,371.7
233,7752,2068147,1002.2,371.3,1009.5,312.5,1005.85,341.9,0,1,1002.2,371.3
233,7753,2068148,1003.0,371.0,1009.9,313.0,1006.45,342.0,0,1,1003.0,371.0
233,7754,2068149,1004.3,370.7,1010.2,313.3,1007.25,342.0,0,1,1004.3,370.7
233,7755,2068150,1005.4,370.4,1010.4,313.7,1007.9,342.05,0,1,1005.4,370.4
233,7756,2068151,1006.5,370.3,1010.7,314.1,1008.6,342.2,0,1,1006.5,370.3
233,7757,2068152,1007.7,370.2,1010.9,314.4,1009.3,342.3,0,1,1007.7,370.2
233,7758,2068153,1008.5,370.2,1011.1,314.6,1009.8,342.4,0,1,1008.5,370.2
233,7759,2068154,1009.4,370.3,1011.2,314.6,1010.3,342.45,0,1,1009.4,370.3
233,7760,2068155,1010.4,370.4,1011.4,314.6,1010.9,342.5,0,1,1010.4,370.4
233,7761,2068156,1010.5,370.6,1011.5,314.5,1011.0,342.55,0,1,1010.5,370.6
233,7762,2068157,1010.6,370.8,1011.7,314.2,1011.15,342.5,0,1,1010.6,370.8
233,7763,2068158,1010.5,371.3,1011.9,313.8,1011.2,342.55,0,1,1010.5,371.3
233,7764,2068159,1010.5,372.1,1011.9,313.4,1011.2,342.75,0,1,1010.5,372.1
233,7765,2068160,1010.5,372.8,1012.1,313.1,1011.3,342.95,0,1,1010.5,372.8
233,7766,2068161,1010.4,373.5,1012.2,312.9,1011.3,343.2,0,1,1010.4,373.5
234,7767,2068162,1010.3,374.3,1012.6,312.7,1011.45,343.5,0,1,1010.3,374.3
234,7768,2068163,1010.2,374.8,1013.0,312.6,1011.6,343.7,0,1,1010.2,374.8
234,7769,2068164,1010.3,375.1,1013.2,312.6,1011.75,343.85,0,1,1010.3,375.1
234,7770,2068165,1010.6,375.0,1013.5,312.5,1012.05,343.75,0,1,1010.6,375.0
234,7771,2068166,1010.9,374.9,1014.0,312.4,1012.45,343.65,0,1,1010.9,374.9
234,7772,2068167,1011.2,374.8,1014.3,312.4,1012.75,343.6,0,1,1011.2,374.8
234,7773,2068168,1011.5,374.8,1014.4,312.3,1012.95,343.55,0,1,1011.5,374.8
234,7774,2068169,1011.6,375.0,1014.2,312.4,1012.9,343.7,0,1,1011.6,375.0
234,7775,2068170,1011.8,375.2,1013.9,312.6,1012.85,343.9,0,1,1011.8,375.2
234,7776,2068171,1011.7,376.1,1013.4,312.9,1012.55,344.5,0,1,1011.7,376.1
234,7777,2068172,1011.5,376.9,1013.0,313.1,1012.25,345.0,0,1,1011.5,376.9
234,7778,2068173,1011.2,377.6,1012.7,313.4,1011.95,345.5,0,1,1011.2,377.6
234,7779,2068174,1010.9,378.3,1012.4,313.7,1011.65,346.0,0,1,1010.9,378.3
234,7780,2068175,1010.6,379.0,1012.1,313.9,1011.35,346.45,0,1,1010.6,379.0
234,7781,2068176,1010.4,379.4,1011.8,314.1,1011.1,346.75,0,1,1010.4,379.4
234,7782,2068177,1010.2,379.8,1011.6,314.0,1010.9,346.9,0,1,1010.2,379.8
234,7783,2068178,1010.2,379.8,1011.5,313.9,1010.85,346.85,0,1,1010.2,379.8
234,7784,2068179,1010.2,379.7,1011.5,313.8,1010.85,346.75,0,1,1010.2,379.7
234,7785,2068180,1010.3,379.7,1011.5,313.8,1010.9,346.75,0,1,1010.3,379.7
234,7786,2068181,1010.5,379.6,1011.5,313.7,1011.0,346.65,0,1,1010.5,379.6
234,7787,2068182,1010.8,379.5,1011.5,313.8,1011.15,346.65,0,1,1010.8,379.5
234,7788,2068183,1011.2,378.9,1011.5,314.0,1011.35,346.45,0,1,1011.2,378.9
234,7789,2068184,1011.5,378.3,1011.4,314.6,1011.45,346.45,0,1,1011.5,378.3
234,7790,2068185,1011.9,377.7,1011.4,315.3,1011.65,346.5,0,1,1011.9,377.7
234,7791,2068186,1012.3,377.1,1011.4,315.8,1011.85,346.45,0,1,1012.3,377.1
234,7792,2068187,1012.5,376.5,1011.4,316.3,1011.95,346.4,0,1,1012.5,376.5
234,7793,2068188,1012.6,375.9,1011.5,316.5,1012.05,346.2,0,1,1012.6,375.9
234,7794,2068189,1012.4,375.3,1011.6,316.5,1012.0,345.9,0,1,1012.4,375.3
234,7795,2068190,1011.9,375.0,1011.8,316.5,1011.85,345.75,0,1,1011.9,375.0
234,7796,2068191,1011.4,374.7,1012.1,317.7,1011.75,346.2,0,1,1011.4,374.7
234,7797,2068192,1010.9,374.4,1012.3,318.9,1011.6,346.65,0,1,1010.9,374.4
234,7798,2068193,1010.3,374.0,1012.5,320.1,1011.4,347.05,0,1,1010.3,374.0
234,7799,2068194,1009.8,373.6,1012.5,321.3,1011.15,347.45,0,1,1009.8,373.6
234,7800,2068195,1009.4,373.3,1012.5,322.3,1010.95,347.8,0,1,1009.4,373.3
235,7801,2068196,1009.1,373.2,1012.6,323.4,1010.85,348.3,0,1,1009.1,373.2
235,7802,2068197,1009.1,373.3,1012.5,324.1,1010.8,348.7,0,1,1009.1,373.3
235,7803,2068198,1009.2,373.3,1012.3,323.2,1010.75,348.25,0,1,1009.2,373.3
235,7804,2068199,1009.2,373.3,1012.0,322.2,1010.6,347.75,0,1,1009.2,373.3
235,7805,2068200,1009.3,373.5,1011.8,321.3,1010.55,347.4,0,1,1009.3,373.5
235,7806,2068201,1009.4,373.7,1011.6,320.5,1010.5,347.1,0,1,1009.4,373.7
235,7807,2068202,1009.5,373.8,1011.4,320.2,1010.45,347.0,0,1,1009.5,373.8
235,7808,2068203,1009.6,373.1,1011.2,319.8,1010.4,346.45,0,1,1009.6,373.1
235,7809,2068204,1009.6,372.4,1010.9,319.7,1010.25,346.05,0,1,1009.6,372.4
235,7810,2068205,1009.7,371.8,1010.7,319.8,1010.2,345.8,0,1,1009.7,371.8
235,7811,2068206,1009.7,371.1,1010.6,320.0,1010.15,345.55,0,1,1009.7,371.1
235,7812,2068207,1009.6,370.3,1010.5,320.3,1010.05,345.3,0,1,1009.6,370.3
235,7813,2068208,1009.5,369.3,1010.4,320.6,1009.95,344.95,0,1,1009.5,369.3
235,7814,2068209,1009.2,368.3,1010.3,320.9,1009.75,344.6,0,1,1009.2,368.3
235,7815,2068210,1008.7,368.0,1010.3,321.2,1009.5,344.6,0,1,1008.7,368.0
235,7816,2068211,1008.2,367.6,1010.2,321.4,1009.2,344.5,0,1,1008.2,367.6
235,7817,2068212,1007.7,367.2,1010.2,321.4,1008.95,344.3,0,1,1007.7,367.2
235,7818,2068213,1007.3,366.7,1010.2,321.1,1008.75,343.9,0,1,1007.3,366.7
235,7819,2068214,1007.0,365.8,1010.2,320.9,1008.6,343.35,0,1,1007.0,365.8
235,7820,2068215,1006.8,365.1,1010.1,320.7,1008.45,342.9,0,1,1006.8,365.1
235,7821,2068216,1006.6,364.3,1010.0,320.5,1008.3,342.4,0,1,1006.6,364.3
235,7822,2068217,1006.5,363.6,1010.0,320.4,1008.25,342.0,0,1,1006.5,363.6
235,7823,2068218,1006.4,362.6,1010.1,320.9,1008.25,341.75,0,1,1006.4,362.6
235,7824,2068219,1006.3,361.6,1010.0,321.7,1008.15,341.65,0,1,1006.3,361.6
235,7825,2068220,1006.3,360.8,1009.9,322.6,1008.1,341.7,0,1,1006.3,360.8
235,7826,2068221,1006.1,360.5,1009.6,323.5,1007.85,342.0,0,1,1006.1,360.5
235,7827,2068222,1006.0,360.2,1009.3,324.1,1007.65,342.15,0,1,1006.0,360.2
235,7828,2068223,1006.0,359.8,1009.2,324.5,1007.6,342.15,0,1,1006.0,359.8
235,7829,2068224,1006.1,359.1,1009.0,324.0,1007.55,341.55,0,1,1006.1,359.1
235,7830,2068225,1006.3,358.8,1008.9,323.0,1007.6,340.9,0,1,1006.3,358.8
235,7831,2068226,1006.5,358.5,1008.7,321.9,1007.6,340.2,0,1,1006.5,358.5
235,7832,2068227,1006.7,358.2,1008.5,321.1,1007.6,339.65,0,1,1006.7,358.2
235,7833,2068228,1006.9,358.0,1008.5,320.2,1007.7,339.1,0,1,1006.9,358.0
236,7834,2068229,1007.1,357.9,1008.5,319.7,1007.8,338.8,0,1,1007.1,357.9
236,7835,2068230,1007.2,357.8,1008.1,319.5,1007.65,338.65,0,1,1007.2,357.8
236,7836,2068231,1007.3,357.9,1007.7,320.2,1007.5,339.05,0,1,1007.3,357.9
236,7837,2068232,1007.3,358.1,1007.2,320.8,1007.25,339.45,0,1,1007.3,358.1
236,7838,2068233,1007.2,358.3,1006.8,321.4,1007.0,339.85,0,1,1007.2,358.3
236,7839,2068234,1007.2,358.5,1006.5,321.6,1006.85,340.05,0,1,1007.2,358.5
236,7840,2068235,1007.2,358.5,1006.3,321.7,1006.75,340.1,0,1,1007.2,358.5
236,7841,2068236,1007.2,358.6,1006.1,321.8,1006.65,340.2,0,1,1007.2,358.6
236,7842,2068237,1007.4,358.8,1006.0,321.8,1006.7,340.3,0,1,1007.4,358.8
236,7843,2068238,1007.6,358.9,1005.9,321.9,1006.75,340.4,0,1,1007.6,358.9
236,7844,2068239,1007.8,359.0,1005.7,322.0,1006.75,340.5,0,1,1007.8,359.0
236,7845,2068240,1008.0,359.2,1005.4,322.0,1006.7,340.6,0,1,1008.0,359.2
236,7846,2068241,1008.1,359.7,1005.1,322.0,1006.6,340.85,0,1,1008.1,359.7
236,7847,2068242,1008.1,360.1,1004.8,322.1,1006.45,341.1,0,1,1008.1,360.1
236,7848,2068243,1008.1,360.6,1004.4,322.1,1006.25,341.35,0,1,1008.1,360.6
236,7849,2068244,1007.5,361.0,1004.1,322.0,1005.8,341.5,0,1,1007.5,361.0
236,7850,2068245,1007.0,360.4,1003.8,321.7,1005.4,341.05,0,1,1007.0,360.4
236,7851,2068246,1006.4,359.7,1003.6,321.5,1005.0,340.6,0,1,1006.4,359.7
236,7852,2068247,1005.8,359.0,1003.4,321.2,1004.6,340.1,0,1,1005.8,359.0
236,7853,2068248,1005.4,357.8,1003.1,321.2,1004.25,339.5,0,1,1005.4,357.8
236,7854,2068249,1005.1,356.7,1002.8,321.4,1003.95,339.05,0,1,1005.1,356.7
236,7855,2068250,1004.8,355.7,1002.5,321.6,1003.65,338.65,0,1,1004.8,355.7
236,7856,2068251,1004.8,354.8,1002.2,321.9,1003.5,338.35,0,1,1004.8,354.8
236,7857,2068252,1004.8,354.9,1001.9,322.1,1003.35,338.5,0,1,1004.8,354.9
236,7858,2068253,1005.0,355.1,1001.6,322.3,1003.3,338.7,0,1,1005.0,355.1
236,7859,2068254,1005.4,355.4,1001.5,322.5,1003.45,338.95,0,1,1005.4,355.4
236,7860,2068255,1005.7,355.8,1001.5,322.5,1003.6,339.15,0,1,1005.7,355.8
236,7861,2068256,1006.0,356.0,1001.5,322.4,1003.75,339.2,0,1,1006.0,356.0
236,7862,2068257,1006.3,355.8,1001.5,322.4,1003.9,339.1,0,1,1006.3,355.8
236,7863,2068258,1006.6,355.7,1001.3,322.3,1003.95,339.0,0,1,1006.6,355.7
236,7864,2068259,1006.8,355.5,1001.1,322.5,1003.95,339.0,0,1,1006.8,355.5
236,7865,2068260,1006.9,355.4,1000.9,322.7,1003.9,339.05,0,1,1006.9,355.4
236,7866,2068261,1006.9,355.2,1000.5,323.4,1003.7,339.3,0,1,1006.9,355.2
237,7867,2068262,1006.9,354.8,1000.1,324.3,1003.5,339.55,0,1,1006.9,354.8
237,7868,2068263,1007.0,354.6,999.3,325.2,1003.15,339.9,0,1,1007.0,354.6
237,7869,2068264,1007.1,354.5,998.6,325.9,1002.85,340.2,0,1,1007.1,354.5
237,7870,2068265,1007.2,354.3,997.9,326.6,1002.55,340.45,0,1,1007.2,354.3
237,7871,2068266,1007.4,354.2,997.3,327.2,1002.35,340.7,0,1,1007.4,354.2
237,7872,2068267,1007.6,353.8,996.7,327.8,1002.15,340.8,0,1,1007.6,353.8
237,7873,2068268,1007.6,353.7,996.3,327.9,1001.95,340.8,0,1,1007.6,353.7
237,7874,2068269,1007.6,353.6,996.0,327.8,1001.8,340.7,0,1,1007.6,353.6
237,7875,2068270,1007.5,353.6,996.1,327.9,1001.8,340.75,0,1,1007.5,353.6
237,7876,2068271,1007.5,353.5,996.2,328.1,1001.85,340.8,0,1,1007.5,353.5
237,7877,2068272,1007.4,353.5,996.2,328.8,1001.8,341.15,0,1,1007.4,353.5
237,7878,2068273,1007.4,353.6,996.2,329.6,1001.8,341.6,0,1,1007.4,353.6
237,7879,2068274,1007.7,353.8,996.2,330.3,1001.95,342.05,0,1,1007.7,353.8
237,7880,2068275,1008.0,354.1,996.1,331.1,1002.05,342.6,0,1,1008.0,354.1
237,7881,2068276,1008.3,354.3,995.9,331.9,1002.1,343.1,0,1,1008.3,354.3
237,7882,2068277,1008.6,354.5,995.7,332.6,1002.15,343.55,0,1,1008.6,354.5
237,7883,2068278,1008.8,354.9,995.5,333.4,1002.15,344.15,0,1,1008.8,354.9
237,7884,2068279,1008.8,355.3,995.5,333.7,1002.15,344.5,0,1,1008.8,355.3
237,7885,2068280,1008.8,355.6,995.4,334.2,1002.1,344.9,0,1,1008.8,355.6
237,7886,2068281,1008.6,355.7,995.4,334.7,1002.0,345.2,0,1,1008.6,355.7
237,7887,2068282,1008.4,355.9,995.3,335.2,1001.85,345.55,0,1,1008.4,355.9
237,7888,2068283,1008.3,356.1,995.3,335.7,1001.8,345.9,0,1,1008.3,356.1
237,7889,2068284,1008.1,356.1,995.2,336.2,1001.65,346.15,0,1,1008.1,356.1
237,7890,2068285,1008.0,356.0,995.0,337.0,1001.5,346.5,0,1,1008.0,356.0
237,7891,2068286,1007.9,355.8,994.9,337.9,1001.4,346.85,0,1,1007.9,355.8
237,7892,2068287,1007.9,355.9,994.8,338.6,1001.35,347.25,0,1,1007.9,355.9
237,7893,2068288,1007.8,356.1,994.7,339.6,1001.25,347.85,0,1,1007.8,356.1
237,7894,2068289,1007.7,356.3,994.8,340.6,1001.25,348.45,0,1,1007.7,356.3
237,7895,2068290,1007.5,356.6,994.8,341.7,1001.15,349.15,0,1,1007.5,356.6
237,7896,2068291,1007.4,357.2,994.9,342.8,1001.15,350.0,0,1,1007.4,357.2
237,7897,2068292,1007.1,357.9,995.1,343.3,1001.1,350.6,0,1,1007.1,357.9
237,7898,2068293,1006.8,358.5,995.1,344.7,1000.95,351.6,0,1,1006.8,358.5
237,7899,2068294,1006.5,358.9,995.1,346.2,1000.8,352.55,0,1,1006.5,358.9
237,7900,2068295,1006.3,359.0,995.2,347.3,1000.75,353.15,0,1,1006.3,359.0
238,7901,2068296,1006.1,359.3,995.3,348.4,1000.7,353.85,0,1,1006.1,359.3
238,7902,2068297,1005.8,359.7,995.5,349.4,1000.65,354.55,0,1,1005.8,359.7
238,7903,2068298,1005.2,360.0,995.7,350.4,1000.45,355.2,0,1,1005.2,360.0
238,7904,2068299,1004.7,360.5,996.0,351.3,1000.35,355.9,0,1,1004.7,360.5
238,7905,2068300,1004.4,361.0,996.5,351.3,1000.45,356.15,0,1,1004.4,361.0
238,7906,2068301,1004.0,361.5,996.9,351.2,1000.45,356.35,0,1,1004.0,361.5
238,7907,2068302,1003.6,362.1,997.4,351.1,1000.5,356.6,0,1,1003.6,362.1
238,7908,2068303,1003.1,362.5,997.8,351.2,1000.45,356.85,0,1,1003.1,362.5
238,7909,2068304,1002.3,362.5,998.1,351.9,1000.2,357.2,0,1,1002.3,362.5
238,7910,2068305,1001.6,362.4,998.2,352.6,999.9,357.5,0,1,1001.6,362.4
238,7911,2068306,1001.0,362.2,998.4,353.4,999.7,357.8,0,1,1001.0,362.2
238,7912,2068307,1000.4,362.0,998.5,354.2,999.45,358.1,0,1,1000.4,362.0
238,7913,2068308,999.8,361.9,998.7,355.0,999.25,358.45,0,1,999.8,361.9
238,7914,2068309,999.3,361.7,998.8,355.9,999.05,358.8,0,1,999.3,361.7
238,7915,2068310,999.0,361.6,999.4,356.5,999.2,359.05,0,1,999.0,361.6
238,7916,2068311,998.9,361.5,1000.1,356.9,999.5,359.2,0,1,998.9,361.5
238,7917,2068312,999.0,361.5,1000.8,357.2,999.9,359.35,0,1,999.0,361.5
238,7918,2068313,999.0,361.5,1001.5,357.5,1000.25,359.5,0,1,999.0,361.5
238,7919,2068314,998.9,361.6,1002.2,357.7,1000.55,359.65,0,1,998.9,361.6
238,7920,2068315,998.7,361.8,1002.8,358.0,1000.75,359.9,0,1,998.7,361.8
238,7921,2068316,998.6,362.8,1003.4,358.2,1001.0,360.5,0,1,998.6,362.8
238,7922,2068317,998.4,363.8,1003.5,358.4,1000.95,361.1,0,1,998.4,363.8
238,7923,2068318,998.2,364.7,1003.9,358.4,1001.05,361.55,0,1,998.2,364.7
238,7924,2068319,998.0,365.7,1004.4,358.4,1001.2,362.05,0,1,998.0,365.7
238,7925,2068320,997.8,366.6,1004.8,358.5,1001.3,362.55,0,1,997.8,366.6
238,7926,2068321,997.6,367.4,1005.2,358.7,1001.4,363.05,0,1,997.6,367.4
238,7927,2068322,997.4,368.0,1005.6,359.0,1001.5,363.5,0,1,997.4,368.0
238,7928,2068323,997.1,367.8,1005.9,359.2,1001.5,363.5,0,1,997.1,367.8
238,7929,2068324,996.9,367.6,1006.1,359.6,1001.5,363.6,0,1,996.9,367.6
238,7930,2068325,996.6,367.4,1006.0,360.0,1001.3,363.7,0,1,996.6,367.4
238,7931,2068326,996.3,367.1,1005.7,360.8,1001.0,363.95,0,1,996.3,367.1
238,7932,2068327,996.1,366.9,1005.5,361.6,1000.8,364.25,0,1,996.1,366.9
238,7933,2068328,995.9,366.8,1005.6,362.2,1000.75,364.5,0,1,995.9,366.8
239,7934,2068329,995.7,366.7,1005.8,363.1,1000.75,364.9,0,1,995.7,366.7
239,7935,2068330,995.5,366.7,1006.0,363.8,1000.75,365.25,0,1,995.5,366.7
239,7936,2068331,995.3,366.6,1006.2,364.5,1000.75,365.55,0,1,995.3,366.6
239,7937,2068332,994.9,366.6,1006.5,364.7,1000.7,365.65,0,1,994.9,366.6
239,7938,2068333,994.5,366.6,1006.8,364.4,1000.65,365.5,0,1,994.5,366.6
239,7939,2068334,994.1,366.5,1007.2,364.0,1000.65,365.25,0,1,994.1,366.5
239,7940,2068335,993.7,366.4,1007.2,363.7,1000.45,365.05,0,1,993.7,366.4
239,7941,2068336,993.2,366.3,1007.2,362.9,1000.2,364.6,0,1,993.2,366.3
239,7942,2068337,993.0,366.3,1007.2,362.1,1000.1,364.2,0,1,993.0,366.3
239,7943,2068338,992.9,366.4,1006.9,360.5,999.9,363.45,0,1,992.9,366.4
239,7944,2068339,993.1,366.7,1006.6,359.2,999.85,362.95,0,1,993.1,366.7
239,7945,2068340,993.5,367.8,1006.3,358.2,999.9,363.0,0,1,993.5,367.8
239,7946,2068341,993.8,369.0,1005.9,357.0,999.85,363.0,0,1,993.8,369.0
239,7947,2068342,994.1,370.2,1005.4,355.7,999.75,362.95,0,1,994.1,370.2
239,7948,2068343,993.8,371.4,1004.9,354.7,999.35,363.05,0,1,993.8,371.4
239,7949,2068344,993.5,372.5,1004.3,353.9,998.9,363.2,0,1,993.5,372.5
239,7950,2068345,993.0,373.5,1003.8,354.1,998.4,363.8,0,1,993.0,373.5
239,7951,2068346,992.4,374.9,1003.2,354.4,997.8,364.65,0,1,992.4,374.9
239,7952,2068347,991.9,375.4,1002.5,354.6,997.2,365.0,0,1,991.9,375.4
239,7953,2068348,991.5,375.9,1001.8,355.0,996.65,365.45,0,1,991.5,375.9
239,7954,2068349,991.2,376.5,1001.1,356.0,996.15,366.25,0,1,991.2,376.5
239,7955,2068350,991.3,377.1,1000.3,356.9,995.8,367.0,0,1,991.3,377.1
239,7956,2068351,991.4,377.7,999.6,357.8,995.5,367.75,0,1,991.4,377.7
239,7957,2068352,991.3,378.3,999.1,358.4,995.2,368.35,0,1,991.3,378.3
239,7958,2068353,991.2,378.4,998.7,358.5,994.95,368.45,0,1,991.2,378.4
239,7959,2068354,991.0,378.5,998.5,358.4,994.75,368.45,0,1,991.0,378.5
239,7960,2068355,990.8,378.7,998.4,358.3,994.6,368.5,0,1,990.8,378.7
239,7961,2068356,990.6,378.7,998.6,357.6,994.6,368.15,0,1,990.6,378.7
239,7962,2068357,990.4,378.7,998.8,356.7,994.6,367.7,0,1,990.4,378.7
239,7963,2068358,990.3,379.3,999.0,355.8,994.65,367.55,0,1,990.3,379.3
239,7964,2068359,990.4,379.8,999.2,354.9,994.8,367.35,0,1,990.4,379.8
239,7965,2068360,990.6,380.4,999.4,354.5,995.0,367.45,0,1,990.6,380.4
239,7966,2068361,990.8,380.9,999.4,354.1,995.1,367.5,0,1,990.8,380.9
240,7967,2068362,991.2,381.5,999.4,353.8,995.3,367.65,0,1,991.2,381.5
240,7968,2068363,991.5,382.2,999.3,353.6,995.4,367.9,0,1,991.5,382.2
240,7969,2068364,991.8,382.9,999.2,353.2,995.5,368.05,0,1,991.8,382.9
240,7970,2068365,992.0,383.3,999.2,352.7,995.6,368.0,0,1,992.0,383.3
240,7971,2068366,992.2,384.5,999.2,352.2,995.7,368.35,0,1,992.2,384.5
240,7972,2068367,992.0,385.6,999.3,351.7,995.65,368.65,0,1,992.0,385.6
240,7973,2068368,991.8,386.8,999.5,351.2,995.65,369.0,0,1,991.8,386.8
240,7974,2068369,991.5,387.4,999.8,350.9,995.65,369.15,0,1,991.5,387.4
240,7975,2068370,991.2,387.9,1000.1,350.5,995.65,369.2,0,1,991.2,387.9
240,7976,2068371,991.0,388.4,1000.3,350.4,995.65,369.4,0,1,991.0,388.4
240,7977,2068372,990.7,388.8,1000.5,350.5,995.6,369.65,0,1,990.7,388.8
240,7978,2068373,990.5,388.4,1000.5,350.6,995.5,369.5,0,1,990.5,388.4
240,7979,2068374,990.6,388.0,1000.6,350.7,995.6,369.35,0,1,990.6,388.0
240,7980,2068375,990.8,387.7,1000.6,350.1,995.7,368.9,0,1,990.8,387.7
240,7981,2068376,991.2,388.0,1000.7,349.5,995.95,368.75,0,1,991.2,388.0
240,7982,2068377,991.6,388.5,1000.8,348.9,996.2,368.7,0,1,991.6,388.5
240,7983,2068378,992.0,389.1,1000.9,348.1,996.45,368.6,0,1,992.0,389.1
240,7984,2068379,992.7,389.7,1000.9,347.4,996.8,368.55,0,1,992.7,389.7
240,7985,2068380,993.4,390.4,1001.0,346.7,997.2,368.55,0,1,993.4,390.4
240,7986,2068381,994.0,391.3,1000.6,345.9,997.3,368.6,0,1,994.0,391.3
240,7987,2068382,994.5,392.1,1000.0,345.8,997.25,368.95,0,1,994.5,392.1
240,7988,2068383,994.7,392.9,999.4,345.2,997.05,369.05,0,1,994.7,392.9
240,7989,2068384,995.0,393.5,998.7,344.7,996.85,369.1,0,1,995.0,393.5
240,7990,2068385,995.2,393.9,998.1,344.2,996.65,369.05,0,1,995.2,393.9
240,7991,2068386,995.2,394.2,997.7,343.7,996.45,368.95,0,1,995.2,394.2
240,7992,2068387,995.3,394.5,997.5,343.5,996.4,369.0,0,1,995.3,394.5
240,7993,2068388,995.4,394.6,998.0,343.3,996.7,368.95,0,1,995.4,394.6
240,7994,2068389,995.5,394.7,998.5,343.2,997.0,368.95,0,1,995.5,394.7
240,7995,2068390,995.7,394.8,999.0,343.5,997.35,369.15,0,1,995.7,394.8
240,7996,2068391,995.8,395.0,999.6,343.9,997.7,369.45,0,1,995.8,395.0
240,7997,2068392,995.8,395.1,1000.1,344.3,997.95,369.7,0,1,995.8,395.1
240,7998,2068393,995.8,395.3,1000.4,345.0,998.1,370.15,0,1,995.8,395.3
240,7999,2068394,995.5,395.6,1000.4,345.5,997.95,370.55,0,1,995.5,395.6
240,8000,2068395,995.2,395.9,999.9,346.2,997.55,371.05,0,1,995.2,395.9
241,8001,2068396,994.9,396.2,999.4,346.9,997.15,371.55,0,1,994.9,396.2
241,8002,2068397,994.6,396.5,999.0,347.4,996.8,371.95,0,1,994.6,396.5
241,8003,2068398,994.4,396.8,998.6,347.8,996.5,372.3,0,1,994.4,396.8
241,8004,2068399,994.3,397.5,998.6,348.1,996.45,372.8,0,1,994.3,397.5
241,8005,2068400,994.2,397.9,998.8,348.0,996.5,372.95,0,1,994.2,397.9
241,8006,2068401,994.2,398.3,999.2,348.0,996.7,373.15,0,1,994.2,398.3
241,8007,2068402,994.3,398.7,999.8,347.7,997.05,373.2,0,1,994.3,398.7
241,8008,2068403,994.6,399.2,999.8,347.3,997.2,373.25,0,1,994.6,399.2
241,8009,2068404,995.1,399.6,999.7,347.0,997.4,373.3,0,1,995.1,399.6
241,8010,2068405,995.6,400.1,999.4,346.7,997.5,373.4,0,1,995.6,400.1
241,8011,2068406,996.4,400.3,998.8,346.2,997.6,373.25,0,1,996.4,400.3
241,8012,2068407,997.7,400.7,998.6,345.8,998.15,373.25,0,1,997.7,400.7
241,8013,2068408,999.1,401.0,998.9,345.4,999.0,373.2,0,1,999.1,401.0
241,8014,2068409,1001.4,401.3,999.5,345.4,1000.45,373.35,0,1,1001.4,401.3
241,8015,2068410,1003.4,401.6,1001.8,346.1,1002.6,373.85,0,1,1003.4,401.6
241,8016,2068411,1007.0,402.0,1005.2,347.0,1006.1,374.5,0,1,1007.0,402.0
241,8017,2068412,1011.4,402.4,1009.9,348.0,1010.65,375.2,0,1,1011.4,402.4
241,8018,2068413,1016.7,403.2,1016.1,349.3,1016.4,376.25,0,1,1016.7,403.2
241,8019,2068414,1021.8,404.3,1023.5,350.5,1022.65,377.4,0,1,1021.8,404.3
241,8020,2068415,1029.4,405.5,1030.9,351.8,1030.15,378.65,0,1,1029.4,405.5
241,8021,2068416,1037.9,407.0,1039.6,352.7,1038.75,379.85,0,1,1037.9,407.0
241,8022,2068417,1047.6,408.8,1048.2,353.1,1047.9,380.95,0,1,1047.6,408.8
241,8023,2068418,1057.6,412.5,1056.1,353.6,1056.85,383.05,0,1,1057.6,412.5
241,8024,2068419,1067.4,416.3,1064.8,354.6,1066.1,385.45,0,1,1067.4,416.3
241,8025,2068420,1077.5,420.6,1072.6,355.7,1075.05,388.15,0,1,1077.5,420.6
241,8026,2068421,1088.0,424.7,1079.6,356.8,1083.8,390.75,0,1,1088.0,424.7
241,8027,2068422,1096.8,428.8,1085.8,358.1,1091.3,393.45,0,1,1096.8,428.8
241,8028,2068423,1104.0,432.9,1090.5,359.3,1097.25,396.1,0,1,1104.0,432.9
241,8029,2068424,1109.8,436.6,1094.0,360.4,1101.9,398.5,0,1,1109.8,436.6
241,8030,2068425,1113.6,438.4,1097.4,361.4,1105.5,399.9,0,1,1113.6,438.4
241,8031,2068426,1116.7,440.0,1098.4,361.8,1107.55,400.9,0,1,1116.7,440.0
241,8032,2068427,1117.8,440.5,1098.7,362.1,1108.25,401.3,0,1,1117.8,440.5
241,8033,2068428,1117.9,440.6,1098.4,362.2,1108.15,401.4,0,1,1117.9,440.6
242,8034,2068429,1116.8,440.1,1098.1,362.2,1107.45,401.15,0,1,1116.8,440.1
242,8035,2068430,1115.4,439.3,1097.8,362.0,1106.6,400.65,0,1,1115.4,439.3
242,8036,2068431,1114.0,438.0,1097.5,361.6,1105.75,399.8,0,1,1114.0,438.0
242,8037,2068432,1112.5,436.6,1097.3,360.3,1104.9,398.45,0,1,1112.5,436.6
242,8038,2068433,1111.1,435.1,1097.4,358.9,1104.25,397.0,0,1,1111.1,435.1
242,8039,2068434,1110.0,433.8,1097.3,357.5,1103.65,395.65,0,1,1110.0,433.8
242,8040,2068435,1109.0,432.0,1097.3,356.2,1103.15,394.1,0,1,1109.0,432.0
242,8041,2068436,1108.2,430.9,1097.3,354.8,1102.75,392.85,0,1,1108.2,430.9
242,8042,2068437,1107.7,429.7,1097.3,353.8,1102.5,391.75,0,1,1107.7,429.7
242,8043,2068438,1107.0,428.9,1097.3,352.9,1102.15,390.9,0,1,1107.0,428.9
242,8044,2068439,1106.4,428.3,1097.3,352.8,1101.85,390.55,0,1,1106.4,428.3
242,8045,2068440,1105.6,427.7,1097.3,352.9,1101.45,390.3,0,1,1105.6,427.7
242,8046,2068441,1104.7,427.1,1097.3,353.0,1101.0,390.05,0,1,1104.7,427.1
242,8047,2068442,1103.9,427.2,1097.3,353.1,1100.6,390.15,0,1,1103.9,427.2
242,8048,2068443,1103.1,427.5,1097.3,353.2,1100.2,390.35,0,1,1103.1,427.5
242,8049,2068444,1102.0,427.8,1097.1,353.2,1099.55,390.5,0,1,1102.0,427.8
242,8050,2068445,1101.0,428.0,1096.9,353.2,1098.95,390.6,0,1,1101.0,428.0
242,8051,2068446,1100.1,428.3,1096.7,353.2,1098.4,390.75,0,1,1100.1,428.3
242,8052,2068447,1099.3,428.6,1096.4,353.2,1097.85,390.9,0,1,1099.3,428.6
242,8053,2068448,1098.6,428.8,1096.2,353.4,1097.4,391.1,0,1,1098.6,428.8
242,8054,2068449,1098.1,428.8,1095.9,353.5,1097.0,391.15,0,1,1098.1,428.8
242,8055,2068450,1097.7,428.6,1095.6,353.7,1096.65,391.15,0,1,1097.7,428.6
242,8056,2068451,1097.7,428.3,1095.5,353.9,1096.6,391.1,0,1,1097.7,428.3
242,8057,2068452,1097.6,427.6,1095.5,354.1,1096.55,390.85,0,1,1097.6,427.6
242,8058,2068453,1097.6,426.6,1095.4,354.2,1096.5,390.4,0,1,1097.6,426.6
242,8059,2068454,1097.6,425.7,1095.5,354.2,1096.55,389.95,0,1,1097.6,425.7
242,8060,2068455,1097.7,424.7,1095.6,354.1,1096.65,389.4,0,1,1097.7,424.7
242,8061,2068456,1097.7,423.6,1095.8,354.0,1096.75,388.8,0,1,1097.7,423.6
242,8062,2068457,1097.7,422.7,1095.9,353.8,1096.8,388.25,0,1,1097.7,422.7
242,8063,2068458,1097.6,421.9,1096.0,353.6,1096.8,387.75,0,1,1097.6,421.9
242,8064,2068459,1097.6,421.5,1096.2,353.2,1096.9,387.35,0,1,1097.6,421.5
242,8065,2068460,1097.6,421.3,1096.3,352.9,1096.95,387.1,0,1,1097.6,421.3
242,8066,2068461,1097.5,421.0,1096.2,352.6,1096.85,386.8,0,1,1097.5,421.0
243,8067,2068462,1097.3,420.9,1096.2,352.2,1096.75,386.55,0,1,1097.3,420.9
243,8068,2068463,1097.1,420.8,1096.2,351.9,1096.65,386.35,0,1,1097.1,420.8
243,8069,2068464,1096.9,420.6,1096.1,351.7,1096.5,386.15,0,1,1096.9,420.6
243,8070,2068465,1096.8,420.5,1096.1,351.6,1096.45,386.05,0,1,1096.8,420.5
243,8071,2068466,1096.6,420.5,1096.1,351.8,1096.35,386.15,0,1,1096.6,420.5
243,8072,2068467,1096.4,420.5,1095.9,352.0,1096.15,386.25,0,1,1096.4,420.5
243,8073,2068468,1096.3,420.5,1095.8,352.3,1096.05,386.4,0,1,1096.3,420.5
243,8074,2068469,1096.3,420.3,1095.5,353.3,1095.9,386.8,0,1,1096.3,420.3
243,8075,2068470,1096.2,420.1,1095.2,354.2,1095.7,387.15,0,1,1096.2,420.1
243,8076,2068471,1096.1,419.7,1094.9,355.0,1095.5,387.35,0,1,1096.1,419.7
243,8077,2068472,1095.9,419.1,1094.7,355.4,1095.3,387.25,0,1,1095.9,419.1
243,8078,2068473,1095.6,418.4,1094.4,355.9,1095.0,387.15,0,1,1095.6,418.4
243,8079,2068474,1095.3,417.6,1094.2,356.3,1094.75,386.95,0,1,1095.3,417.6
243,8080,2068475,1095.1,416.8,1094.1,356.7,1094.6,386.75,0,1,1095.1,416.8
243,8081,2068476,1094.7,415.9,1094.2,356.6,1094.45,386.25,0,1,1094.7,415.9
243,8082,2068477,1094.5,414.3,1094.3,356.3,1094.4,385.3,0,1,1094.5,414.3
243,8083,2068478,1094.4,412.8,1094.4,355.8,1094.4,384.3,0,1,1094.4,412.8
243,8084,2068479,1094.4,411.6,1094.5,355.7,1094.45,383.65,0,1,1094.4,411.6
243,8085,2068480,1094.4,410.4,1094.6,355.6,1094.5,383.0,0,1,1094.4,410.4
243,8086,2068481,1094.5,409.2,1094.6,355.7,1094.55,382.45,0,1,1094.5,409.2
243,8087,2068482,1094.5,408.1,1094.1,355.7,1094.3,381.9,0,1,1094.5,408.1
243,8088,2068483,1094.6,406.6,1093.5,355.6,1094.05,381.1,0,1,1094.6,406.6
243,8089,2068484,1094.6,405.8,1092.8,355.7,1093.7,380.75,0,1,1094.6,405.8
243,8090,2068485,1094.3,404.9,1092.2,355.9,1093.25,380.4,0,1,1094.3,404.9
243,8091,2068486,1094.1,404.0,1091.5,356.1,1092.8,380.05,0,1,1094.1,404.0
243,8092,2068487,1093.8,402.9,1090.9,356.3,1092.35,379.6,0,1,1093.8,402.9
243,8093,2068488,1093.4,401.8,1090.3,356.4,1091.85,379.1,0,1,1093.4,401.8
243,8094,2068489,1093.0,400.7,1090.0,356.6,1091.5,378.65,0,1,1093.0,400.7
243,8095,2068490,1092.6,400.3,1089.9,356.8,1091.25,378.55,0,1,1092.6,400.3
243,8096,2068491,1091.9,399.7,1089.6,357.3,1090.75,378.5,0,1,1091.9,399.7
243,8097,2068492,1091.5,399.1,1089.4,357.7,1090.45,378.4,0,1,1091.5,399.1
243,8098,2068493,1091.1,397.9,1089.2,358.2,1090.15,378.05,0,1,1091.1,397.9
243,8099,2068494,1090.6,397.0,1088.9,358.9,1089.75,377.95,0,1,1090.6,397.0
243,8100,2068495,1090.2,396.1,1088.5,359.4,1089.35,377.75,0,1,1090.2,396.1
244,8101,2068496,1089.8,395.4,1088.2,359.9,1089.0,377.65,0,1,1089.8,395.4
244,8102,2068497,1089.4,394.7,1087.5,360.4,1088.45,377.55,0,1,1089.4,394.7
244,8103,2068498,1089.0,394.1,1086.7,360.7,1087.85,377.4,0,1,1089.0,394.1
244,8104,2068499,1088.6,393.7,1085.8,361.0,1087.2,377.35,0,1,1088.6,393.7
244,8105,2068500,1088.2,393.9,1084.9,361.6,1086.55,377.75,0,1,1088.2,393.9
244,8106,2068501,1087.8,394.0,1084.1,362.1,1085.95,378.05,0,1,1087.8,394.0
244,8107,2068502,1087.5,394.1,1083.2,362.6,1085.35,378.35,0,1,1087.5,394.1
244,8108,2068503,1087.2,393.9,1082.3,363.1,1084.75,378.5,0,1,1087.2,393.9
244,8109,2068504,1086.7,393.2,1081.8,363.6,1084.25,378.4,0,1,1086.7,393.2
244,8110,2068505,1086.3,392.5,1081.4,364.2,1083.85,378.35,0,1,1086.3,392.5
244,8111,2068506,1085.9,391.7,1081.1,364.8,1083.5,378.25,0,1,1085.9,391.7
244,8112,2068507,1085.6,391.0,1080.6,365.1,1083.1,378.05,0,1,1085.6,391.0
244,8113,2068508,1085.2,390.4,1080.2,365.3,1082.7,377.85,0,1,1085.2,390.4
244,8114,2068509,1084.9,390.2,1079.9,365.4,1082.4,377.8,0,1,1084.9,390.2
244,8115,2068510,1084.7,390.3,1079.4,365.5,1082.05,377.9,0,1,1084.7,390.3
244,8116,2068511,1084.8,390.7,1078.9,365.5,1081.85,378.1,0,1,1084.8,390.7
244,8117,2068512,1084.9,391.2,1078.2,365.6,1081.55,378.4,0,1,1084.9,391.2
244,8118,2068513,1085.0,391.8,1077.6,366.4,1081.3,379.1,0,1,1085.0,391.8
244,8119,2068514,1085.0,392.2,1076.9,367.1,1080.95,379.65,0,1,1085.0,392.2
244,8120,2068515,1085.0,392.0,1076.2,367.6,1080.6,379.8,0,1,1085.0,392.0
244,8121,2068516,1085.1,391.5,1075.5,368.2,1080.3,379.85,0,1,1085.1,391.5
244,8122,2068517,1085.1,391.0,1075.0,368.6,1080.05,379.8,0,1,1085.1,391.0
244,8123,2068518,1085.1,390.4,1074.5,369.0,1079.8,379.7,0,1,1085.1,390.4
244,8124,2068519,1085.0,389.8,1074.1,369.3,1079.55,379.55,0,1,1085.0,389.8
244,8125,2068520,1084.8,389.1,1073.6,368.6,1079.2,378.85,0,1,1084.8,389.1
244,8126,2068521,1084.5,388.4,1073.4,368.2,1078.95,378.3,0,1,1084.5,388.4
244,8127,2068522,1084.3,388.0,1073.0,368.2,1078.65,378.1,0,1,1084.3,388.0
244,8128,2068523,1084.1,387.6,1072.7,368.3,1078.4,377.95,0,1,1084.1,387.6
244,8129,2068524,1084.0,387.3,1072.4,368.6,1078.2,377.95,0,1,1084.0,387.3
244,8130,2068525,1083.9,387.0,1072.0,368.9,1077.95,377.95,0,1,1083.9,387.0
244,8131,2068526,1083.8,386.6,1071.6,369.3,1077.7,377.95,0,1,1083.8,386.6
244,8132,2068527,1083.8,386.3,1071.4,369.8,1077.6,378.05,0,1,1083.8,386.3
244,8133,2068528,1083.9,386.2,1071.3,370.3,1077.6,378.25,0,1,1083.9,386.2
245,8134,2068529,1083.9,386.3,1071.4,370.5,1077.65,378.4,0,1,1083.9,386.3
245,8135,2068530,1083.9,387.3,1071.9,370.7,1077.9,379.0,0,1,1083.9,387.3
245,8136,2068531,1083.9,388.2,1072.5,370.8,1078.2,379.5,0,1,1083.9,388.2
245,8137,2068532,1084.0,389.3,1073.0,371.9,1078.5,380.6,0,1,1084.0,389.3
245,8138,2068533,1084.0,390.4,1073.4,373.0,1078.7,381.7,0,1,1084.0,390.4
245,8139,2068534,1084.3,391.4,1073.6,374.6,1078.95,383.0,0,1,1084.3,391.4
245,8140,2068535,1084.6,392.2,1073.9,376.1,1079.25,384.15,0,1,1084.6,392.2
245,8141,2068536,1085.0,392.9,1074.2,377.6,1079.6,385.25,0,1,1085.0,392.9
245,8142,2068537,1085.3,392.8,1074.1,379.0,1079.7,385.9,0,1,1085.3,392.8
245,8143,2068538,1085.7,392.6,1074.1,380.6,1079.9,386.6,0,1,1085.7,392.6
245,8144,2068539,1085.9,392.4,1074.2,381.2,1080.05,386.8,0,1,1085.9,392.4
245,8145,2068540,1086.2,392.2,1074.5,381.7,1080.35,386.95,0,1,1086.2,392.2
245,8146,2068541,1086.2,392.2,1074.9,381.6,1080.55,386.9,0,1,1086.2,392.2
245,8147,2068542,1086.2,392.3,1075.2,381.7,1080.7,387.0,0,1,1086.2,392.3
245,8148,2068543,1086.0,392.6,1075.5,381.7,1080.75,387.15,0,1,1086.0,392.6
245,8149,2068544,1085.8,392.9,1075.8,382.0,1080.8,387.45,0,1,1085.8,392.9
245,8150,2068545,1085.5,393.2,1076.1,382.3,1080.8,387.75,0,1,1085.5,393.2
245,8151,2068546,1085.3,393.4,1076.5,382.7,1080.9,388.05,0,1,1085.3,393.4
245,8152,2068547,1085.1,393.5,1076.8,383.1,1080.95,388.3,0,1,1085.1,393.5
245,8153,2068548,1085.2,393.4,1077.1,383.6,1081.15,388.5,0,1,1085.2,393.4
245,8154,2068549,1085.2,393.3,1077.6,383.9,1081.4,388.6,0,1,1085.2,393.3
245,8155,2068550,1085.3,392.9,1078.0,384.1,1081.65,388.5,0,1,1085.3,392.9
245,8156,2068551,1085.3,392.5,1078.4,384.1,1081.85,388.3,0,1,1085.3,392.5
245,8157,2068552,1085.3,391.8,1078.7,384.2,1082.0,388.0,0,1,1085.3,391.8
245,8158,2068553,1085.1,391.0,1078.9,384.1,1082.0,387.55,0,1,1085.1,391.0
245,8159,2068554,1085.0,390.3,1079.1,384.2,1082.05,387.25,0,1,1085.0,390.3
245,8160,2068555,1084.6,389.7,1079.2,384.3,1081.9,387.0,0,1,1084.6,389.7
245,8161,2068556,1084.2,389.1,1079.3,384.5,1081.75,386.8,0,1,1084.2,389.1
245,8162,2068557,1083.9,388.6,1079.2,384.7,1081.55,386.65,0,1,1083.9,388.6
245,8163,2068558,1083.8,388.3,1079.1,385.0,1081.45,386.65,0,1,1083.8,388.3
245,8164,2068559,1083.8,388.5,1078.8,385.1,1081.3,386.8,0,1,1083.8,388.5
245,8165,2068560,1083.8,388.8,1078.7,385.1,1081.25,386.95,0,1,1083.8,388.8
245,8166,2068561,1084.0,389.2,1078.6,384.7,1081.3,386.95,0,1,1084.0,389.2
246,8167,2068562,1084.1,389.6,1078.9,384.2,1081.5,386.9,0,1,1084.1,389.6
246,8168,2068563,1084.2,390.0,1079.1,383.8,1081.65,386.9,0,1,1084.2,390.0
246,8169,2068564,1084.2,390.0,1079.4,383.4,1081.8,386.7,0,1,1084.2,390.0
246,8170,2068565,1084.3,389.9,1079.8,383.0,1082.05,386.45,0,1,1084.3,389.9
246,8171,2068566,1084.3,389.7,1080.5,382.9,1082.4,386.3,0,1,1084.3,389.7
246,8172,2068567,1084.4,389.2,1081.0,383.1,1082.7,386.15,0,1,1084.4,389.2
246,8173,2068568,1084.5,388.7,1081.4,383.7,1082.95,386.2,0,1,1084.5,388.7
246,8174,2068569,1084.6,388.1,1081.4,384.3,1083.0,386.2,0,1,1084.6,388.1
246,8175,2068570,1084.7,387.5,1081.4,384.9,1083.05,386.2,0,1,1084.7,387.5
246,8176,2068571,1084.7,387.5,1081.5,385.8,1083.1,386.65,0,1,1084.7,387.5
246,8177,2068572,1084.7,387.8,1081.7,386.6,1083.2,387.2,0,1,1084.7,387.8
246,8178,2068573,1084.8,388.1,1081.8,386.9,1083.3,387.5,0,1,1084.8,388.1
246,8179,2068574,1084.8,388.7,1082.0,387.0,1083.4,387.85,0,1,1084.8,388.7
246,8180,2068575,1084.8,389.2,1082.5,387.1,1083.65,388.15,0,1,1084.8,389.2
246,8181,2068576,1085.1,389.8,1083.1,387.1,1084.1,388.45,0,1,1085.1,389.8
246,8182,2068577,1085.5,390.5,1083.7,387.2,1084.6,388.85,0,1,1085.5,390.5
246,8183,2068578,1085.9,390.8,1084.3,387.0,1085.1,388.9,0,1,1085.9,390.8
246,8184,2068579,1086.2,390.9,1084.6,386.8,1085.4,388.85,0,1,1086.2,390.9
246,8185,2068580,1086.4,390.9,1084.8,386.0,1085.6,388.45,0,1,1086.4,390.9
246,8186,2068581,1086.2,391.0,1085.1,385.2,1085.65,388.1,0,1,1086.2,391.0
246,8187,2068582,1086.0,391.1,1085.2,384.5,1085.6,387.8,0,1,1086.0,391.1
246,8188,2068583,1085.3,391.3,1085.2,383.8,1085.25,387.55,0,1,1085.3,391.3
246,8189,2068584,1084.6,391.6,1085.1,383.1,1084.85,387.35,0,1,1084.6,391.6
246,8190,2068585,1083.9,391.8,1085.1,382.5,1084.5,387.15,0,1,1083.9,391.8
246,8191,2068586,1083.2,392.1,1085.3,381.9,1084.25,387.0,0,1,1083.2,392.1
246,8192,2068587,1082.7,392.4,1085.7,382.0,1084.2,387.2,0,1,1082.7,392.4
246,8193,2068588,1082.6,392.9,1086.2,382.1,1084.4,387.5,0,1,1082.6,392.9
246,8194,2068589,1082.4,393.4,1086.6,382.3,1084.5,387.85,0,1,1082.4,393.4
246,8195,2068590,1082.3,393.8,1087.1,382.3,1084.7,388.05,0,1,1082.3,393.8
246,8196,2068591,1082.3,394.2,1087.6,382.3,1084.95,388.25,0,1,1082.3,394.2
246,8197,2068592,1082.4,395.0,1088.1,382.5,1085.25,388.75,0,1,1082.4,395.0
246,8198,2068593,1082.6,395.6,1088.4,382.7,1085.5,389.15,0,1,1082.6,395.6
246,8199,2068594,1082.8,396.2,1088.5,382.9,1085.65,389.55,0,1,1082.8,396.2
246,8200,2068595,1083.0,396.6,1088.7,383.2,1085.85,389.9,0,1,1083.0,396.6
247,8201,2068596,1083.2,396.9,1089.1,383.5,1086.15,390.2,0,1,1083.2,396.9
247,8202,2068597,1083.4,397.1,1089.5,383.8,1086.45,390.45,0,1,1083.4,397.1
247,8203,2068598,1083.6,397.2,1090.0,384.0,1086.8,390.6,0,1,1083.6,397.2
247,8204,2068599,1083.6,397.0,1090.5,384.0,1087.05,390.5,0,1,1083.6,397.0
247,8205,2068600,1083.4,396.9,1091.2,384.0,1087.3,390.45,0,1,1083.4,396.9
247,8206,2068601,1083.3,396.8,1091.8,383.9,1087.55,390.35,0,1,1083.3,396.8
247,8207,2068602,1083.2,396.8,1092.4,383.8,1087.8,390.3,0,1,1083.2,396.8
247,8208,2068603,1083.0,396.8,1092.7,383.8,1087.85,390.3,0,1,1083.0,396.8
247,8209,2068604,1082.9,396.9,1093.0,383.6,1087.95,390.25,0,1,1082.9,396.9
247,8210,2068605,1082.9,398.0,1093.3,383.6,1088.1,390.8,0,1,1082.9,398.0
247,8211,2068606,1082.9,399.0,1093.5,383.7,1088.2,391.35,0,1,1082.9,399.0
247,8212,2068607,1082.9,400.2,1093.7,383.9,1088.3,392.05,0,1,1082.9,400.2
247,8213,2068608,1083.0,401.5,1093.8,384.0,1088.4,392.75,0,1,1083.0,401.5
247,8214,2068609,1083.1,402.8,1094.0,383.9,1088.55,393.35,0,1,1083.1,402.8
247,8215,2068610,1083.2,404.2,1094.0,383.8,1088.6,394.0,0,1,1083.2,404.2
247,8216,2068611,1083.4,405.6,1093.9,383.8,1088.65,394.7,0,1,1083.4,405.6
247,8217,2068612,1083.6,406.1,1093.8,383.6,1088.7,394.85,0,1,1083.6,406.1
247,8218,2068613,1083.9,406.6,1093.7,382.9,1088.8,394.75,0,1,1083.9,406.6
247,8219,2068614,1084.2,407.0,1093.5,382.2,1088.85,394.6,0,1,1084.2,407.0
247,8220,2068615,1084.6,406.9,1093.3,381.6,1088.95,394.25,0,1,1084.6,406.9
247,8221,2068616,1084.9,406.7,1092.8,381.4,1088.85,394.05,0,1,1084.9,406.7
247,8222,2068617,1085.2,406.8,1092.3,381.2,1088.75,394.0,0,1,1085.2,406.8
247,8223,2068618,1085.3,407.0,1091.9,381.7,1088.6,394.35,0,1,1085.3,407.0
247,8224,2068619,1085.4,407.3,1091.6,382.3,1088.5,394.8,0,1,1085.4,407.3
247,8225,2068620,1085.4,407.8,1091.2,384.0,1088.3,395.9,0,1,1085.4,407.8
247,8226,2068621,1085.3,408.9,1090.8,385.7,1088.05,397.3,0,1,1085.3,408.9
247,8227,2068622,1085.2,410.2,1090.4,387.4,1087.8,398.8,0,1,1085.2,410.2
247,8228,2068623,1085.2,411.5,1090.3,388.9,1087.75,400.2,0,1,1085.2,411.5
247,8229,2068624,1085.1,412.7,1090.2,390.2,1087.65,401.45,0,1,1085.1,412.7
247,8230,2068625,1085.2,413.8,1090.1,390.8,1087.65,402.3,0,1,1085.2,413.8
247,8231,2068626,1085.3,414.8,1090.1,391.4,1087.7,403.1,0,1,1085.3,414.8
247,8232,2068627,1085.5,415.7,1090.0,391.1,1087.75,403.4,0,1,1085.5,415.7
247,8233,2068628,1085.7,416.1,1090.1,390.6,1087.9,403.35,0,1,1085.7,416.1
248,8234,2068629,1086.1,416.7,1090.1,389.9,1088.1,403.3,0,1,1086.1,416.7
248,8235,2068630,1086.6,417.2,1090.2,389.3,1088.4,403.25,0,1,1086.6,417.2
248,8236,2068631,1087.0,417.6,1090.3,388.8,1088.65,403.2,0,1,1087.0,417.6
248,8237,2068632,1087.4,417.7,1090.3,388.2,1088.85,402.95,0,1,1087.4,417.7
248,8238,2068633,1087.8,417.8,1090.4,387.7,1089.1,402.75,0,1,1087.8,417.8
248,8239,2068634,1088.2,417.8,1090.6,387.2,1089.4,402.5,0,1,1088.2,417.8
248,8240,2068635,1088.7,417.9,1090.6,386.9,1089.65,402.4,0,1,1088.7,417.9
248,8241,2068636,1089.0,418.1,1090.5,386.7,1089.75,402.4,0,1,1089.0,418.1
248,8242,2068637,1089.1,418.6,1090.4,386.4,1089.75,402.5,0,1,1089.1,418.6
248,8243,2068638,1089.3,419.0,1090.3,386.1,1089.8,402.55,0,1,1089.3,419.0
248,8244,2068639,1089.4,419.5,1090.3,385.8,1089.85,402.65,0,1,1089.4,419.5
248,8245,2068640,1089.4,420.1,1090.4,385.1,1089.9,402.6,0,1,1089.4,420.1
248,8246,2068641,1089.3,421.0,1090.6,384.5,1089.95,402.75,0,1,1089.3,421.0
248,8247,2068642,1089.1,422.0,1090.7,383.8,1089.9,402.9,0,1,1089.1,422.0
248,8248,2068643,1088.7,422.6,1091.4,383.3,1090.05,402.95,0,1,1088.7,422.6
248,8249,2068644,1088.4,423.0,1091.9,382.7,1090.15,402.85,0,1,1088.4,423.0
248,8250,2068645,1088.0,423.5,1092.4,382.3,1090.2,402.9,0,1,1088.0,423.5
248,8251,2068646,1087.3,423.9,1092.8,382.0,1090.05,402.95,0,1,1087.3,423.9
248,8252,2068647,1086.2,424.1,1093.2,381.9,1089.7,403.0,0,1,1086.2,424.1
248,8253,2068648,1085.1,424.4,1093.5,381.8,1089.3,403.1,0,1,1085.1,424.4
248,8254,2068649,1084.0,424.5,1093.9,381.3,1088.95,402.9,0,1,1084.0,424.5
248,8255,2068650,1083.1,424.6,1093.9,380.6,1088.5,402.6,0,1,1083.1,424.6
248,8256,2068651,1082.1,424.7,1094.0,379.9,1088.05,402.3,0,1,1082.1,424.7
248,8257,2068652,1081.1,424.9,1094.1,379.2,1087.6,402.05,0,1,1081.1,424.9
248,8258,2068653,1080.5,425.0,1094.1,378.5,1087.3,401.75,0,1,1080.5,425.0
248,8259,2068654,1080.4,425.2,1094.0,378.0,1087.2,401.6,0,1,1080.4,425.2
248,8260,2068655,1080.2,425.3,1093.8,377.8,1087.0,401.55,0,1,1080.2,425.3
248,8261,2068656,1080.2,425.4,1093.5,378.0,1086.85,401.7,0,1,1080.2,425.4
248,8262,2068657,1080.3,425.6,1092.8,378.3,1086.55,401.95,0,1,1080.3,425.6
248,8263,2068658,1080.4,425.9,1092.1,378.7,1086.25,402.3,0,1,1080.4,425.9
248,8264,2068659,1080.4,426.1,1091.3,379.1,1085.85,402.6,0,1,1080.4,426.1
248,8265,2068660,1080.5,426.4,1090.6,379.4,1085.55,402.9,0,1,1080.5,426.4
248,8266,2068661,1080.5,426.9,1090.0,379.7,1085.25,403.3,0,1,1080.5,426.9
249,8267,2068662,1080.5,427.4,1089.8,379.7,1085.15,403.55,0,1,1080.5,427.4
249,8268,2068663,1080.4,427.8,1089.7,379.7,1085.05,403.75,0,1,1080.4,427.8
249,8269,2068664,1080.3,428.3,1090.0,379.7,1085.15,404.0,0,1,1080.3,428.3
249,8270,2068665,1080.1,428.8,1090.3,379.7,1085.2,404.25,0,1,1080.1,428.8
249,8271,2068666,1080.0,429.2,1090.9,379.7,1085.45,404.45,0,1,1080.0,429.2
249,8272,2068667,1079.9,429.6,1091.6,379.9,1085.75,404.75,0,1,1079.9,429.6
249,8273,2068668,1079.8,429.8,1092.2,380.1,1086.0,404.95,0,1,1079.8,429.8
249,8274,2068669,1079.6,429.9,1092.6,380.7,1086.1,405.3,0,1,1079.6,429.9
249,8275,2068670,1079.4,429.6,1092.8,381.5,1086.1,405.55,0,1,1079.4,429.6
249,8276,2068671,1079.2,429.1,1093.1,382.4,1086.15,405.75,0,1,1079.2,429.1
249,8277,2068672,1079.0,428.9,1093.2,383.2,1086.1,406.05,0,1,1079.0,428.9
249,8278,2068673,1078.8,428.9,1093.3,384.1,1086.05,406.5,0,1,1078.8,428.9
249,8279,2068674,1078.5,429.6,1093.2,384.8,1085.85,407.2,0,1,1078.5,429.6
249,8280,2068675,1078.0,430.4,1093.1,385.3,1085.55,407.85,0,1,1078.0,430.4
249,8281,2068676,1077.6,431.3,1093.0,385.4,1085.3,408.35,0,1,1077.6,431.3
249,8282,2068677,1077.2,432.7,1093.0,384.7,1085.1,408.7,0,1,1077.2,432.7
249,8283,2068678,1076.7,434.0,1092.9,383.9,1084.8,408.95,0,1,1076.7,434.0
249,8284,2068679,1076.3,434.9,1092.8,383.2,1084.55,409.05,0,1,1076.3,434.9
249,8285,2068680,1076.3,435.7,1092.6,382.5,1084.45,409.1,0,1,1076.3,435.7
249,8286,2068681,1076.4,435.5,1092.4,381.9,1084.4,408.7,0,1,1076.4,435.5
249,8287,2068682,1076.8,435.4,1092.2,381.5,1084.5,408.45,0,1,1076.8,435.4
249,8288,2068683,1077.1,435.1,1091.9,381.3,1084.5,408.2,0,1,1077.1,435.1
249,8289,2068684,1077.4,434.8,1091.6,381.7,1084.5,408.25,0,1,1077.4,434.8
249,8290,2068685,1077.4,434.8,1091.4,382.1,1084.4,408.45,0,1,1077.4,434.8
249,8291,2068686,1077.4,434.9,1091.1,382.4,1084.25,408.65,0,1,1077.4,434.9
249,8292,2068687,1077.0,435.0,1091.0,382.6,1084.0,408.8,0,1,1077.0,435.0
249,8293,2068688,1076.5,435.3,1090.8,382.7,1083.65,409.0,0,1,1076.5,435.3
249,8294,2068689,1076.0,435.5,1090.6,382.8,1083.3,409.15,0,1,1076.0,435.5
249,8295,2068690,1075.7,435.8,1090.4,382.8,1083.05,409.3,0,1,1075.7,435.8
249,8296,2068691,1075.5,435.7,1090.2,382.7,1082.85,409.2,0,1,1075.5,435.7
249,8297,2068692,1075.6,435.2,1090.0,382.6,1082.8,408.9,0,1,1075.6,435.2
249,8298,2068693,1075.7,434.8,1089.9,382.5,1082.8,408.65,0,1,1075.7,434.8
249,8299,2068694,1075.8,434.5,1089.9,382.3,1082.85,408.4,0,1,1075.8,434.5
249,8300,2068695,1075.9,434.6,1090.0,382.2,1082.95,408.4,0,1,1075.9,434.6
250,8301,2068696,1076.0,434.7,1090.1,382.1,1083.05,408.4,0,1,1076.0,434.7
250,8302,2068697,1076.0,434.9,1090.5,382.2,1083.25,408.55,0,1,1076.0,434.9
250,8303,2068698,1076.0,435.3,1090.9,382.7,1083.45,409.0,0,1,1076.0,435.3
250,8304,2068699,1076.0,436.1,1091.3,383.1,1083.65,409.6,0,1,1076.0,436.1
250,8305,2068700,1076.0,436.8,1091.8,383.5,1083.9,410.15,0,1,1076.0,436.8
250,8306,2068701,1076.1,437.4,1092.1,383.5,1084.1,410.45,0,1,1076.1,437.4
250,8307,2068702,1076.2,437.7,1092.4,383.6,1084.3,410.65,0,1,1076.2,437.7
250,8308,2068703,1076.3,438.1,1092.6,383.3,1084.45,410.7,0,1,1076.3,438.1
250,8309,2068704,1076.5,438.8,1092.7,382.9,1084.6,410.85,0,1,1076.5,438.8
250,8310,2068705,1076.9,439.4,1092.7,382.3,1084.8,410.85,0,1,1076.9,439.4
250,8311,2068706,1077.1,440.0,1092.6,382.0,1084.85,411.0,0,1,1077.1,440.0
250,8312,2068707,1077.4,440.6,1092.6,381.9,1085.0,411.25,0,1,1077.4,440.6
250,8313,2068708,1077.6,440.9,1092.5,382.1,1085.05,411.5,0,1,1077.6,440.9
250,8314,2068709,1077.8,440.8,1092.4,382.3,1085.1,411.55,0,1,1077.8,440.8
250,8315,2068710,1078.0,440.4,1092.3,382.8,1085.15,411.6,0,1,1078.0,440.4
250,8316,2068711,1078.1,439.7,1092.1,383.3,1085.1,411.5,0,1,1078.1,439.7
250,8317,2068712,1078.0,439.1,1092.0,383.9,1085.0,411.5,0,1,1078.0,439.1
250,8318,2068713,1078.0,438.5,1092.0,384.3,1085.0,411.4,0,1,1078.0,438.5
250,8319,2068714,1078.0,438.1,1092.0,384.8,1085.0,411.45,0,1,1078.0,438.1
250,8320,2068715,1077.8,438.6,1092.2,385.1,1085.0,411.85,0,1,1077.8,438.6
250,8321,2068716,1077.8,439.5,1092.3,385.2,1085.05,412.35,0,1,1077.8,439.5
250,8322,2068717,1077.8,440.5,1092.5,384.9,1085.15,412.7,0,1,1077.8,440.5
250,8323,2068718,1077.8,441.3,1092.8,384.1,1085.3,412.7,0,1,1077.8,441.3
250,8324,2068719,1078.0,442.1,1093.0,383.3,1085.5,412.7,0,1,1078.0,442.1
250,8325,2068720,1078.1,442.6,1092.9,382.5,1085.5,412.55,0,1,1078.1,442.6
250,8326,2068721,1078.3,443.0,1092.7,382.1,1085.5,412.55,0,1,1078.3,443.0
250,8327,2068722,1078.7,442.3,1092.5,381.8,1085.6,412.05,0,1,1078.7,442.3
250,8328,2068723,1079.1,441.7,1092.2,381.7,1085.65,411.7,0,1,1079.1,441.7
250,8329,2068724,1079.3,440.9,1092.0,381.8,1085.65,411.35,0,1,1079.3,440.9
250,8330,2068725,1079.6,440.3,1091.6,382.3,1085.6,411.3,0,1,1079.6,440.3
250,8331,2068726,1079.7,439.7,1091.3,382.5,1085.5,411.1,0,1,1079.7,439.7
250,8332,2068727,1079.9,439.3,1091.2,381.8,1085.55,410.55,0,1,1079.9,439.3
250,8333,2068728,1080.1,438.9,1091.1,380.7,1085.6,409.8,0,1,1080.1,438.9
251,8334,2068729,1080.4,438.8,1091.1,379.6,1085.75,409.2,0,1,1080.4,438.8
251,8335,2068730,1080.8,438.8,1091.1,378.6,1085.95,408.7,0,1,1080.8,438.8
251,8336,2068731,1081.1,438.7,1091.3,377.6,1086.2,408.15,0,1,1081.1,438.7
251,8337,2068732,1081.5,438.5,1091.6,376.9,1086.55,407.7,0,1,1081.5,438.5
251,8338,2068733,1081.8,437.3,1091.9,376.3,1086.85,406.8,0,1,1081.8,437.3
251,8339,2068734,1082.1,436.1,1092.3,376.4,1087.2,406.25,0,1,1082.1,436.1
251,8340,2068735,1082.3,434.8,1092.8,376.5,1087.55,405.65,0,1,1082.3,434.8
251,8341,2068736,1082.5,433.4,1093.3,376.6,1087.9,405.0,0,1,1082.5,433.4
251,8342,2068737,1082.6,431.9,1093.7,376.3,1088.15,404.1,0,1,1082.6,431.9
251,8343,2068738,1082.7,430.1,1094.0,375.9,1088.35,403.0,0,1,1082.7,430.1
251,8344,2068739,1082.8,428.5,1094.3,375.5,1088.55,402.0,0,1,1082.8,428.5
251,8345,2068740,1082.9,427.9,1094.5,374.5,1088.7,401.2,0,1,1082.9,427.9
251,8346,2068741,1083.1,427.3,1094.1,373.6,1088.6,400.45,0,1,1083.1,427.3
251,8347,2068742,1083.2,426.8,1093.7,372.7,1088.45,399.75,0,1,1083.2,426.8
251,8348,2068743,1083.2,425.4,1093.4,371.5,1088.3,398.45,0,1,1083.2,425.4
251,8349,2068744,1083.2,424.2,1093.0,370.5,1088.1,397.35,0,1,1083.2,424.2
251,8350,2068745,1083.1,423.2,1092.6,369.2,1087.85,396.2,0,1,1083.1,423.2
251,8351,2068746,1083.1,422.1,1092.3,367.9,1087.7,395.0,0,1,1083.1,422.1
251,8352,2068747,1083.0,421.1,1092.1,367.1,1087.55,394.1,0,1,1083.0,421.1
251,8353,2068748,1082.8,420.2,1092.1,366.4,1087.45,393.3,0,1,1082.8,420.2
251,8354,2068749,1082.7,419.1,1092.6,365.8,1087.65,392.45,0,1,1082.7,419.1
251,8355,2068750,1082.6,418.9,1093.0,365.4,1087.8,392.15,0,1,1082.6,418.9
251,8356,2068751,1082.5,418.6,1093.3,365.3,1087.9,391.95,0,1,1082.5,418.6
251,8357,2068752,1082.4,418.3,1093.7,365.3,1088.05,391.8,0,1,1082.4,418.3
251,8358,2068753,1082.3,417.7,1094.0,365.1,1088.15,391.4,0,1,1082.3,417.7
251,8359,2068754,1082.3,417.0,1094.1,364.8,1088.2,390.9,0,1,1082.3,417.0
251,8360,2068755,1082.4,415.8,1094.3,364.5,1088.35,390.15,0,1,1082.4,415.8
251,8361,2068756,1082.6,414.8,1094.1,364.1,1088.35,389.45,0,1,1082.6,414.8
251,8362,2068757,1083.0,413.9,1093.9,363.6,1088.45,388.75,0,1,1083.0,413.9
251,8363,2068758,1083.4,413.1,1093.6,363.2,1088.5,388.15,0,1,1083.4,413.1
251,8364,2068759,1083.8,412.2,1093.4,362.7,1088.6,387.45,0,1,1083.8,412.2
251,8365,2068760,1084.2,411.5,1093.0,362.5,1088.6,387.0,0,1,1084.2,411.5
251,8366,2068761,1084.7,410.2,1092.6,362.3,1088.65,386.25,0,1,1084.7,410.2
252,8367,2068762,1085.0,409.2,1092.1,362.2,1088.55,385.7,0,1,1085.0,409.2
252,8368,2068763,1085.3,408.1,1091.7,362.1,1088.5,385.1,0,1,1085.3,408.1
252,8369,2068764,1085.3,406.5,1091.3,362.0,1088.3,384.25,0,1,1085.3,406.5
252,8370,2068765,1085.4,405.0,1091.0,361.9,1088.2,383.45,0,1,1085.4,405.0
252,8371,2068766,1085.5,403.6,1090.6,361.8,1088.05,382.7,0,1,1085.5,403.6
252,8372,2068767,1085.6,401.5,1090.3,361.8,1087.95,381.65,0,1,1085.6,401.5
252,8373,2068768,1085.8,400.1,1090.2,361.8,1088.0,380.95,0,1,1085.8,400.1
252,8374,2068769,1086.0,398.8,1089.9,361.8,1087.95,380.3,0,1,1086.0,398.8
252,8375,2068770,1086.2,397.8,1089.6,361.8,1087.9,379.8,0,1,1086.2,397.8
252,8376,2068771,1086.4,396.9,1089.3,361.9,1087.85,379.4,0,1,1086.4,396.9
252,8377,2068772,1086.5,395.9,1089.1,362.0,1087.8,378.95,0,1,1086.5,395.9
252,8378,2068773,1086.6,394.6,1088.8,362.1,1087.7,378.35,0,1,1086.6,394.6
252,8379,2068774,1086.6,394.1,1088.7,362.0,1087.65,378.05,0,1,1086.6,394.1
252,8380,2068775,1086.7,393.5,1088.5,361.7,1087.6,377.6,0,1,1086.7,393.5
252,8381,2068776,1086.8,392.8,1088.5,361.4,1087.65,377.1,0,1,1086.8,392.8
252,8382,2068777,1087.3,392.0,1088.3,361.1,1087.8,376.55,0,1,1087.3,392.0
252,8383,2068778,1088.0,391.4,1088.2,360.8,1088.1,376.1,0,1,1088.0,391.4
252,8384,2068779,1088.7,390.9,1087.9,360.2,1088.3,375.55,0,1,1088.7,390.9
252,8385,2068780,1089.3,390.5,1087.6,359.6,1088.45,375.05,0,1,1089.3,390.5
252,8386,2068781,1089.7,390.0,1087.3,358.4,1088.5,374.2,0,1,1089.7,390.0
252,8387,2068782,1089.9,389.6,1087.0,357.5,1088.45,373.55,0,1,1089.9,389.6
252,8388,2068783,1090.0,389.0,1086.7,356.7,1088.35,372.85,0,1,1090.0,389.0
252,8389,2068784,1089.7,388.3,1086.3,355.7,1088.0,372.0,0,1,1089.7,388.3
252,8390,2068785,1089.2,387.6,1086.1,354.8,1087.65,371.2,0,1,1089.2,387.6
252,8391,2068786,1088.7,387.0,1085.9,354.0,1087.3,370.5,0,1,1088.7,387.0
252,8392,2068787,1088.1,386.4,1085.6,353.3,1086.85,369.85,0,1,1088.1,386.4
252,8393,2068788,1087.7,386.0,1085.0,352.7,1086.35,369.35,0,1,1087.7,386.0
252,8394,2068789,1087.3,385.8,1084.4,352.0,1085.85,368.9,0,1,1087.3,385.8
252,8395,2068790,1087.2,385.9,1084.0,351.4,1085.6,368.65,0,1,1087.2,385.9
252,8396,2068791,1087.0,386.3,1083.6,350.8,1085.3,368.55,0,1,1087.0,386.3
252,8397,2068792,1086.9,386.7,1083.2,350.2,1085.05,368.45,0,1,1086.9,386.7
252,8398,2068793,1086.8,387.2,1082.9,349.5,1084.85,368.35,0,1,1086.8,387.2
252,8399,2068794,1086.7,387.8,1082.7,348.4,1084.7,368.1,0,1,1086.7,387.8
252,8400,2068795,1086.6,388.2,1082.9,347.5,1084.75,367.85,0,1,1086.6,388.2
253,8401,2068796,1086.4,388.7,1083.2,346.6,1084.8,367.65,0,1,1086.4,388.7
253,8402,2068797,1086.1,389.1,1083.5,345.7,1084.8,367.4,0,1,1086.1,389.1
253,8403,2068798,1085.8,389.4,1083.8,344.8,1084.8,367.1,0,1,1085.8,389.4
253,8404,2068799,1085.5,389.6,1084.3,343.5,1084.9,366.55,0,1,1085.5,389.6
253,8405,2068800,1085.3,389.9,1084.8,342.1,1085.05,366.0,0,1,1085.3,389.9
253,8406,2068801,1085.1,390.1,1085.3,341.3,1085.2,365.7,0,1,1085.1,390.1
253,8407,2068802,1084.9,390.7,1085.7,340.8,1085.3,365.75,0,1,1084.9,390.7
253,8408,2068803,1084.8,391.1,1086.1,340.3,1085.45,365.7,0,1,1084.8,391.1
253,8409,2068804,1084.8,391.5,1086.6,339.9,1085.7,365.7,0,1,1084.8,391.5
253,8410,2068805,1084.7,392.0,1087.8,339.7,1086.25,365.85,0,1,1084.7,392.0
253,8411,2068806,1085.0,392.4,1089.6,340.0,1087.3,366.2,0,1,1085.0,392.4
253,8412,2068807,1085.3,392.9,1092.9,340.6,1089.1,366.75,0,1,1085.3,392.9
253,8413,2068808,1086.0,393.6,1096.1,341.5,1091.05,367.55,0,1,1086.0,393.6
253,8414,2068809,1086.9,393.9,1100.1,342.4,1093.5,368.15,0,1,1086.9,393.9
253,8415,2068810,1088.6,394.1,1104.5,343.4,1096.55,368.75,0,1,1088.6,394.1
253,8416,2068811,1090.9,394.2,1108.8,344.8,1099.85,369.5,0,1,1090.9,394.2
253,8417,2068812,1094.0,394.2,1113.5,347.6,1103.75,370.9,0,1,1094.0,394.2
253,8418,2068813,1097.3,394.3,1118.9,350.2,1108.1,372.25,0,1,1097.3,394.3
253,8419,2068814,1100.8,394.4,1123.5,352.7,1112.15,373.55,0,1,1100.8,394.4
253,8420,2068815,1104.4,394.4,1128.3,354.8,1116.35,374.6,0,1,1104.4,394.4
253,8421,2068816,1107.9,394.8,1132.2,356.9,1120.05,375.85,0,1,1107.9,394.8
253,8422,2068817,1110.5,395.2,1135.7,358.5,1123.1,376.85,0,1,1110.5,395.2
253,8423,2068818,1112.7,395.9,1139.3,359.8,1126.0,377.85,0,1,1112.7,395.9
253,8424,2068819,1114.1,396.7,1141.8,359.6,1127.95,378.15,0,1,1114.1,396.7
253,8425,2068820,1115.3,397.5,1142.9,359.4,1129.1,378.45,0,1,1115.3,397.5
253,8426,2068821,1116.3,398.3,1143.2,359.3,1129.75,378.8,0,1,1116.3,398.3
253,8427,2068822,1116.9,399.2,1143.5,359.2,1130.2,379.2,0,1,1116.9,399.2
253,8428,2068823,1117.2,399.8,1143.5,359.6,1130.35,379.7,0,1,1117.2,399.8
253,8429,2068824,1116.8,400.4,1143.5,360.1,1130.15,380.25,0,1,1116.8,400.4
253,8430,2068825,1116.3,401.1,1143.4,360.6,1129.85,380.85,0,1,1116.3,401.1
253,8431,2068826,1115.5,401.6,1143.3,361.0,1129.4,381.3,0,1,1115.5,401.6
253,8432,2068827,1114.4,402.2,1142.9,360.9,1128.65,381.55,0,1,1114.4,402.2
253,8433,2068828,1113.2,402.9,1142.5,360.8,1127.85,381.85,0,1,1113.2,402.9
254,8434,2068829,1111.9,403.4,1142.1,360.5,1127.0,381.95,0,1,1111.9,403.4
254,8435,2068830,1110.8,403.9,1141.7,359.9,1126.25,381.9,0,1,1110.8,403.9
254,8436,2068831,1110.4,404.5,1141.3,359.1,1125.85,381.8,0,1,1110.4,404.5
254,8437,2068832,1109.9,405.2,1140.9,358.4,1125.4,381.8,0,1,1109.9,405.2
254,8438,2068833,1109.5,406.0,1140.7,357.7,1125.1,381.85,0,1,1109.5,406.0
254,8439,2068834,1109.0,406.6,1140.4,357.4,1124.7,382.0,0,1,1109.0,406.6
254,8440,2068835,1108.5,407.0,1140.2,357.0,1124.35,382.0,0,1,1108.5,407.0
254,8441,2068836,1108.1,407.4,1140.0,356.5,1124.05,381.95,0,1,1108.1,407.4
254,8442,2068837,1107.8,407.8,1139.9,356.2,1123.85,382.0,0,1,1107.8,407.8
254,8443,2068838,1107.7,408.4,1139.9,356.1,1123.8,382.25,0,1,1107.7,408.4
254,8444,2068839,1107.5,409.1,1139.8,355.9,1123.65,382.5,0,1,1107.5,409.1
254,8445,2068840,1107.6,409.8,1139.7,355.8,1123.65,382.8,0,1,1107.6,409.8
254,8446,2068841,1107.9,410.5,1139.7,355.8,1123.8,383.15,0,1,1107.9,410.5
254,8447,2068842,1108.2,411.3,1139.7,356.0,1123.95,383.65,0,1,1108.2,411.3
254,8448,2068843,1108.6,412.0,1139.7,356.2,1124.15,384.1,0,1,1108.6,412.0
254,8449,2068844,1108.9,412.6,1139.7,356.4,1124.3,384.5,0,1,1108.9,412.6
254,8450,2068845,1109.1,413.2,1139.7,356.8,1124.4,385.0,0,1,1109.1,413.2
254,8451,2068846,1109.2,413.8,1139.6,357.1,1124.4,385.45,0,1,1109.2,413.8
254,8452,2068847,1109.3,414.8,1139.6,357.5,1124.45,386.15,0,1,1109.3,414.8
254,8453,2068848,1109.1,415.7,1139.6,357.7,1124.35,386.7,0,1,1109.1,415.7
254,8454,2068849,1108.9,416.5,1139.8,357.8,1124.35,387.15,0,1,1108.9,416.5
254,8455,2068850,1108.6,416.9,1140.2,358.0,1124.4,387.45,0,1,1108.6,416.9
254,8456,2068851,1108.4,417.1,1140.7,358.2,1124.55,387.65,0,1,1108.4,417.1
254,8457,2068852,1108.1,417.3,1141.1,358.2,1124.6,387.75,0,1,1108.1,417.3
254,8458,2068853,1107.9,416.9,1141.6,358.2,1124.75,387.55,0,1,1107.9,416.9
254,8459,2068854,1107.8,416.1,1141.9,358.5,1124.85,387.3,0,1,1107.8,416.1
254,8460,2068855,1108.0,415.3,1142.2,359.0,1125.1,387.15,0,1,1108.0,415.3
254,8461,2068856,1108.3,414.7,1142.3,359.4,1125.3,387.05,0,1,1108.3,414.7
254,8462,2068857,1108.4,414.5,1142.2,359.8,1125.3,387.15,0,1,1108.4,414.5
254,8463,2068858,1108.6,414.4,1142.0,360.1,1125.3,387.25,0,1,1108.6,414.4
254,8464,2068859,1108.7,414.6,1141.6,360.3,1125.15,387.45,0,1,1108.7,414.6
254,8465,2068860,1108.8,414.8,1141.1,360.6,1124.95,387.7,0,1,1108.8,414.8
254,8466,2068861,1108.8,415.2,1140.5,360.7,1124.65,387.95,0,1,1108.8,415.2
255,8467,2068862,1108.6,415.5,1139.8,361.4,1124.2,388.45,0,1,1108.6,415.5
255,8468,2068863,1108.5,415.9,1139.1,362.3,1123.8,389.1,0,1,1108.5,415.9
255,8469,2068864,1108.4,416.2,1139.1,363.2,1123.75,389.7,0,1,1108.4,416.2
255,8470,2068865,1108.2,416.6,1139.1,364.0,1123.65,390.3,0,1,1108.2,416.6
255,8471,2068866,1108.1,416.9,1139.3,364.9,1123.7,390.9,0,1,1108.1,416.9
255,8472,2068867,1108.0,417.7,1139.6,365.6,1123.8,391.65,0,1,1108.0,417.7
255,8473,2068868,1107.9,419.4,1140.1,366.1,1124.0,392.75,0,1,1107.9,419.4
255,8474,2068869,1107.8,421.1,1140.7,366.1,1124.25,393.6,0,1,1107.8,421.1
255,8475,2068870,1107.8,422.8,1141.3,365.8,1124.55,394.3,0,1,1107.8,422.8
255,8476,2068871,1107.8,424.5,1141.1,365.5,1124.45,395.0,0,1,1107.8,424.5
255,8477,2068872,1107.9,426.1,1140.8,365.3,1124.35,395.7,0,1,1107.9,426.1
255,8478,2068873,1108.4,427.5,1140.5,365.2,1124.45,396.35,0,1,1108.4,427.5
255,8479,2068874,1108.9,428.4,1140.5,365.2,1124.7,396.8,0,1,1108.9,428.4
255,8480,2068875,1109.4,428.2,1140.5,365.5,1124.95,396.85,0,1,1109.4,428.2
255,8481,2068876,1109.8,428.0,1140.5,365.7,1125.15,396.85,0,1,1109.8,428.0
255,8482,2068877,1110.1,427.8,1140.6,365.9,1125.35,396.85,0,1,1110.1,427.8
255,8483,2068878,1110.0,427.5,1141.0,366.0,1125.5,396.75,0,1,1110.0,427.5
255,8484,2068879,1109.4,427.1,1141.3,366.1,1125.35,396.6,0,1,1109.4,427.1
255,8485,2068880,1108.6,426.5,1141.7,366.0,1125.15,396.25,0,1,1108.6,426.5
255,8486,2068881,1107.8,425.8,1141.9,365.9,1124.85,395.85,0,1,1107.8,425.8
255,8487,2068882,1107.0,425.3,1142.1,365.5,1124.55,395.4,0,1,1107.0,425.3
255,8488,2068883,1106.3,424.7,1142.1,365.2,1124.2,394.95,0,1,1106.3,424.7
255,8489,2068884,1105.6,424.1,1142.0,364.9,1123.8,394.5,0,1,1105.6,424.1
255,8490,2068885,1105.3,423.7,1141.9,364.9,1123.6,394.3,0,1,1105.3,423.7
255,8491,2068886,1105.4,423.7,1141.7,365.0,1123.55,394.35,0,1,1105.4,423.7
255,8492,2068887,1105.6,424.2,1141.6,365.1,1123.6,394.65,0,1,1105.6,424.2
255,8493,2068888,1105.8,424.8,1141.6,365.3,1123.7,395.05,0,1,1105.8,424.8
255,8494,2068889,1105.9,425.3,1141.7,365.5,1123.8,395.4,0,1,1105.9,425.3
255,8495,2068890,1106.1,425.8,1142.0,365.8,1124.05,395.8,0,1,1106.1,425.8
255,8496,2068891,1106.3,426.1,1142.3,366.1,1124.3,396.1,0,1,1106.3,426.1
255,8497,2068892,1106.5,426.1,1142.5,366.4,1124.5,396.25,0,1,1106.5,426.1
255,8498,2068893,1106.7,426.1,1142.7,366.6,1124.7,396.35,0,1,1106.7,426.1
255,8499,2068894,1106.9,425.7,1142.7,366.9,1124.8,396.3,0,1,1106.9,425.7
255,8500,2068895,1107.3,425.6,1142.7,367.1,1125.0,396.35,0,1,1107.3,425.6
256,8501,2068896,1107.7,425.5,1142.5,367.4,1125.1,396.45,0,1,1107.7,425.5
256,8502,2068897,1108.0,425.5,1142.3,367.7,1125.15,396.6,0,1,1108.0,425.5
256,8503,2068898,1108.3,425.6,1142.3,367.8,1125.3,396.7,0,1,1108.3,425.6
256,8504,2068899,1108.5,425.9,1142.4,367.9,1125.45,396.9,0,1,1108.5,425.9
256,8505,2068900,1108.3,426.0,1142.5,368.1,1125.4,397.05,0,1,1108.3,426.0
256,8506,2068901,1108.0,426.0,1142.6,368.4,1125.3,397.2,0,1,1108.0,426.0
256,8507,2068902,1107.3,425.7,1142.8,368.6,1125.05,397.15,0,1,1107.3,425.7
256,8508,2068903,1106.6,425.2,1143.0,368.7,1124.8,396.95,0,1,1106.6,425.2
256,8509,2068904,1105.9,424.8,1143.1,368.9,1124.5,396.85,0,1,1105.9,424.8
256,8510,2068905,1105.4,424.4,1143.2,369.1,1124.3,396.75,0,1,1105.4,424.4
256,8511,2068906,1104.8,424.2,1143.3,369.3,1124.05,396.75,0,1,1104.8,424.2
256,8512,2068907,1104.6,424.5,1143.2,369.4,1123.9,396.95,0,1,1104.6,424.5
256,8513,2068908,1104.6,424.7,1143.2,369.6,1123.9,397.15,0,1,1104.6,424.7
256,8514,2068909,1105.1,425.1,1143.1,369.7,1124.1,397.4,0,1,1105.1,425.1
256,8515,2068910,1105.7,425.4,1143.1,369.8,1124.4,397.6,0,1,1105.7,425.4
256,8516,2068911,1106.2,425.6,1143.0,369.9,1124.6,397.75,0,1,1106.2,425.6
256,8517,2068912,1106.6,425.8,1142.8,370.0,1124.7,397.9,0,1,1106.6,425.8
256,8518,2068913,1106.9,425.9,1142.8,370.2,1124.85,398.05,0,1,1106.9,425.9
256,8519,2068914,1107.0,425.3,1143.1,370.3,1125.05,397.8,0,1,1107.0,425.3
256,8520,2068915,1107.0,424.7,1143.4,370.5,1125.2,397.6,0,1,1107.0,424.7
256,8521,2068916,1106.6,424.2,1143.7,370.7,1125.15,397.45,0,1,1106.6,424.2
256,8522,2068917,1106.2,423.9,1143.9,370.9,1125.05,397.4,0,1,1106.2,423.9
256,8523,2068918,1105.7,423.7,1144.3,371.2,1125.0,397.45,0,1,1105.7,423.7
256,8524,2068919,1105.4,423.7,1144.5,371.4,1124.95,397.55,0,1,1105.4,423.7
256,8525,2068920,1105.3,423.7,1144.6,371.4,1124.95,397.55,0,1,1105.3,423.7
256,8526,2068921,1105.3,423.9,1144.1,371.4,1124.7,397.65,0,1,1105.3,423.9
256,8527,2068922,1105.4,424.2,1143.6,371.3,1124.5,397.75,0,1,1105.4,424.2
256,8528,2068923,1105.5,424.4,1143.0,371.3,1124.25,397.85,0,1,1105.5,424.4
256,8529,2068924,1105.6,424.6,1142.2,371.2,1123.9,397.9,0,1,1105.6,424.6
256,8530,2068925,1105.6,424.8,1141.5,371.1,1123.55,397.95,0,1,1105.6,424.8
256,8531,2068926,1105.6,424.8,1140.7,371.0,1123.15,397.9,0,1,1105.6,424.8
256,8532,2068927,1105.5,424.7,1140.1,370.9,1122.8,397.8,0,1,1105.5,424.7
256,8533,2068928,1105.5,424.6,1139.7,370.9,1122.6,397.75,0,1,1105.5,424.6
257,8534,2068929,1105.3,424.5,1139.4,371.0,1122.35,397.75,0,1,1105.3,424.5
257,8535,2068930,1105.1,424.6,1139.1,371.1,1122.1,397.85,0,1,1105.1,424.6
257,8536,2068931,1104.9,424.9,1138.9,371.6,1121.9,398.25,0,1,1104.9,424.9
257,8537,2068932,1104.8,425.3,1138.5,372.1,1121.65,398.7,0,1,1104.8,425.3
257,8538,2068933,1104.7,425.7,1137.9,372.5,1121.3,399.1,0,1,1104.7,425.7
257,8539,2068934,1104.7,426.2,1137.3,372.9,1121.0,399.55,0,1,1104.7,426.2
257,8540,2068935,1104.7,426.7,1136.6,373.2,1120.65,399.95,0,1,1104.7,426.7
257,8541,2068936,1105.1,427.1,1136.0,373.3,1120.55,400.2,0,1,1105.1,427.1
257,8542,2068937,1105.4,427.4,1135.4,373.4,1120.4,400.4,0,1,1105.4,427.4
257,8543,2068938,1105.8,427.5,1134.8,373.1,1120.3,400.3,0,1,1105.8,427.5
257,8544,2068939,1106.3,427.5,1134.6,372.7,1120.45,400.1,0,1,1106.3,427.5
257,8545,2068940,1106.8,427.4,1134.6,372.4,1120.7,399.9,0,1,1106.8,427.4
257,8546,2068941,1107.3,427.2,1134.6,372.2,1120.95,399.7,0,1,1107.3,427.2
257,8547,2068942,1108.4,427.1,1134.6,372.1,1121.5,399.6,0,1,1108.4,427.1
257,8548,2068943,1109.3,427.0,1134.6,372.0,1121.95,399.5,0,1,1109.3,427.0
257,8549,2068944,1110.1,427.0,1134.6,371.9,1122.35,399.45,0,1,1110.1,427.0
257,8550,2068945,1110.9,426.9,1134.3,371.9,1122.6,399.4,0,1,1110.9,426.9
257,8551,2068946,1111.7,426.9,1133.4,371.7,1122.55,399.3,0,1,1111.7,426.9
257,8552,2068947,1112.6,427.0,1132.6,371.4,1122.6,399.2,0,1,1112.6,427.0
257,8553,2068948,1113.8,427.1,1131.7,371.1,1122.75,399.1,0,1,1113.8,427.1
257,8554,2068949,1114.3,426.9,1130.8,370.8,1122.55,398.85,0,1,1114.3,426.9
257,8555,2068950,1114.8,426.7,1130.0,370.5,1122.4,398.6,0,1,1114.8,426.7
257,8556,2068951,1115.3,426.6,1129.2,370.2,1122.25,398.4,0,1,1115.3,426.6
257,8557,2068952,1115.8,426.4,1128.6,370.3,1122.2,398.35,0,1,1115.8,426.4
257,8558,2068953,1116.2,426.3,1128.7,370.5,1122.45,398.4,0,1,1116.2,426.3
257,8559,2068954,1116.5,426.3,1128.8,370.8,1122.65,398.55,0,1,1116.5,426.3
257,8560,2068955,1116.7,426.3,1128.9,371.2,1122.8,398.75,0,1,1116.7,426.3
257,8561,2068956,1116.9,426.4,1128.9,371.5,1122.9,398.95,0,1,1116.9,426.4
257,8562,2068957,1117.2,426.5,1129.0,371.3,1123.1,398.9,0,1,1117.2,426.5
257,8563,2068958,1117.5,426.7,1129.0,371.1,1123.25,398.9,0,1,1117.5,426.7
257,8564,2068959,1117.8,426.9,1128.9,370.6,1123.35,398.75,0,1,1117.8,426.9
257,8565,2068960,1118.2,427.0,1128.8,370.1,1123.5,398.55,0,1,1118.2,427.0
257,8566,2068961,1118.6,427.2,1127.9,369.6,1123.25,398.4,0,1,1118.6,427.2
258,8567,2068962,1118.8,427.3,1127.1,369.0,1122.95,398.15,0,1,1118.8,427.3
258,8568,2068963,1118.9,427.4,1126.2,368.6,1122.55,398.0,0,1,1118.9,427.4
258,8569,2068964,1119.1,426.5,1125.3,368.7,1122.2,397.6,0,1,1119.1,426.5
258,8570,2068965,1119.2,425.6,1124.5,368.7,1121.85,397.15,0,1,1119.2,425.6
258,8571,2068966,1119.4,424.7,1123.0,368.8,1121.2,396.75,0,1,1119.4,424.7
258,8572,2068967,1119.7,423.8,1121.4,368.9,1120.55,396.35,0,1,1119.7,423.8
258,8573,2068968,1119.8,423.1,1120.7,368.9,1120.25,396.0,0,1,1119.8,423.1
258,8574,2068969,1120.0,422.5,1120.0,369.0,1120.0,395.75,0,1,1120.0,422.5
258,8575,2068970,1120.2,421.8,1119.6,368.1,1119.9,394.95,0,1,1120.2,421.8
258,8576,2068971,1120.2,422.1,1119.3,367.3,1119.75,394.7,0,1,1120.2,422.1
258,8577,2068972,1120.1,422.1,1118.9,366.5,1119.5,394.3,0,1,1120.1,422.1
258,8578,2068973,1119.9,422.1,1119.2,365.7,1119.55,393.9,0,1,1119.9,422.1
258,8579,2068974,1120.0,422.1,1119.5,365.0,1119.75,393.55,0,1,1120.0,422.1
258,8580,2068975,1119.9,422.2,1119.6,364.2,1119.75,393.2,0,1,1119.9,422.2
258,8581,2068976,1120.0,422.1,1119.8,363.6,1119.9,392.85,0,1,1120.0,422.1
258,8582,2068977,1120.1,422.3,1119.6,363.8,1119.85,393.05,0,1,1120.1,422.3
258,8583,2068978,1120.4,422.6,1119.4,363.9,1119.9,393.25,0,1,1120.4,422.6
258,8584,2068979,1120.7,423.3,1119.1,364.1,1119.9,393.7,0,1,1120.7,423.3
258,8585,2068980,1120.9,423.7,1118.8,364.3,1119.85,394.0,0,1,1120.9,423.7
258,8586,2068981,1120.8,423.9,1118.7,364.4,1119.75,394.15,0,1,1120.8,423.9
258,8587,2068982,1120.4,423.6,1118.8,364.6,1119.6,394.1,0,1,1120.4,423.6
258,8588,2068983,1120.0,422.9,1119.0,364.8,1119.5,393.85,0,1,1120.0,422.9
258,8589,2068984,1119.5,422.0,1119.2,365.2,1119.35,393.6,0,1,1119.5,422.0
258,8590,2068985,1118.9,421.0,1119.4,365.7,1119.15,393.35,0,1,1118.9,421.0
258,8591,2068986,1118.2,420.0,1119.6,366.3,1118.9,393.15,0,1,1118.2,420.0
258,8592,2068987,1117.6,419.1,1119.9,367.2,1118.75,393.15,0,1,1117.6,419.1
258,8593,2068988,1117.2,418.5,1120.4,368.2,1118.8,393.35,0,1,1117.2,418.5
258,8594,2068989,1116.8,418.4,1120.3,369.1,1118.55,393.75,0,1,1116.8,418.4
258,8595,2068990,1116.6,418.8,1120.2,370.0,1118.4,394.4,0,1,1116.6,418.8
258,8596,2068991,1116.4,419.2,1119.6,370.9,1118.0,395.05,0,1,1116.4,419.2
258,8597,2068992,1116.4,419.7,1119.2,371.7,1117.8,395.7,0,1,1116.4,419.7
258,8598,2068993,1116.4,420.2,1118.8,372.5,1117.6,396.35,0,1,1116.4,420.2
258,8599,2068994,1116.4,421.1,1118.3,372.8,1117.35,396.95,0,1,1116.4,421.1
258,8600,2068995,1116.4,422.0,1117.7,373.0,1117.05,397.5,0,1,1116.4,422.0
259,8601,2068996,1116.4,422.6,1117.2,373.0,1116.8,397.8,0,1,1116.4,422.6
259,8602,2068997,1116.4,423.3,1116.9,373.0,1116.65,398.15,0,1,1116.4,423.3
259,8603,2068998,1116.3,424.0,1117.0,372.6,1116.65,398.3,0,1,1116.3,424.0
259,8604,2068999,1116.2,424.6,1116.9,372.1,1116.55,398.35,0,1,1116.2,424.6
259,8605,2069000,1116.0,425.3,1116.8,371.8,1116.4,398.55,0,1,1116.0,425.3
259,8606,2069001,1115.7,425.4,1116.8,371.5,1116.25,398.45,0,1,1115.7,425.4
259,8607,2069002,1115.4,425.4,1117.0,371.3,1116.2,398.35,0,1,1115.4,425.4
259,8608,2069003,1115.0,425.5,1117.1,371.2,1116.05,398.35,0,1,1115.0,425.5
259,8609,2069004,1114.7,425.5,1117.2,371.0,1115.95,398.25,0,1,1114.7,425.5
259,8610,2069005,1114.3,425.4,1117.4,370.6,1115.85,398.0,0,1,1114.3,425.4
259,8611,2069006,1114.0,425.4,1117.6,370.3,1115.8,397.85,0,1,1114.0,425.4
259,8612,2069007,1113.7,425.4,1117.9,369.9,1115.8,397.65,0,1,1113.7,425.4
259,8613,2069008,1113.5,425.4,1118.1,369.4,1115.8,397.4,0,1,1113.5,425.4
259,8614,2069009,1113.4,425.5,1118.2,369.0,1115.8,397.25,0,1,1113.4,425.5
259,8615,2069010,1113.4,425.8,1118.2,368.6,1115.8,397.2,0,1,1113.4,425.8
259,8616,2069011,1113.4,426.2,1118.2,368.3,1115.8,397.25,0,1,1113.4,426.2
259,8617,2069012,1113.4,426.6,1118.2,368.4,1115.8,397.5,0,1,1113.4,426.6
259,8618,2069013,1113.4,427.1,1118.1,368.6,1115.75,397.85,0,1,1113.4,427.1
259,8619,2069014,1113.4,428.0,1118.1,369.0,1115.75,398.5,0,1,1113.4,428.0
259,8620,2069015,1113.3,429.0,1118.0,369.5,1115.65,399.25,0,1,1113.3,429.0
259,8621,2069016,1113.3,429.9,1117.9,370.0,1115.6,399.95,0,1,1113.3,429.9
259,8622,2069017,1113.3,430.5,1117.7,370.6,1115.5,400.55,0,1,1113.3,430.5
259,8623,2069018,1113.4,431.0,1117.6,371.2,1115.5,401.1,0,1,1113.4,431.0
259,8624,2069019,1113.4,431.5,1117.5,371.7,1115.45,401.6,0,1,1113.4,431.5
259,8625,2069020,1113.4,432.1,1117.4,372.2,1115.4,402.15,0,1,1113.4,432.1
259,8626,2069021,1113.4,432.1,1117.3,372.5,1115.35,402.3,0,1,1113.4,432.1
259,8627,2069022,1113.4,432.1,1117.2,372.7,1115.3,402.4,0,1,1113.4,432.1
259,8628,2069023,1113.4,432.2,1117.1,373.1,1115.25,402.65,0,1,1113.4,432.2
259,8629,2069024,1113.3,432.3,1117.2,373.4,1115.25,402.85,0,1,1113.3,432.3
259,8630,2069025,1113.2,432.3,1117.3,373.7,1115.25,403.0,0,1,1113.2,432.3
259,8631,2069026,1113.1,432.3,1117.5,374.7,1115.3,403.5,0,1,1113.1,432.3
259,8632,2069027,1113.0,432.3,1117.8,375.6,1115.4,403.95,0,1,1113.0,432.3
259,8633,2069028,1112.9,432.3,1118.1,376.5,1115.5,404.4,0,1,1112.9,432.3
260,8634,2069029,1112.8,432.4,1118.5,377.5,1115.65,404.95,0,1,1112.8,432.4
260,8635,2069030,1112.8,432.7,1118.8,378.3,1115.8,405.5,0,1,1112.8,432.7
260,8636,2069031,1112.8,433.1,1119.5,379.2,1116.15,406.15,0,1,1112.8,433.1
260,8637,2069032,1112.9,433.6,1120.1,380.0,1116.5,406.8,0,1,1112.9,433.6
260,8638,2069033,1113.0,434.2,1120.7,380.1,1116.85,407.15,0,1,1113.0,434.2
260,8639,2069034,1113.1,434.7,1121.2,380.0,1117.15,407.35,0,1,1113.1,434.7
260,8640,2069035,1113.1,435.1,1121.7,379.8,1117.4,407.45,0,1,1113.1,435.1
260,8641,2069036,1113.1,435.4,1122.1,379.7,1117.6,407.55,0,1,1113.1,435.4
260,8642,2069037,1113.0,435.4,1122.3,379.4,1117.65,407.4,0,1,1113.0,435.4
260,8643,2069038,1112.8,435.4,1122.0,379.3,1117.4,407.35,0,1,1112.8,435.4
260,8644,2069039,1112.4,435.3,1121.7,379.3,1117.05,407.3,0,1,1112.4,435.3
260,8645,2069040,1111.9,435.2,1121.5,379.4,1116.7,407.3,0,1,1111.9,435.2
260,8646,2069041,1111.4,435.2,1121.3,379.8,1116.35,407.5,0,1,1111.4,435.2
260,8647,2069042,1111.0,435.3,1121.1,380.5,1116.05,407.9,0,1,1111.0,435.3
260,8648,2069043,1110.8,435.4,1121.0,381.2,1115.9,408.3,0,1,1110.8,435.4
260,8649,2069044,1110.6,435.7,1120.7,382.3,1115.65,409.0,0,1,1110.6,435.7
260,8650,2069045,1110.4,436.0,1120.7,383.2,1115.55,409.6,0,1,1110.4,436.0
260,8651,2069046,1110.4,436.9,1120.6,383.8,1115.5,410.35,0,1,1110.4,436.9
260,8652,2069047,1110.5,437.8,1120.5,383.9,1115.5,410.85,0,1,1110.5,437.8
260,8653,2069048,1110.5,438.5,1120.4,383.9,1115.45,411.2,0,1,1110.5,438.5
260,8654,2069049,1110.5,439.1,1120.4,383.7,1115.45,411.4,0,1,1110.5,439.1
260,8655,2069050,1110.5,439.7,1120.4,383.6,1115.45,411.65,0,1,1110.5,439.7
260,8656,2069051,1110.4,440.3,1120.6,383.1,1115.5,411.7,0,1,1110.4,440.3
260,8657,2069052,1110.3,440.9,1121.1,382.7,1115.7,411.8,0,1,1110.3,440.9
260,8658,2069053,1110.2,441.0,1121.5,382.6,1115.85,411.8,0,1,1110.2,441.0
260,8659,2069054,1110.2,441.1,1121.9,382.9,1116.05,412.0,0,1,1110.2,441.1
260,8660,2069055,1110.2,440.6,1122.3,383.2,1116.25,411.9,0,1,1110.2,440.6
260,8661,2069056,1110.2,440.1,1122.7,383.6,1116.45,411.85,0,1,1110.2,440.1
260,8662,2069057,1110.3,439.7,1123.1,383.8,1116.7,411.75,0,1,1110.3,439.7
260,8663,2069058,1110.4,439.4,1123.5,384.7,1116.95,412.05,0,1,1110.4,439.4
260,8664,2069059,1110.5,439.4,1123.6,385.6,1117.05,412.5,0,1,1110.5,439.4
260,8665,2069060,1110.6,439.4,1123.7,386.3,1117.15,412.85,0,1,1110.6,439.4
260,8666,2069061,1110.7,439.4,1123.8,387.1,1117.25,413.25,0,1,1110.7,439.4
261,8667,2069062,1110.7,440.2,1124.3,387.8,1117.5,414.0,0,1,1110.7,440.2
261,8668,2069063,1110.7,441.0,1124.8,388.2,1117.75,414.6,0,1,1110.7,441.0
261,8669,2069064,1110.7,441.4,1125.2,388.6,1117.95,415.0,0,1,1110.7,441.4
261,8670,2069065,1110.6,441.7,1125.5,388.4,1118.05,415.05,0,1,1110.6,441.7
261,8671,2069066,1110.6,441.5,1125.8,388.3,1118.2,414.9,0,1,1110.6,441.5
261,8672,2069067,1110.5,441.4,1126.3,388.2,1118.4,414.8,0,1,1110.5,441.4
261,8673,2069068,1110.4,441.2,1126.7,388.0,1118.55,414.6,0,1,1110.4,441.2
261,8674,2069069,1110.2,441.0,1126.8,387.8,1118.5,414.4,0,1,1110.2,441.0
261,8675,2069070,1110.0,441.0,1126.9,387.8,1118.45,414.4,0,1,1110.0,441.0
261,8676,2069071,1109.8,441.2,1127.0,387.9,1118.4,414.55,0,1,1109.8,441.2
261,8677,2069072,1109.6,442.0,1127.3,387.8,1118.45,414.9,0,1,1109.6,442.0
261,8678,2069073,1109.4,442.7,1127.5,388.0,1118.45,415.35,0,1,1109.4,442.7
261,8679,2069074,1109.2,443.2,1127.6,388.5,1118.4,415.85,0,1,1109.2,443.2
261,8680,2069075,1109.0,443.9,1128.0,389.4,1118.5,416.65,0,1,1109.0,443.9
261,8681,2069076,1108.8,444.6,1128.5,390.3,1118.65,417.45,0,1,1108.8,444.6
261,8682,2069077,1108.7,445.2,1129.0,391.1,1118.85,418.15,0,1,1108.7,445.2
261,8683,2069078,1108.4,445.8,1129.5,392.0,1118.95,418.9,0,1,1108.4,445.8
261,8684,2069079,1108.2,446.2,1129.8,393.0,1119.0,419.6,0,1,1108.2,446.2
261,8685,2069080,1107.9,446.7,1130.2,394.1,1119.05,420.4,0,1,1107.9,446.7
261,8686,2069081,1107.8,447.3,1130.6,394.8,1119.2,421.05,0,1,1107.8,447.3
261,8687,2069082,1107.7,448.0,1130.7,395.2,1119.2,421.6,0,1,1107.7,448.0
261,8688,2069083,1107.7,448.8,1130.7,395.7,1119.2,422.25,0,1,1107.7,448.8
261,8689,2069084,1107.7,449.5,1130.9,395.4,1119.3,422.45,0,1,1107.7,449.5
261,8690,2069085,1107.9,450.1,1131.2,395.0,1119.55,422.55,0,1,1107.9,450.1
261,8691,2069086,1108.0,450.4,1131.5,394.3,1119.75,422.35,0,1,1108.0,450.4
261,8692,2069087,1108.1,450.4,1131.8,393.3,1119.95,421.85,0,1,1108.1,450.4
261,8693,2069088,1108.1,449.9,1132.1,392.2,1120.1,421.05,0,1,1108.1,449.9
261,8694,2069089,1108.2,449.3,1132.4,391.2,1120.3,420.25,0,1,1108.2,449.3
261,8695,2069090,1108.4,448.6,1132.7,390.2,1120.55,419.4,0,1,1108.4,448.6
261,8696,2069091,1108.6,448.1,1132.7,390.4,1120.65,419.25,0,1,1108.6,448.1
261,8697,2069092,1108.9,447.7,1132.7,390.5,1120.8,419.1,0,1,1108.9,447.7
261,8698,2069093,1109.1,447.4,1132.8,390.7,1120.95,419.05,0,1,1109.1,447.4
261,8699,2069094,1109.3,447.5,1133.0,391.1,1121.15,419.3,0,1,1109.3,447.5
261,8700,2069095,1109.4,447.9,1133.7,391.4,1121.55,419.65,0,1,1109.4,447.9
262,8701,2069096,1109.3,448.3,1134.4,391.7,1121.85,420.0,0,1,1109.3,448.3
262,8702,2069097,1109.0,448.6,1135.1,391.8,1122.05,420.2,0,1,1109.0,448.6
262,8703,2069098,1108.7,448.7,1135.8,391.8,1122.25,420.25,0,1,1108.7,448.7
262,8704,2069099,1108.4,448.7,1136.5,391.8,1122.45,420.25,0,1,1108.4,448.7
262,8705,2069100,1108.1,448.6,1137.0,391.9,1122.55,420.25,0,1,1108.1,448.6
262,8706,2069101,1107.8,448.5,1137.4,392.5,1122.6,420.5,0,1,1107.8,448.5
262,8707,2069102,1107.5,448.2,1137.2,393.1,1122.35,420.65,0,1,1107.5,448.2
262,8708,2069103,1107.5,447.8,1137.1,393.6,1122.3,420.7,0,1,1107.5,447.8
262,8709,2069104,1107.7,447.4,1137.0,394.1,1122.35,420.75,0,1,1107.7,447.4
262,8710,2069105,1107.9,447.1,1137.0,394.6,1122.45,420.85,0,1,1107.9,447.1
262,8711,2069106,1107.9,446.6,1137.1,394.9,1122.5,420.75,0,1,1107.9,446.6
262,8712,2069107,1107.8,446.0,1137.2,395.1,1122.5,420.55,0,1,1107.8,446.0
262,8713,2069108,1107.2,445.4,1137.3,394.8,1122.25,420.1,0,1,1107.2,445.4
262,8714,2069109,1106.5,444.9,1137.1,394.5,1121.8,419.7,0,1,1106.5,444.9
262,8715,2069110,1105.8,443.8,1136.8,394.2,1121.3,419.0,0,1,1105.8,443.8
262,8716,2069111,1105.0,442.9,1136.4,394.1,1120.7,418.5,0,1,1105.0,442.9
262,8717,2069112,1104.4,441.8,1136.3,394.0,1120.35,417.9,0,1,1104.4,441.8
262,8718,2069113,1103.9,441.0,1136.2,393.9,1120.05,417.45,0,1,1103.9,441.0
262,8719,2069114,1103.6,440.1,1136.1,393.8,1119.85,416.95,0,1,1103.6,440.1
262,8720,2069115,1104.0,439.2,1136.0,393.8,1120.0,416.5,0,1,1104.0,439.2
262,8721,2069116,1104.6,438.5,1136.4,393.2,1120.5,415.85,0,1,1104.6,438.5
262,8722,2069117,1105.1,438.2,1136.7,392.6,1120.9,415.4,0,1,1105.1,438.2
262,8723,2069118,1105.6,437.9,1137.0,391.8,1121.3,414.85,0,1,1105.6,437.9
262,8724,2069119,1105.9,437.1,1136.8,391.1,1121.35,414.1,0,1,1105.9,437.1
262,8725,2069120,1106.2,436.2,1136.5,390.4,1121.35,413.3,0,1,1106.2,436.2
262,8726,2069121,1106.5,435.3,1136.2,389.8,1121.35,412.55,0,1,1106.5,435.3
262,8727,2069122,1106.7,434.4,1136.4,389.2,1121.55,411.8,0,1,1106.7,434.4
262,8728,2069123,1106.7,433.5,1136.7,389.1,1121.7,411.3,0,1,1106.7,433.5
262,8729,2069124,1106.7,432.9,1137.0,388.9,1121.85,410.9,0,1,1106.7,432.9
262,8730,2069125,1106.8,432.3,1137.3,388.9,1122.05,410.6,0,1,1106.8,432.3
262,8731,2069126,1106.9,432.4,1137.7,388.7,1122.3,410.55,0,1,1106.9,432.4
262,8732,2069127,1107.0,432.7,1138.1,388.4,1122.55,410.55,0,1,1107.0,432.7
262,8733,2069128,1107.1,433.0,1138.4,388.1,1122.75,410.55,0,1,1107.1,433.0
263,8734,2069129,1107.2,433.1,1138.3,388.0,1122.75,410.55,0,1,1107.2,433.1
263,8735,2069130,1107.3,432.9,1138.0,387.9,1122.65,410.4,0,1,1107.3,432.9
263,8736,2069131,1107.3,432.7,1137.9,387.9,1122.6,410.3,0,1,1107.3,432.7
263,8737,2069132,1107.3,432.5,1137.9,387.8,1122.6,410.15,0,1,1107.3,432.5
263,8738,2069133,1107.2,432.1,1138.1,387.8,1122.65,409.95,0,1,1107.2,432.1
263,8739,2069134,1107.1,431.7,1138.2,387.8,1122.65,409.75,0,1,1107.1,431.7
263,8740,2069135,1106.9,431.2,1138.2,387.3,1122.55,409.25,0,1,1106.9,431.2
263,8741,2069136,1106.7,430.5,1137.9,386.6,1122.3,408.55,0,1,1106.7,430.5
263,8742,2069137,1106.6,429.9,1137.6,385.8,1122.1,407.85,0,1,1106.6,429.9
263,8743,2069138,1106.5,429.3,1137.2,384.9,1121.85,407.1,0,1,1106.5,429.3
263,8744,2069139,1106.4,428.8,1136.7,384.2,1121.55,406.5,0,1,1106.4,428.8
263,8745,2069140,1106.3,428.2,1136.2,383.5,1121.25,405.85,0,1,1106.3,428.2
263,8746,2069141,1106.3,427.8,1135.8,382.8,1121.05,405.3,0,1,1106.3,427.8
263,8747,2069142,1106.3,427.4,1135.5,382.7,1120.9,405.05,0,1,1106.3,427.4
263,8748,2069143,1106.3,427.6,1135.7,382.7,1121.0,405.15,0,1,1106.3,427.6
263,8749,2069144,1106.3,427.7,1135.8,382.7,1121.05,405.2,0,1,1106.3,427.7
263,8750,2069145,1106.2,427.7,1136.0,382.7,1121.1,405.2,0,1,1106.2,427.7
263,8751,2069146,1106.2,427.8,1136.1,382.8,1121.15,405.3,0,1,1106.2,427.8
263,8752,2069147,1106.0,427.7,1136.2,382.6,1121.1,405.15,0,1,1106.0,427.7
263,8753,2069148,1105.9,427.6,1136.3,382.3,1121.1,404.95,0,1,1105.9,427.6
263,8754,2069149,1105.9,427.4,1136.4,382.1,1121.15,404.75,0,1,1105.9,427.4
263,8755,2069150,1105.8,427.0,1136.4,381.7,1121.1,404.35,0,1,1105.8,427.0
263,8756,2069151,1105.7,426.4,1136.3,381.2,1121.0,403.8,0,1,1105.7,426.4
263,8757,2069152,1105.5,425.6,1136.1,380.8,1120.8,403.2,0,1,1105.5,425.6
263,8758,2069153,1105.4,425.0,1135.9,380.4,1120.65,402.7,0,1,1105.4,425.0
263,8759,2069154,1105.3,424.5,1135.6,380.4,1120.45,402.45,0,1,1105.3,424.5
263,8760,2069155,1105.1,424.0,1135.4,380.4,1120.25,402.2,0,1,1105.1,424.0
263,8761,2069156,1105.0,423.5,1135.2,380.5,1120.1,402.0,0,1,1105.0,423.5
263,8762,2069157,1104.9,423.3,1135.1,380.8,1120.0,402.05,0,1,1104.9,423.3
263,8763,2069158,1104.7,423.2,1135.0,381.1,1119.85,402.15,0,1,1104.7,423.2
263,8764,2069159,1104.7,423.0,1135.0,381.4,1119.85,402.2,0,1,1104.7,423.0
263,8765,2069160,1104.6,422.0,1135.1,381.2,1119.85,401.6,0,1,1104.6,422.0
263,8766,2069161,1104.4,421.0,1135.3,380.9,1119.85,400.95,0,1,1104.4,421.0
264,8767,2069162,1104.2,419.9,1135.5,380.7,1119.85,400.3,0,1,1104.2,419.9
264,8768,2069163,1103.9,418.3,1135.7,380.4,1119.8,399.35,0,1,1103.9,418.3
264,8769,2069164,1103.7,416.7,1135.8,380.3,1119.75,398.5,0,1,1103.7,416.7
264,8770,2069165,1103.4,415.4,1135.8,380.1,1119.6,397.75,0,1,1103.4,415.4
264,8771,2069166,1103.2,414.3,1136.0,379.8,1119.6,397.05,0,1,1103.2,414.3
264,8772,2069167,1103.0,414.5,1136.1,379.8,1119.55,397.15,0,1,1103.0,414.5
264,8773,2069168,1102.9,414.7,1136.2,379.8,1119.55,397.25,0,1,1102.9,414.7
264,8774,2069169,1102.9,414.9,1136.2,379.6,1119.55,397.25,0,1,1102.9,414.9
264,8775,2069170,1102.9,415.6,1136.3,379.4,1119.6,397.5,0,1,1102.9,415.6
264,8776,2069171,1102.9,416.2,1136.5,379.0,1119.7,397.6,0,1,1102.9,416.2
264,8777,2069172,1103.1,416.8,1136.6,378.6,1119.85,397.7,0,1,1103.1,416.8
264,8778,2069173,1103.3,417.1,1136.7,378.2,1120.0,397.65,0,1,1103.3,417.1
264,8779,2069174,1103.5,416.7,1136.7,378.0,1120.1,397.35,0,1,1103.5,416.7
264,8780,2069175,1103.8,416.1,1136.6,377.5,1120.2,396.8,0,1,1103.8,416.1
264,8781,2069176,1104.0,415.5,1136.5,377.1,1120.25,396.3,0,1,1104.0,415.5
264,8782,2069177,1104.2,414.9,1136.5,376.8,1120.35,395.85,0,1,1104.2,414.9
264,8783,2069178,1104.3,414.3,1136.4,376.6,1120.35,395.45,0,1,1104.3,414.3
264,8784,2069179,1104.1,413.7,1136.7,376.3,1120.4,395.0,0,1,1104.1,413.7
264,8785,2069180,1103.7,413.2,1137.0,376.0,1120.35,394.6,0,1,1103.7,413.2
264,8786,2069181,1103.4,413.0,1137.4,375.8,1120.4,394.4,0,1,1103.4,413.0
264,8787,2069182,1103.1,413.0,1137.8,375.9,1120.45,394.45,0,1,1103.1,413.0
264,8788,2069183,1102.8,412.8,1138.2,375.9,1120.5,394.35,0,1,1102.8,412.8
264,8789,2069184,1102.5,412.1,1138.5,375.9,1120.5,394.0,0,1,1102.5,412.1
264,8790,2069185,1102.3,411.5,1138.8,375.7,1120.55,393.6,0,1,1102.3,411.5
264,8791,2069186,1102.3,411.0,1138.7,375.6,1120.5,393.3,0,1,1102.3,411.0
264,8792,2069187,1102.6,410.7,1138.6,375.3,1120.6,393.0,0,1,1102.6,410.7
264,8793,2069188,1102.7,410.2,1138.5,375.0,1120.6,392.6,0,1,1102.7,410.2
264,8794,2069189,1102.8,409.9,1138.4,374.7,1120.6,392.3,0,1,1102.8,409.9
264,8795,2069190,1103.0,409.7,1138.4,374.5,1120.7,392.1,0,1,1103.0,409.7
264,8796,2069191,1103.3,410.1,1138.4,374.4,1120.85,392.25,0,1,1103.3,410.1
264,8797,2069192,1103.8,410.2,1138.5,374.3,1121.15,392.25,0,1,1103.8,410.2
264,8798,2069193,1104.3,410.2,1138.6,374.2,1121.45,392.2,0,1,1104.3,410.2
264,8799,2069194,1104.6,410.0,1138.7,374.4,1121.65,392.2,0,1,1104.6,410.0
264,8800,2069195,1105.0,409.8,1138.9,374.8,1121.95,392.3,0,1,1105.0,409.8
265,8801,2069196,1105.3,409.6,1139.1,375.1,1122.2,392.35,0,1,1105.3,409.6
265,8802,2069197,1105.6,409.2,1139.1,375.4,1122.35,392.3,0,1,1105.6,409.2
265,8803,2069198,1105.7,408.4,1139.1,375.8,1122.4,392.1,0,1,1105.7,408.4
265,8804,2069199,1105.6,407.8,1139.0,376.2,1122.3,392.0,0,1,1105.6,407.8
265,8805,2069200,1105.5,407.1,1138.8,376.8,1122.15,391.95,0,1,1105.5,407.1
265,8806,2069201,1105.3,406.5,1138.4,377.3,1121.85,391.9,0,1,1105.3,406.5
265,8807,2069202,1105.2,405.9,1138.0,377.6,1121.6,391.75,0,1,1105.2,405.9
265,8808,2069203,1105.0,405.4,1137.7,377.5,1121.35,391.45,0,1,1105.0,405.4
265,8809,2069204,1104.8,405.0,1137.4,377.4,1121.1,391.2,0,1,1104.8,405.0
265,8810,2069205,1104.3,404.9,1137.1,377.2,1120.7,391.05,0,1,1104.3,404.9
265,8811,2069206,1103.9,404.7,1137.0,376.9,1120.45,390.8,0,1,1103.9,404.7
265,8812,2069207,1103.5,404.5,1136.9,376.4,1120.2,390.45,0,1,1103.5,404.5
265,8813,2069208,1103.2,404.3,1136.9,376.0,1120.05,390.15,0,1,1103.2,404.3
265,8814,2069209,1102.9,404.1,1137.0,375.7,1119.95,389.9,0,1,1102.9,404.1
265,8815,2069210,1102.9,404.3,1137.2,375.7,1120.05,390.0,0,1,1102.9,404.3
265,8816,2069211,1103.0,404.6,1137.6,375.7,1120.3,390.15,0,1,1103.0,404.6
265,8817,2069212,1103.3,404.9,1138.0,375.7,1120.65,390.3,0,1,1103.3,404.9
265,8818,2069213,1103.7,405.5,1138.4,375.7,1121.05,390.6,0,1,1103.7,405.5
265,8819,2069214,1104.1,406.1,1138.9,375.7,1121.5,390.9,0,1,1104.1,406.1
265,8820,2069215,1104.4,406.5,1139.3,375.7,1121.85,391.1,0,1,1104.4,406.5
265,8821,2069216,1104.7,406.9,1139.7,375.0,1122.2,390.95,0,1,1104.7,406.9
265,8822,2069217,1104.8,406.8,1139.7,374.3,1122.25,390.55,0,1,1104.8,406.8
265,8823,2069218,1104.9,406.8,1139.4,373.7,1122.15,390.25,0,1,1104.9,406.8
265,8824,2069219,1105.0,406.7,1139.1,373.1,1122.05,389.9,0,1,1105.0,406.7
265,8825,2069220,1105.1,406.5,1138.7,372.9,1121.9,389.7,0,1,1105.1,406.5
265,8826,2069221,1105.1,405.7,1138.3,372.7,1121.7,389.2,0,1,1105.1,405.7
265,8827,2069222,1105.1,405.0,1137.7,372.5,1121.4,388.75,0,1,1105.1,405.0
265,8828,2069223,1105.1,404.3,1137.1,373.0,1121.1,388.65,0,1,1105.1,404.3
265,8829,2069224,1105.0,403.6,1136.6,373.5,1120.8,388.55,0,1,1105.0,403.6
265,8830,2069225,1105.0,402.9,1136.1,374.1,1120.55,388.5,0,1,1105.0,402.9
265,8831,2069226,1105.0,402.4,1135.7,374.5,1120.35,388.45,0,1,1105.0,402.4
265,8832,2069227,1105.2,402.1,1135.3,374.7,1120.25,388.4,0,1,1105.2,402.1
265,8833,2069228,1105.5,402.7,1134.9,375.0,1120.2,388.85,0,1,1105.5,402.7
266,8834,2069229,1105.7,403.3,1134.7,375.2,1120.2,389.25,0,1,1105.7,403.3
266,8835,2069230,1106.0,404.3,1134.6,375.3,1120.3,389.8,0,1,1106.0,404.3
266,8836,2069231,1106.5,405.2,1134.6,375.3,1120.55,390.25,0,1,1106.5,405.2
266,8837,2069232,1107.0,406.2,1134.6,375.2,1120.8,390.7,0,1,1107.0,406.2
266,8838,2069233,1107.6,407.2,1134.6,375.2,1121.1,391.2,0,1,1107.6,407.2
266,8839,2069234,1108.0,408.2,1134.7,375.3,1121.35,391.75,0,1,1108.0,408.2
266,8840,2069235,1108.7,408.7,1134.8,375.2,1121.75,391.95,0,1,1108.7,408.7
266,8841,2069236,1109.4,409.1,1135.0,375.2,1122.2,392.15,0,1,1109.4,409.1
266,8842,2069237,1110.0,409.1,1135.2,375.4,1122.6,392.25,0,1,1110.0,409.1
266,8843,2069238,1110.4,409.0,1135.4,375.6,1122.9,392.3,0,1,1110.4,409.0
266,8844,2069239,1110.8,408.9,1135.7,375.9,1123.25,392.4,0,1,1110.8,408.9
266,8845,2069240,1111.1,408.8,1136.0,376.1,1123.55,392.45,0,1,1111.1,408.8
266,8846,2069241,1111.3,408.6,1136.3,376.1,1123.8,392.35,0,1,1111.3,408.6
266,8847,2069242,1111.1,408.5,1136.4,376.2,1123.75,392.35,0,1,1111.1,408.5
266,8848,2069243,1111.0,408.4,1136.6,376.0,1123.8,392.2,0,1,1111.0,408.4
266,8849,2069244,1110.9,408.1,1136.8,375.6,1123.85,391.85,0,1,1110.9,408.1
266,8850,2069245,1110.8,407.7,1137.1,374.3,1123.95,391.0,0,1,1110.8,407.7
266,8851,2069246,1110.7,407.4,1137.2,372.9,1123.95,390.15,0,1,1110.7,407.4
266,8852,2069247,1110.5,407.0,1137.3,371.5,1123.9,389.25,0,1,1110.5,407.0
266,8853,2069248,1110.4,406.5,1137.5,370.0,1123.95,388.25,0,1,1110.4,406.5
266,8854,2069249,1110.3,406.0,1137.7,368.5,1124.0,387.25,0,1,1110.3,406.0
266,8855,2069250,1110.2,405.4,1137.8,367.2,1124.0,386.3,0,1,1110.2,405.4
266,8856,2069251,1110.2,404.8,1138.0,366.2,1124.1,385.5,0,1,1110.2,404.8
266,8857,2069252,1110.4,404.3,1138.2,366.2,1124.3,385.25,0,1,1110.4,404.3
266,8858,2069253,1110.5,403.9,1138.4,366.5,1124.45,385.2,0,1,1110.5,403.9
266,8859,2069254,1110.9,403.4,1138.7,367.0,1124.8,385.2,0,1,1110.9,403.4
266,8860,2069255,1111.2,403.0,1139.0,367.5,1125.1,385.25,0,1,1111.2,403.0
266,8861,2069256,1111.5,402.6,1139.3,368.1,1125.4,385.35,0,1,1111.5,402.6
266,8862,2069257,1111.8,402.3,1139.6,368.8,1125.7,385.55,0,1,1111.8,402.3
266,8863,2069258,1111.9,402.0,1139.8,369.7,1125.85,385.85,0,1,1111.9,402.0
266,8864,2069259,1111.9,401.7,1140.0,370.7,1125.95,386.2,0,1,1111.9,401.7
266,8865,2069260,1111.8,401.3,1140.1,371.3,1125.95,386.3,0,1,1111.8,401.3
266,8866,2069261,1111.7,400.7,1140.1,372.4,1125.9,386.55,0,1,1111.7,400.7
267,8867,2069262,1111.5,400.3,1140.3,373.5,1125.9,386.9,0,1,1111.5,400.3
267,8868,2069263,1111.1,399.8,1141.0,374.6,1126.05,387.2,0,1,1111.1,399.8
267,8869,2069264,1110.6,399.5,1141.7,375.5,1126.15,387.5,0,1,1110.6,399.5
267,8870,2069265,1110.2,399.3,1142.5,376.1,1126.35,387.7,0,1,1110.2,399.3
267,8871,2069266,1109.8,399.1,1143.2,376.5,1126.5,387.8,0,1,1109.8,399.1
267,8872,2069267,1109.4,399.1,1144.0,376.6,1126.7,387.85,0,1,1109.4,399.1
267,8873,2069268,1109.0,399.2,1144.6,376.3,1126.8,387.75,0,1,1109.0,399.2
267,8874,2069269,1108.7,399.8,1145.2,375.5,1126.95,387.65,0,1,1108.7,399.8
267,8875,2069270,1108.6,400.4,1145.1,374.9,1126.85,387.65,0,1,1108.6,400.4
267,8876,2069271,1108.6,400.8,1145.1,374.4,1126.85,387.6,0,1,1108.6,400.8
267,8877,2069272,1108.6,401.1,1145.4,373.8,1127.0,387.45,0,1,1108.6,401.1
267,8878,2069273,1108.5,401.2,1145.8,373.3,1127.15,387.25,0,1,1108.5,401.2
267,8879,2069274,1108.4,401.2,1146.1,372.8,1127.25,387.0,0,1,1108.4,401.2
267,8880,2069275,1108.3,401.2,1146.5,372.3,1127.4,386.75,0,1,1108.3,401.2
267,8881,2069276,1108.3,400.8,1146.8,372.1,1127.55,386.45,0,1,1108.3,400.8
267,8882,2069277,1108.2,400.3,1146.9,371.8,1127.55,386.05,0,1,1108.2,400.3
267,8883,2069278,1108.2,399.9,1146.8,371.5,1127.5,385.7,0,1,1108.2,399.9
267,8884,2069279,1108.2,399.5,1146.4,371.3,1127.3,385.4,0,1,1108.2,399.5
267,8885,2069280,1108.3,399.1,1146.0,371.1,1127.15,385.1,0,1,1108.3,399.1
267,8886,2069281,1108.4,398.6,1145.6,371.3,1127.0,384.95,0,1,1108.4,398.6
267,8887,2069282,1108.5,397.8,1145.2,371.5,1126.85,384.65,0,1,1108.5,397.8
267,8888,2069283,1108.2,397.0,1144.9,372.1,1126.55,384.55,0,1,1108.2,397.0
267,8889,2069284,1107.8,396.3,1144.8,372.6,1126.3,384.45,0,1,1107.8,396.3
267,8890,2069285,1107.3,395.7,1144.9,372.9,1126.1,384.3,0,1,1107.3,395.7
267,8891,2069286,1106.8,395.3,1145.1,373.1,1125.95,384.2,0,1,1106.8,395.3
267,8892,2069287,1106.3,395.1,1145.8,373.0,1126.05,384.05,0,1,1106.3,395.1
267,8893,2069288,1105.8,394.9,1146.6,372.7,1126.2,383.8,0,1,1105.8,394.9
267,8894,2069289,1105.3,395.1,1147.3,372.2,1126.3,383.65,0,1,1105.3,395.1
267,8895,2069290,1105.3,395.4,1147.8,371.4,1126.55,383.4,0,1,1105.3,395.4
267,8896,2069291,1105.2,395.9,1148.4,370.5,1126.8,383.2,0,1,1105.2,395.9
267,8897,2069292,1105.2,396.3,1148.9,369.7,1127.05,383.0,0,1,1105.2,396.3
267,8898,2069293,1105.2,396.7,1149.3,368.9,1127.25,382.8,0,1,1105.2,396.7
267,8899,2069294,1105.2,396.4,1149.1,368.5,1127.15,382.45,0,1,1105.2,396.4
267,8900,2069295,1105.1,396.1,1148.8,368.1,1126.95,382.1,0,1,1105.1,396.1
268,8901,2069296,1104.8,395.2,1148.6,368.0,1126.7,381.6,0,1,1104.8,395.2
268,8902,2069297,1104.6,394.1,1148.6,367.9,1126.6,381.0,0,1,1104.6,394.1
268,8903,2069298,1104.3,392.8,1148.6,367.9,1126.45,380.35,0,1,1104.3,392.8
268,8904,2069299,1104.0,391.6,1148.7,367.9,1126.35,379.75,0,1,1104.0,391.6
268,8905,2069300,1103.6,391.0,1148.9,368.0,1126.25,379.5,0,1,1103.6,391.0
268,8906,2069301,1103.3,391.1,1149.1,368.1,1126.2,379.6,0,1,1103.3,391.1
268,8907,2069302,1103.0,391.3,1149.3,368.4,1126.15,379.85,0,1,1103.0,391.3
268,8908,2069303,1102.8,392.2,1149.4,368.9,1126.1,380.55,0,1,1102.8,392.2
268,8909,2069304,1102.6,393.1,1149.5,369.4,1126.05,381.25,0,1,1102.6,393.1
268,8910,2069305,1102.4,394.1,1149.5,369.9,1125.95,382.0,0,1,1102.4,394.1
268,8911,2069306,1102.3,394.9,1149.3,370.0,1125.8,382.45,0,1,1102.3,394.9
268,8912,2069307,1102.2,395.0,1149.2,370.1,1125.7,382.55,0,1,1102.2,395.0
268,8913,2069308,1102.1,395.0,1149.1,370.2,1125.6,382.6,0,1,1102.1,395.0
268,8914,2069309,1102.0,394.9,1149.5,370.1,1125.75,382.5,0,1,1102.0,394.9
268,8915,2069310,1101.9,394.4,1149.9,369.7,1125.9,382.05,0,1,1101.9,394.4
268,8916,2069311,1101.8,393.8,1150.4,369.4,1126.1,381.6,0,1,1101.8,393.8
268,8917,2069312,1101.8,393.1,1150.5,369.2,1126.15,381.15,0,1,1101.8,393.1
268,8918,2069313,1101.8,392.8,1150.6,369.2,1126.2,381.0,0,1,1101.8,392.8
268,8919,2069314,1101.8,392.7,1150.5,369.5,1126.15,381.1,0,1,1101.8,392.7
268,8920,2069315,1102.0,392.9,1150.4,369.8,1126.2,381.35,0,1,1102.0,392.9
268,8921,2069316,1102.2,393.2,1149.9,370.1,1126.05,381.65,0,1,1102.2,393.2
268,8922,2069317,1102.5,393.9,1149.3,370.3,1125.9,382.1,0,1,1102.5,393.9
268,8923,2069318,1102.7,394.6,1148.8,370.2,1125.75,382.4,0,1,1102.7,394.6
268,8924,2069319,1103.0,395.3,1148.7,369.7,1125.85,382.5,0,1,1103.0,395.3
268,8925,2069320,1103.2,395.8,1148.6,369.3,1125.9,382.55,0,1,1103.2,395.8
268,8926,2069321,1103.5,396.2,1148.5,368.7,1126.0,382.45,0,1,1103.5,396.2
268,8927,2069322,1103.7,396.4,1148.5,368.5,1126.1,382.45,0,1,1103.7,396.4
268,8928,2069323,1103.8,396.5,1148.4,368.2,1126.1,382.35,0,1,1103.8,396.5
268,8929,2069324,1103.9,396.4,1148.5,368.1,1126.2,382.25,0,1,1103.9,396.4
268,8930,2069325,1104.0,396.3,1148.6,368.0,1126.3,382.15,0,1,1104.0,396.3
268,8931,2069326,1103.9,396.2,1148.6,368.5,1126.25,382.35,0,1,1103.9,396.2
268,8932,2069327,1103.8,396.2,1148.7,368.9,1126.25,382.55,0,1,1103.8,396.2
268,8933,2069328,1103.5,396.3,1148.6,369.2,1126.05,382.75,0,1,1103.5,396.3
269,8934,2069329,1103.3,396.4,1148.6,369.2,1125.95,382.8,0,1,1103.3,396.4
269,8935,2069330,1103.1,396.6,1148.6,369.2,1125.85,382.9,0,1,1103.1,396.6
269,8936,2069331,1102.8,396.8,1148.4,369.1,1125.6,382.95,0,1,1102.8,396.8
269,8937,2069332,1102.6,396.9,1148.2,368.9,1125.4,382.9,0,1,1102.6,396.9
269,8938,2069333,1102.5,396.7,1148.1,368.5,1125.3,382.6,0,1,1102.5,396.7
269,8939,2069334,1102.3,396.4,1148.0,368.0,1125.15,382.2,0,1,1102.3,396.4
269,8940,2069335,1102.2,396.1,1148.1,367.6,1125.15,381.85,0,1,1102.2,396.1
269,8941,2069336,1102.0,395.7,1148.2,367.3,1125.1,381.5,0,1,1102.0,395.7
269,8942,2069337,1101.9,395.4,1148.4,367.0,1125.15,381.2,0,1,1101.9,395.4
269,8943,2069338,1101.7,395.0,1148.5,366.9,1125.1,380.95,0,1,1101.7,395.0
269,8944,2069339,1101.6,394.6,1148.7,367.2,1125.15,380.9,0,1,1101.6,394.6
269,8945,2069340,1101.3,394.4,1148.7,367.7,1125.0,381.05,0,1,1101.3,394.4
269,8946,2069341,1101.1,394.1,1148.8,368.2,1124.95,381.15,0,1,1101.1,394.1
269,8947,2069342,1100.9,393.9,1148.9,368.8,1124.9,381.35,0,1,1100.9,393.9
269,8948,2069343,1100.8,393.9,1148.9,369.4,1124.85,381.65,0,1,1100.8,393.9
269,8949,2069344,1100.6,394.1,1148.9,369.9,1124.75,382.0,0,1,1100.6,394.1
269,8950,2069345,1100.6,394.5,1148.8,370.9,1124.7,382.7,0,1,1100.6,394.5
269,8951,2069346,1100.6,395.0,1148.5,371.5,1124.55,383.25,0,1,1100.6,395.0
269,8952,2069347,1100.8,395.6,1148.2,372.1,1124.5,383.85,0,1,1100.8,395.6
269,8953,2069348,1101.1,396.0,1147.9,372.6,1124.5,384.3,0,1,1101.1,396.0
269,8954,2069349,1101.5,396.5,1147.5,373.0,1124.5,384.75,0,1,1101.5,396.5
269,8955,2069350,1101.8,396.8,1147.3,373.3,1124.55,385.05,0,1,1101.8,396.8
269,8956,2069351,1102.2,396.7,1147.2,373.7,1124.7,385.2,0,1,1102.2,396.7
269,8957,2069352,1102.2,396.4,1147.4,372.7,1124.8,384.55,0,1,1102.2,396.4
269,8958,2069353,1102.2,396.1,1147.7,371.9,1124.95,384.0,0,1,1102.2,396.1
269,8959,2069354,1102.1,395.9,1148.0,371.2,1125.05,383.55,0,1,1102.1,395.9
269,8960,2069355,1101.9,395.8,1148.2,370.6,1125.05,383.2,0,1,1101.9,395.8
269,8961,2069356,1101.2,395.7,1148.5,370.0,1124.85,382.85,0,1,1101.2,395.7
269,8962,2069357,1100.5,395.5,1148.6,369.5,1124.55,382.5,0,1,1100.5,395.5
269,8963,2069358,1099.8,395.6,1148.6,369.2,1124.2,382.4,0,1,1099.8,395.6
269,8964,2069359,1099.7,396.3,1148.6,369.5,1124.15,382.9,0,1,1099.7,396.3
269,8965,2069360,1099.6,397.0,1148.6,369.8,1124.1,383.4,0,1,1099.6,397.0
269,8966,2069361,1099.5,397.6,1148.4,370.0,1123.95,383.8,0,1,1099.5,397.6
270,8967,2069362,1099.4,398.1,1148.2,370.1,1123.8,384.1,0,1,1099.4,398.1
270,8968,2069363,1099.8,398.6,1148.0,370.2,1123.9,384.4,0,1,1099.8,398.6
270,8969,2069364,1100.1,399.1,1147.8,370.3,1123.95,384.7,0,1,1100.1,399.1
270,8970,2069365,1100.4,399.6,1147.7,370.3,1124.05,384.95,0,1,1100.4,399.6
270,8971,2069366,1100.2,399.4,1147.5,370.3,1123.85,384.85,0,1,1100.2,399.4
270,8972,2069367,1100.0,399.0,1147.5,370.2,1123.75,384.6,0,1,1100.0,399.0
270,8973,2069368,1100.0,398.8,1147.7,370.3,1123.85,384.55,0,1,1100.0,398.8
270,8974,2069369,1100.1,398.5,1147.9,370.4,1124.0,384.45,0,1,1100.1,398.5
270,8975,2069370,1100.2,398.3,1148.0,370.5,1124.1,384.4,0,1,1100.2,398.3
270,8976,2069371,1100.3,398.0,1148.2,370.6,1124.25,384.3,0,1,1100.3,398.0
270,8977,2069372,1100.4,398.0,1148.5,370.7,1124.45,384.35,0,1,1100.4,398.0
270,8978,2069373,1100.3,398.0,1148.9,370.8,1124.6,384.4,0,1,1100.3,398.0
270,8979,2069374,1100.3,398.1,1149.2,371.1,1124.75,384.6,0,1,1100.3,398.1
270,8980,2069375,1100.2,398.2,1149.5,371.2,1124.85,384.7,0,1,1100.2,398.2
270,8981,2069376,1100.0,398.4,1149.8,371.3,1124.9,384.85,0,1,1100.0,398.4
270,8982,2069377,1099.8,398.7,1150.1,371.4,1124.95,385.05,0,1,1099.8,398.7
270,8983,2069378,1099.5,399.6,1150.2,371.6,1124.85,385.6,0,1,1099.5,399.6
270,8984,2069379,1099.3,400.2,1150.1,371.8,1124.7,386.0,0,1,1099.3,400.2
270,8985,2069380,1099.3,400.9,1149.5,371.9,1124.4,386.4,0,1,1099.3,400.9
270,8986,2069381,1099.2,401.3,1149.0,372.0,1124.1,386.65,0,1,1099.2,401.3
270,8987,2069382,1099.1,401.6,1148.5,372.1,1123.8,386.85,0,1,1099.1,401.6
270,8988,2069383,1099.0,401.8,1148.0,372.3,1123.5,387.05,0,1,1099.0,401.8
270,8989,2069384,1099.0,402.0,1147.5,373.0,1123.25,387.5,0,1,1099.0,402.0
270,8990,2069385,1099.0,401.5,1147.1,373.6,1123.05,387.55,0,1,1099.0,401.5
270,8991,2069386,1099.0,400.9,1146.8,374.1,1122.9,387.5,0,1,1099.0,400.9
270,8992,2069387,1099.0,400.5,1146.8,374.7,1122.9,387.6,0,1,1099.0,400.5
270,8993,2069388,1098.9,400.6,1146.8,375.2,1122.85,387.9,0,1,1098.9,400.6
270,8994,2069389,1098.4,400.8,1146.7,375.6,1122.55,388.2,0,1,1098.4,400.8
270,8995,2069390,1097.9,401.1,1146.7,376.2,1122.3,388.65,0,1,1097.9,401.1
270,8996,2069391,1097.4,401.9,1146.6,376.2,1122.0,389.05,0,1,1097.4,401.9
270,8997,2069392,1097.1,402.7,1146.6,376.2,1121.85,389.45,0,1,1097.1,402.7
270,8998,2069393,1096.8,403.6,1146.5,376.2,1121.65,389.9,0,1,1096.8,403.6
270,8999,2069394,1096.5,404.3,1146.5,376.0,1121.5,390.15,0,1,1096.5,404.3
270,9000,2069395,1096.3,404.5,1146.6,375.8,1121.45,390.15,0,1,1096.3,404.5
271,9001,2069396,1096.4,404.7,1146.8,375.6,1121.6,390.15,0,1,1096.4,404.7
271,9002,2069397,1096.5,404.7,1147.1,375.2,1121.8,389.95,0,1,1096.5,404.7
271,9003,2069398,1096.6,404.3,1147.3,374.8,1121.95,389.55,0,1,1096.6,404.3
271,9004,2069399,1096.6,403.9,1147.5,374.4,1122.05,389.15,0,1,1096.6,403.9
271,9005,2069400,1096.7,403.3,1147.6,374.0,1122.15,388.65,0,1,1096.7,403.3
271,9006,2069401,1097.0,402.7,1147.3,374.0,1122.15,388.35,0,1,1097.0,402.7
271,9007,2069402,1097.3,402.2,1146.9,374.2,1122.1,388.2,0,1,1097.3,402.2
271,9008,2069403,1097.6,401.7,1146.6,374.5,1122.1,388.1,0,1,1097.6,401.7
271,9009,2069404,1097.9,400.8,1146.4,374.9,1122.15,387.85,0,1,1097.9,400.8
271,9010,2069405,1098.1,400.0,1146.2,375.3,1122.15,387.65,0,1,1098.1,400.0
271,9011,2069406,1098.4,399.2,1146.5,375.6,1122.45,387.4,0,1,1098.4,399.2
271,9012,2069407,1098.5,398.7,1146.8,375.9,1122.65,387.3,0,1,1098.5,398.7
271,9013,2069408,1098.5,398.3,1147.6,376.1,1123.05,387.2,0,1,1098.5,398.3
271,9014,2069409,1098.5,397.9,1148.4,376.0,1123.45,386.95,0,1,1098.5,397.9
271,9015,2069410,1098.6,397.5,1149.1,375.9,1123.85,386.7,0,1,1098.6,397.5
271,9016,2069411,1098.6,397.5,1149.6,375.8,1124.1,386.65,0,1,1098.6,397.5
271,9017,2069412,1098.7,397.6,1150.1,375.9,1124.4,386.75,0,1,1098.7,397.6
271,9018,2069413,1098.7,397.6,1150.1,376.1,1124.4,386.85,0,1,1098.7,397.6
271,9019,2069414,1098.8,397.7,1150.1,376.2,1124.45,386.95,0,1,1098.8,397.7
271,9020,2069415,1098.9,397.8,1149.9,376.3,1124.4,387.05,0,1,1098.9,397.8
271,9021,2069416,1099.1,398.0,1149.3,376.4,1124.2,387.2,0,1,1099.1,398.0
271,9022,2069417,1099.1,398.2,1148.6,376.5,1123.85,387.35,0,1,1099.1,398.2
271,9023,2069418,1099.1,398.4,1147.9,376.5,1123.5,387.45,0,1,1099.1,398.4
271,9024,2069419,1099.2,398.6,1147.2,376.4,1123.2,387.5,0,1,1099.2,398.6
271,9025,2069420,1099.4,398.7,1146.4,376.3,1122.9,387.5,0,1,1099.4,398.7
271,9026,2069421,1099.8,398.6,1145.8,376.2,1122.8,387.4,0,1,1099.8,398.6
271,9027,2069422,1100.2,398.3,1145.2,376.1,1122.7,387.2,0,1,1100.2,398.3
271,9028,2069423,1100.7,398.3,1145.2,376.0,1122.95,387.15,0,1,1100.7,398.3
271,9029,2069424,1101.2,398.4,1145.3,375.9,1123.25,387.15,0,1,1101.2,398.4
271,9030,2069425,1101.7,398.6,1145.4,375.9,1123.55,387.25,0,1,1101.7,398.6
271,9031,2069426,1102.2,398.9,1145.5,375.9,1123.85,387.4,0,1,1102.2,398.9
271,9032,2069427,1102.5,399.4,1145.6,375.9,1124.05,387.65,0,1,1102.5,399.4
271,9033,2069428,1102.4,400.0,1145.8,376.0,1124.1,388.0,0,1,1102.4,400.0
272,9034,2069429,1102.3,401.1,1146.1,376.1,1124.2,388.6,0,1,1102.3,401.1
272,9035,2069430,1102.2,402.0,1146.1,376.2,1124.15,389.1,0,1,1102.2,402.0
272,9036,2069431,1102.2,402.7,1146.2,376.2,1124.2,389.45,0,1,1102.2,402.7
272,9037,2069432,1102.3,403.2,1146.3,376.1,1124.3,389.65,0,1,1102.3,403.2
272,9038,2069433,1102.3,403.6,1146.4,376.0,1124.35,389.8,0,1,1102.3,403.6
272,9039,2069434,1102.4,403.8,1146.5,375.8,1124.45,389.8,0,1,1102.4,403.8
272,9040,2069435,1102.5,404.1,1146.6,375.8,1124.55,389.95,0,1,1102.5,404.1
272,9041,2069436,1102.7,404.0,1146.8,375.8,1124.75,389.9,0,1,1102.7,404.0
272,9042,2069437,1102.8,403.9,1146.9,375.7,1124.85,389.8,0,1,1102.8,403.9
272,9043,2069438,1103.0,403.9,1146.9,376.1,1124.95,390.0,0,1,1103.0,403.9
272,9044,2069439,1103.2,403.9,1146.9,376.4,1125.05,390.15,0,1,1103.2,403.9
272,9045,2069440,1103.4,403.8,1146.9,376.8,1125.15,390.3,0,1,1103.4,403.8
272,9046,2069441,1103.4,403.7,1146.9,377.1,1125.15,390.4,0,1,1103.4,403.7
272,9047,2069442,1103.5,403.4,1146.8,377.3,1125.15,390.35,0,1,1103.5,403.4
272,9048,2069443,1103.7,403.0,1146.6,377.2,1125.15,390.1,0,1,1103.7,403.0
272,9049,2069444,1104.0,402.5,1146.5,376.8,1125.25,389.65,0,1,1104.0,402.5
272,9050,2069445,1104.2,402.1,1146.7,376.1,1125.45,389.1,0,1,1104.2,402.1
272,9051,2069446,1104.3,402.3,1146.9,375.4,1125.6,388.85,0,1,1104.3,402.3
272,9052,2069447,1104.5,402.6,1147.2,374.7,1125.85,388.65,0,1,1104.5,402.6
272,9053,2069448,1104.9,402.9,1147.5,374.1,1126.2,388.5,0,1,1104.9,402.9
272,9054,2069449,1105.2,403.4,1147.8,373.6,1126.5,388.5,0,1,1105.2,403.4
272,9055,2069450,1105.5,403.9,1147.0,373.0,1126.25,388.45,0,1,1105.5,403.9
272,9056,2069451,1105.5,404.3,1146.1,372.6,1125.8,388.45,0,1,1105.5,404.3
272,9057,2069452,1105.5,404.5,1144.3,371.5,1124.9,388.0,0,1,1105.5,404.5
272,9058,2069453,1105.4,404.1,1140.2,369.8,1122.8,386.95,0,1,1105.4,404.1
272,9059,2069454,1104.0,403.7,1135.1,368.1,1119.55,385.9,0,1,1104.0,403.7
272,9060,2069455,1100.2,403.1,1129.1,365.4,1114.65,384.25,0,1,1100.2,403.1
272,9061,2069456,1093.5,402.4,1121.4,362.3,1107.45,382.35,0,1,1093.5,402.4
272,9062,2069457,1083.6,401.4,1114.1,357.8,1098.85,379.6,0,1,1083.6,401.4
272,9063,2069458,1070.5,398.7,1104.3,352.6,1087.4,375.65,0,1,1070.5,398.7
272,9064,2069459,1055.0,396.0,1093.4,346.2,1074.2,371.1,0,1,1055.0,396.0
272,9065,2069460,1036.8,392.8,1083.2,340.4,1060.0,366.6,0,1,1036.8,392.8
272,9066,2069461,1018.4,388.4,1071.4,334.6,1044.9,361.5,0,1,1018.4,388.4
273,9067,2069462,999.6,383.6,1058.5,329.6,1029.05,356.6,0,1,999.6,383.6
273,9068,2069463,981.1,378.3,1046.2,323.3,1013.65,350.8,0,1,981.1,378.3
273,9069,2069464,963.0,372.2,1033.1,317.4,998.05,344.8,0,1,963.0,372.2
273,9070,2069465,947.2,368.0,1020.2,311.4,983.7,339.7,0,1,947.2,368.0
273,9071,2069466,932.2,363.4,1008.8,307.3,970.5,335.35,0,1,932.2,363.4
273,9072,2069467,918.1,359.2,999.2,303.0,958.65,331.1,0,1,918.1,359.2
273,9073,2069468,903.6,356.1,991.4,298.8,947.5,327.45,0,1,903.6,356.1
273,9074,2069469,891.4,353.0,983.9,294.7,937.65,323.85,0,1,891.4,353.0
273,9075,2069470,881.6,350.5,975.9,292.1,928.75,321.3,0,1,881.6,350.5
273,9076,2069471,873.8,348.7,966.6,289.9,920.2,319.3,0,1,873.8,348.7
273,9077,2069472,865.9,346.9,957.3,288.1,911.6,317.5,0,1,865.9,346.9
273,9078,2069473,858.8,345.3,945.6,286.4,902.2,315.85,0,1,858.8,345.3
273,9079,2069474,852.5,343.5,931.2,284.6,891.85,314.05,0,1,852.5,343.5
273,9080,2069475,847.1,342.0,916.7,282.3,881.9,312.15,0,1,847.1,342.0
273,9081,2069476,840.4,341.1,902.0,279.3,871.2,310.2,0,1,840.4,341.1
273,9082,2069477,833.4,340.2,888.6,275.2,861.0,307.7,0,1,833.4,340.2
273,9083,2069478,826.2,338.1,877.8,271.9,852.0,305.0,0,1,826.2,338.1
273,9084,2069479,819.4,336.0,867.9,269.3,843.65,302.65,0,1,819.4,336.0
273,9085,2069480,813.4,334.3,860.6,266.7,837.0,300.5,0,1,813.4,334.3
273,9086,2069481,808.1,332.6,855.7,264.3,831.9,298.45,0,1,808.1,332.6
273,9087,2069482,803.9,330.9,851.4,262.5,827.65,296.7,0,1,803.9,330.9
273,9088,2069483,801.7,329.2,849.0,261.3,825.35,295.25,0,1,801.7,329.2
273,9089,2069484,800.0,327.5,847.0,261.4,823.5,294.45,0,1,800.0,327.5
273,9090,2069485,799.8,326.5,845.5,261.4,822.65,293.95,0,1,799.8,326.5
273,9091,2069486,800.3,325.6,845.3,261.4,822.8,293.5,0,1,800.3,325.6
273,9092,2069487,800.9,324.6,845.6,261.4,823.25,293.0,0,1,800.9,324.6
273,9093,2069488,803.3,323.7,847.0,261.3,825.15,292.5,0,1,803.3,323.7
273,9094,2069489,805.8,322.9,848.5,261.2,827.15,292.05,0,1,805.8,322.9
273,9095,2069490,808.7,321.8,850.5,261.2,829.6,291.5,0,1,808.7,321.8
273,9096,2069491,812.0,320.5,852.8,261.4,832.4,290.95,0,1,812.0,320.5
273,9097,2069492,815.6,319.7,855.1,261.7,835.35,290.7,0,1,815.6,319.7
273,9098,2069493,819.1,318.7,857.1,262.1,838.1,290.4,0,1,819.1,318.7
273,9099,2069494,822.7,317.4,859.2,262.4,840.95,289.9,0,1,822.7,317.4
273,9100,2069495,825.3,316.2,860.3,262.8,842.8,289.5,0,1,825.3,316.2
274,9101,2069496,828.0,315.1,861.5,263.2,844.75,289.15,0,1,828.0,315.1
274,9102,2069497,830.2,314.2,862.1,263.5,846.15,288.85,0,1,830.2,314.2
274,9103,2069498,831.8,313.5,862.4,263.7,847.1,288.6,0,1,831.8,313.5
274,9104,2069499,833.4,313.0,862.8,264.0,848.1,288.5,0,1,833.4,313.0
274,9105,2069500,835.0,312.6,863.1,264.6,849.05,288.6,0,1,835.0,312.6
274,9106,2069501,836.3,312.5,863.4,264.9,849.85,288.7,0,1,836.3,312.5
274,9107,2069502,837.4,312.2,863.6,264.9,850.5,288.55,0,1,837.4,312.2
274,9108,2069503,838.3,311.9,863.8,265.1,851.05,288.5,0,1,838.3,311.9
274,9109,2069504,839.1,311.6,863.9,265.2,851.5,288.4,0,1,839.1,311.6
274,9110,2069505,840.0,311.3,864.1,265.2,852.05,288.25,0,1,840.0,311.3
274,9111,2069506,840.1,312.0,864.2,265.0,852.15,288.5,0,1,840.1,312.0
274,9112,2069507,840.2,312.7,864.4,264.6,852.3,288.65,0,1,840.2,312.7
274,9113,2069508,840.3,313.5,864.4,264.4,852.35,288.95,0,1,840.3,313.5
274,9114,2069509,840.3,314.5,864.5,264.3,852.4,289.4,0,1,840.3,314.5
274,9115,2069510,840.2,315.5,864.5,264.3,852.35,289.9,0,1,840.2,315.5
274,9116,2069511,840.1,316.4,864.8,264.1,852.45,290.25,0,1,840.1,316.4
274,9117,2069512,840.0,317.2,865.5,264.1,852.75,290.65,0,1,840.0,317.2
274,9118,2069513,840.0,317.0,866.3,263.0,853.15,290.0,0,1,840.0,317.0
274,9119,2069514,839.9,316.8,867.1,262.0,853.5,289.4,0,1,839.9,316.8
274,9120,2069515,839.8,316.6,868.0,260.6,853.9,288.6,0,1,839.8,316.6
274,9121,2069516,839.3,316.4,868.8,259.3,854.05,287.85,0,1,839.3,316.4
274,9122,2069517,838.8,316.6,869.5,257.8,854.15,287.2,0,1,838.8,316.6
274,9123,2069518,838.4,316.9,870.2,256.4,854.3,286.65,0,1,838.4,316.9
274,9124,2069519,837.9,317.4,870.5,255.1,854.2,286.25,0,1,837.9,317.4
274,9125,2069520,837.5,317.8,870.8,254.8,854.15,286.3,0,1,837.5,317.8
274,9126,2069521,837.2,318.3,871.1,254.5,854.15,286.4,0,1,837.2,318.3
274,9127,2069522,837.1,318.7,871.4,254.4,854.25,286.55,0,1,837.1,318.7
274,9128,2069523,837.3,319.1,871.9,254.4,854.6,286.75,0,1,837.3,319.1
274,9129,2069524,837.6,319.3,872.3,254.6,854.95,286.95,0,1,837.6,319.3
274,9130,2069525,837.9,319.6,872.6,254.8,855.25,287.2,0,1,837.9,319.6
274,9131,2069526,838.2,320.0,872.9,255.0,855.55,287.5,0,1,838.2,320.0
274,9132,2069527,838.5,320.4,873.0,255.1,855.75,287.75,0,1,838.5,320.4
274,9133,2069528,838.8,320.7,873.1,255.3,855.95,288.0,0,1,838.8,320.7
275,9134,2069529,839.0,321.0,873.2,255.4,856.1,288.2,0,1,839.0,321.0
275,9135,2069530,839.4,321.2,873.3,255.5,856.35,288.35,0,1,839.4,321.2
275,9136,2069531,839.7,321.3,873.4,255.3,856.55,288.3,0,1,839.7,321.3
275,9137,2069532,840.2,321.4,873.5,255.0,856.85,288.2,0,1,840.2,321.4
275,9138,2069533,840.7,321.5,873.7,254.7,857.2,288.1,0,1,840.7,321.5
275,9139,2069534,841.2,321.6,874.0,254.3,857.6,287.95,0,1,841.2,321.6
275,9140,2069535,841.6,321.7,874.3,253.8,857.95,287.75,0,1,841.6,321.7
275,9141,2069536,842.0,321.8,874.6,253.4,858.3,287.6,0,1,842.0,321.8
275,9142,2069537,841.8,321.8,874.9,253.2,858.35,287.5,0,1,841.8,321.8
275,9143,2069538,841.6,321.8,875.0,253.4,858.3,287.6,0,1,841.6,321.8
275,9144,2069539,841.1,321.8,875.3,253.7,858.2,287.75,0,1,841.1,321.8
275,9145,2069540,840.4,321.7,875.5,254.1,857.95,287.9,0,1,840.4,321.7
275,9146,2069541,839.7,321.6,875.6,254.6,857.65,288.1,0,1,839.7,321.6
275,9147,2069542,839.0,321.6,875.7,255.0,857.35,288.3,0,1,839.0,321.6
275,9148,2069543,838.3,321.6,875.8,255.5,857.05,288.55,0,1,838.3,321.6
275,9149,2069544,838.1,321.6,876.1,255.7,857.1,288.65,0,1,838.1,321.6
275,9150,2069545,837.9,321.4,876.5,255.7,857.2,288.55,0,1,837.9,321.4
275,9151,2069546,837.9,321.2,876.8,255.7,857.35,288.45,0,1,837.9,321.2
275,9152,2069547,838.1,321.1,877.1,256.0,857.6,288.55,0,1,838.1,321.1
275,9153,2069548,838.2,321.9,877.5,256.3,857.85,289.1,0,1,838.2,321.9
275,9154,2069549,838.4,322.7,877.7,256.6,858.05,289.65,0,1,838.4,322.7
275,9155,2069550,838.5,323.4,877.9,256.9,858.2,290.15,0,1,838.5,323.4
275,9156,2069551,838.6,324.1,878.1,257.3,858.35,290.7,0,1,838.6,324.1
275,9157,2069552,838.6,324.8,878.1,257.6,858.35,291.2,0,1,838.6,324.8
275,9158,2069553,838.6,325.5,878.2,257.8,858.4,291.65,0,1,838.6,325.5
275,9159,2069554,838.6,326.2,878.3,257.8,858.45,292.0,0,1,838.6,326.2
275,9160,2069555,838.6,325.9,878.4,257.8,858.5,291.85,0,1,838.6,325.9
275,9161,2069556,838.6,325.5,878.5,258.0,858.55,291.75,0,1,838.6,325.5
275,9162,2069557,838.6,325.2,878.7,258.5,858.65,291.85,0,1,838.6,325.2
275,9163,2069558,838.2,325.0,878.9,259.0,858.55,292.0,0,1,838.2,325.0
275,9164,2069559,837.8,324.8,879.1,259.5,858.45,292.15,0,1,837.8,324.8
275,9165,2069560,837.4,324.7,879.2,260.1,858.3,292.4,0,1,837.4,324.7
275,9166,2069561,836.9,324.4,879.4,261.3,858.15,292.85,0,1,836.9,324.4
276,9167,2069562,836.5,324.3,880.0,262.5,858.25,293.4,0,1,836.5,324.3
276,9168,2069563,836.1,324.3,880.5,263.5,858.3,293.9,0,1,836.1,324.3
276,9169,2069564,835.8,324.2,880.9,265.5,858.35,294.85,0,1,835.8,324.2
276,9170,2069565,835.8,324.1,881.3,267.4,858.55,295.75,0,1,835.8,324.1
276,9171,2069566,835.9,324.0,881.7,269.2,858.8,296.6,0,1,835.9,324.0
276,9172,2069567,836.0,323.8,882.0,270.9,859.0,297.35,0,1,836.0,323.8
276,9173,2069568,836.1,323.7,882.2,271.9,859.15,297.8,0,1,836.1,323.7
276,9174,2069569,836.1,323.5,882.2,272.7,859.15,298.1,0,1,836.1,323.5
276,9175,2069570,835.9,323.5,882.2,273.3,859.05,298.4,0,1,835.9,323.5
276,9176,2069571,835.6,323.6,882.3,272.7,858.95,298.15,0,1,835.6,323.6
276,9177,2069572,835.4,324.1,882.3,272.2,858.85,298.15,0,1,835.4,324.1
276,9178,2069573,835.0,325.5,882.3,271.7,858.65,298.6,0,1,835.0,325.5
276,9179,2069574,834.6,326.9,882.3,271.3,858.45,299.1,0,1,834.6,326.9
276,9180,2069575,834.0,328.3,882.3,270.8,858.15,299.55,0,1,834.0,328.3
276,9181,2069576,833.3,329.6,882.3,270.6,857.8,300.1,0,1,833.3,329.6
276,9182,2069577,832.9,330.8,882.3,270.6,857.6,300.7,0,1,832.9,330.8
276,9183,2069578,832.4,331.3,882.3,270.7,857.35,301.0,0,1,832.4,331.3
276,9184,2069579,832.0,331.6,882.4,271.0,857.2,301.3,0,1,832.0,331.6
276,9185,2069580,831.7,331.0,882.5,271.3,857.1,301.15,0,1,831.7,331.0
276,9186,2069581,831.3,330.2,882.0,271.7,856.65,300.95,0,1,831.3,330.2
276,9187,2069582,831.2,329.2,881.5,272.1,856.35,300.65,0,1,831.2,329.2
276,9188,2069583,831.1,328.4,880.7,272.5,855.9,300.45,0,1,831.1,328.4
276,9189,2069584,831.0,327.6,880.0,272.9,855.5,300.25,0,1,831.0,327.6
276,9190,2069585,831.0,327.2,879.1,273.4,855.05,300.3,0,1,831.0,327.2
276,9191,2069586,830.9,326.9,878.3,273.9,854.6,300.4,0,1,830.9,326.9
276,9192,2069587,830.8,326.5,877.4,274.5,854.1,300.5,0,1,830.8,326.5
276,9193,2069588,830.9,326.3,877.1,275.1,854.0,300.7,0,1,830.9,326.3
276,9194,2069589,831.0,326.2,876.8,275.7,853.9,300.95,0,1,831.0,326.2
276,9195,2069590,831.1,326.1,876.8,276.3,853.95,301.2,0,1,831.1,326.1
276,9196,2069591,831.2,326.0,876.7,276.9,853.95,301.45,0,1,831.2,326.0
276,9197,2069592,831.3,325.9,876.5,277.5,853.9,301.7,0,1,831.3,325.9
276,9198,2069593,831.4,325.9,876.2,277.8,853.8,301.85,0,1,831.4,325.9
276,9199,2069594,831.5,325.8,875.9,277.9,853.7,301.85,0,1,831.5,325.8
276,9200,2069595,831.5,325.7,875.5,278.1,853.5,301.9,0,1,831.5,325.7
277,9201,2069596,831.4,325.7,875.1,278.3,853.25,302.0,0,1,831.4,325.7
277,9202,2069597,831.2,325.7,874.7,278.4,852.95,302.05,0,1,831.2,325.7
277,9203,2069598,830.9,325.8,874.3,278.6,852.6,302.2,0,1,830.9,325.8
277,9204,2069599,830.5,326.0,873.6,278.5,852.05,302.25,0,1,830.5,326.0
277,9205,2069600,830.0,326.1,873.1,278.3,851.55,302.2,0,1,830.0,326.1
277,9206,2069601,829.5,326.2,872.5,278.2,851.0,302.2,0,1,829.5,326.2
277,9207,2069602,829.1,326.3,871.9,278.1,850.5,302.2,0,1,829.1,326.3
277,9208,2069603,828.7,326.5,871.2,278.0,849.95,302.25,0,1,828.7,326.5
277,9209,2069604,828.4,326.5,870.5,277.9,849.45,302.2,0,1,828.4,326.5
277,9210,2069605,828.0,326.1,869.8,277.6,848.9,301.85,0,1,828.0,326.1
277,9211,2069606,827.8,325.8,869.4,277.4,848.6,301.6,0,1,827.8,325.8
277,9212,2069607,827.9,325.6,869.0,277.4,848.45,301.5,0,1,827.9,325.6
277,9213,2069608,828.1,325.8,868.5,277.3,848.3,301.55,0,1,828.1,325.8
277,9214,2069609,828.3,325.9,868.1,277.2,848.2,301.55,0,1,828.3,325.9
277,9215,2069610,828.5,326.4,867.8,277.2,848.15,301.8,0,1,828.5,326.4
277,9216,2069611,828.9,326.9,867.5,277.2,848.2,302.05,0,1,828.9,326.9
277,9217,2069612,829.3,327.5,867.2,277.1,848.25,302.3,0,1,829.3,327.5
277,9218,2069613,830.0,327.9,866.6,277.1,848.3,302.5,0,1,830.0,327.9
277,9219,2069614,830.7,327.6,865.9,277.0,848.3,302.3,0,1,830.7,327.6
277,9220,2069615,831.2,326.9,865.3,277.0,848.25,301.95,0,1,831.2,326.9
277,9221,2069616,831.4,325.5,864.7,276.8,848.05,301.15,0,1,831.4,325.5
277,9222,2069617,831.5,324.1,864.0,276.6,847.75,300.35,0,1,831.5,324.1
277,9223,2069618,831.5,322.8,863.0,276.5,847.25,299.65,0,1,831.5,322.8
277,9224,2069619,831.5,321.6,862.0,276.6,846.75,299.1,0,1,831.5,321.6
277,9225,2069620,831.1,320.5,861.3,276.6,846.2,298.55,0,1,831.1,320.5
277,9226,2069621,830.7,319.8,860.8,276.5,845.75,298.15,0,1,830.7,319.8
277,9227,2069622,830.2,319.1,860.3,276.5,845.25,297.8,0,1,830.2,319.1
277,9228,2069623,830.2,319.1,859.9,276.7,845.05,297.9,0,1,830.2,319.1
277,9229,2069624,830.3,318.9,859.4,276.8,844.85,297.85,0,1,830.3,318.9
277,9230,2069625,830.2,319.3,859.3,276.7,844.75,298.0,0,1,830.2,319.3
277,9231,2069626,830.2,319.8,859.3,276.2,844.75,298.0,0,1,830.2,319.8
277,9232,2069627,830.1,320.4,859.1,275.5,844.6,297.95,0,1,830.1,320.4
277,9233,2069628,830.0,321.2,858.6,274.7,844.3,297.95,0,1,830.0,321.2
278,9234,2069629,829.9,321.8,858.1,273.8,844.0,297.8,0,1,829.9,321.8
278,9235,2069630,829.7,322.0,857.6,272.6,843.65,297.3,0,1,829.7,322.0
278,9236,2069631,829.5,322.3,857.2,271.7,843.35,297.0,0,1,829.5,322.3
278,9237,2069632,829.3,321.7,856.8,271.1,843.05,296.4,0,1,829.3,321.7
278,9238,2069633,829.1,321.3,856.3,271.4,842.7,296.35,0,1,829.1,321.3
278,9239,2069634,828.9,320.8,856.1,271.9,842.5,296.35,0,1,828.9,320.8
278,9240,2069635,828.7,320.4,856.2,272.7,842.45,296.55,0,1,828.7,320.4
278,9241,2069636,828.6,320.3,856.4,273.4,842.5,296.85,0,1,828.6,320.3
278,9242,2069637,828.7,320.6,856.5,274.2,842.6,297.4,0,1,828.7,320.6
278,9243,2069638,828.7,321.4,856.6,274.9,842.65,298.15,0,1,828.7,321.4
278,9244,2069639,828.9,322.1,856.6,275.5,842.75,298.8,0,1,828.9,322.1
278,9245,2069640,829.1,322.7,856.4,275.5,842.75,299.1,0,1,829.1,322.7
278,9246,2069641,829.4,323.3,856.3,275.5,842.85,299.4,0,1,829.4,323.3
278,9247,2069642,829.8,323.9,856.1,275.5,842.95,299.7,0,1,829.8,323.9
278,9248,2069643,830.2,324.4,855.8,275.4,843.0,299.9,0,1,830.2,324.4
278,9249,2069644,830.3,324.6,855.5,275.1,842.9,299.85,0,1,830.3,324.6
278,9250,2069645,830.6,324.3,855.2,274.7,842.9,299.5,0,1,830.6,324.3
278,9251,2069646,830.8,323.7,855.0,274.3,842.9,299.0,0,1,830.8,323.7
278,9252,2069647,831.2,323.2,855.0,273.8,843.1,298.5,0,1,831.2,323.2
278,9253,2069648,831.5,322.7,855.0,273.2,843.25,297.95,0,1,831.5,322.7
278,9254,2069649,831.7,322.5,855.4,272.7,843.55,297.6,0,1,831.7,322.5
278,9255,2069650,831.9,322.3,855.8,272.3,843.85,297.3,0,1,831.9,322.3
278,9256,2069651,832.0,322.3,856.2,272.6,844.1,297.45,0,1,832.0,322.3
278,9257,2069652,832.1,322.4,856.6,272.9,844.35,297.65,0,1,832.1,322.4
278,9258,2069653,832.2,322.7,857.0,273.2,844.6,297.95,0,1,832.2,322.7
278,9259,2069654,832.2,323.0,857.2,273.7,844.7,298.35,0,1,832.2,323.0
278,9260,2069655,832.1,322.8,857.4,274.2,844.75,298.5,0,1,832.1,322.8
278,9261,2069656,832.1,322.5,857.3,274.6,844.7,298.55,0,1,832.1,322.5
278,9262,2069657,832.1,322.2,857.2,274.9,844.65,298.55,0,1,832.1,322.2
278,9263,2069658,832.1,321.7,857.1,275.0,844.6,298.35,0,1,832.1,321.7
278,9264,2069659,832.2,321.1,857.0,275.1,844.6,298.1,0,1,832.2,321.1
278,9265,2069660,832.2,320.4,856.9,275.1,844.55,297.75,0,1,832.2,320.4
278,9266,2069661,832.2,319.8,857.1,275.1,844.65,297.45,0,1,832.2,319.8
279,9267,2069662,832.1,319.4,857.3,275.2,844.7,297.3,0,1,832.1,319.4
279,9268,2069663,832.0,319.1,857.6,274.9,844.8,297.0,0,1,832.0,319.1
279,9269,2069664,831.9,318.9,857.9,274.6,844.9,296.75,0,1,831.9,318.9
279,9270,2069665,831.7,318.7,858.3,273.7,845.0,296.2,0,1,831.7,318.7
279,9271,2069666,831.4,318.5,858.8,272.8,845.1,295.65,0,1,831.4,318.5
279,9272,2069667,831.2,318.3,859.2,271.9,845.2,295.1,0,1,831.2,318.3
279,9273,2069668,831.0,318.2,859.6,271.1,845.3,294.65,0,1,831.0,318.2
279,9274,2069669,830.9,318.1,859.8,270.5,845.35,294.3,0,1,830.9,318.1
279,9275,2069670,830.8,317.9,859.9,270.3,845.35,294.1,0,1,830.8,317.9
279,9276,2069671,830.7,317.6,859.9,270.3,845.3,293.95,0,1,830.7,317.6
279,9277,2069672,830.8,317.6,859.7,270.7,845.25,294.15,0,1,830.8,317.6
279,9278,2069673,831.1,317.9,859.6,271.0,845.35,294.45,0,1,831.1,317.9
279,9279,2069674,831.4,318.1,859.5,271.1,845.45,294.6,0,1,831.4,318.1
279,9280,2069675,831.7,318.2,859.5,271.1,845.6,294.65,0,1,831.7,318.2
279,9281,2069676,832.0,318.3,859.4,270.8,845.7,294.55,0,1,832.0,318.3
279,9282,2069677,832.2,318.6,859.5,270.6,845.85,294.6,0,1,832.2,318.6
279,9283,2069678,832.3,318.9,859.6,270.3,845.95,294.6,0,1,832.3,318.9
279,9284,2069679,832.4,319.6,859.7,270.4,846.05,295.0,0,1,832.4,319.6
279,9285,2069680,832.3,320.2,860.1,270.5,846.2,295.35,0,1,832.3,320.2
279,9286,2069681,832.2,320.9,860.5,271.2,846.35,296.05,0,1,832.2,320.9
279,9287,2069682,832.2,321.6,860.8,272.2,846.5,296.9,0,1,832.2,321.6
279,9288,2069683,832.2,322.3,861.1,273.1,846.65,297.7,0,1,832.2,322.3
279,9289,2069684,832.4,322.9,861.4,274.0,846.9,298.45,0,1,832.4,322.9
279,9290,2069685,832.5,323.2,861.8,274.7,847.15,298.95,0,1,832.5,323.2
279,9291,2069686,832.7,323.1,862.1,275.0,847.4,299.05,0,1,832.7,323.1
279,9292,2069687,832.9,323.0,862.2,275.4,847.55,299.2,0,1,832.9,323.0
279,9293,2069688,833.1,322.9,862.3,275.4,847.7,299.15,0,1,833.1,322.9
279,9294,2069689,833.3,322.6,862.4,275.1,847.85,298.85,0,1,833.3,322.6
279,9295,2069690,833.4,322.2,862.6,274.9,848.0,298.55,0,1,833.4,322.2
279,9296,2069691,833.6,321.3,862.8,274.6,848.2,297.95,0,1,833.6,321.3
279,9297,2069692,833.7,320.4,863.0,274.5,848.35,297.45,0,1,833.7,320.4
279,9298,2069693,833.9,319.6,862.9,274.3,848.4,296.95,0,1,833.9,319.6
279,9299,2069694,834.3,318.8,862.7,274.0,848.5,296.4,0,1,834.3,318.8
279,9300,2069695,834.6,318.0,862.5,273.8,848.55,295.9,0,1,834.6,318.0
280,9301,2069696,834.9,317.4,862.1,273.4,848.5,295.4,0,1,834.9,317.4
280,9302,2069697,835.2,316.9,861.6,273.2,848.4,295.05,0,1,835.2,316.9
280,9303,2069698,835.4,316.9,861.1,273.0,848.25,294.95,0,1,835.4,316.9
280,9304,2069699,835.7,316.9,860.6,272.9,848.15,294.9,0,1,835.7,316.9
280,9305,2069700,835.8,316.7,860.4,272.8,848.1,294.75,0,1,835.8,316.7
280,9306,2069701,835.7,316.5,860.1,272.8,847.9,294.65,0,1,835.7,316.5
280,9307,2069702,835.5,316.2,859.9,272.3,847.7,294.25,0,1,835.5,316.2
280,9308,2069703,835.2,315.8,859.9,271.9,847.55,293.85,0,1,835.2,315.8
280,9309,2069704,835.0,315.4,859.9,271.5,847.45,293.45,0,1,835.0,315.4
280,9310,2069705,834.9,315.0,859.9,271.1,847.4,293.05,0,1,834.9,315.0
280,9311,2069706,834.9,314.5,859.9,271.0,847.4,292.75,0,1,834.9,314.5
280,9312,2069707,834.9,314.2,859.9,270.7,847.4,292.45,0,1,834.9,314.2
280,9313,2069708,835.0,313.8,860.0,270.4,847.5,292.1,0,1,835.0,313.8
280,9314,2069709,835.3,313.6,860.0,270.3,847.65,291.95,0,1,835.3,313.6
280,9315,2069710,835.5,313.4,860.1,270.2,847.8,291.8,0,1,835.5,313.4
280,9316,2069711,835.7,313.3,860.2,270.0,847.95,291.65,0,1,835.7,313.3
280,9317,2069712,835.8,313.3,860.3,269.5,848.05,291.4,0,1,835.8,313.3
280,9318,2069713,835.8,313.7,860.4,268.8,848.1,291.25,0,1,835.8,313.7
280,9319,2069714,835.8,314.2,860.5,268.3,848.15,291.25,0,1,835.8,314.2
280,9320,2069715,835.7,314.7,860.7,267.9,848.2,291.3,0,1,835.7,314.7
280,9321,2069716,835.6,315.2,860.8,267.6,848.2,291.4,0,1,835.6,315.2
280,9322,2069717,835.5,315.5,861.0,267.2,848.25,291.35,0,1,835.5,315.5
280,9323,2069718,835.4,315.6,861.1,266.9,848.25,291.25,0,1,835.4,315.6
280,9324,2069719,835.3,314.7,861.2,266.8,848.25,290.75,0,1,835.3,314.7
280,9325,2069720,835.4,313.6,861.3,266.8,848.35,290.2,0,1,835.4,313.6
280,9326,2069721,835.6,312.5,861.4,266.7,848.5,289.6,0,1,835.6,312.5
280,9327,2069722,835.8,311.2,861.3,266.5,848.55,288.85,0,1,835.8,311.2
280,9328,2069723,836.1,310.0,861.1,266.5,848.6,288.25,0,1,836.1,310.0
280,9329,2069724,836.3,309.0,860.9,266.4,848.6,287.7,0,1,836.3,309.0
280,9330,2069725,836.5,308.1,860.7,266.2,848.6,287.15,0,1,836.5,308.1
280,9331,2069726,836.6,307.8,860.5,265.9,848.55,286.85,0,1,836.6,307.8
280,9332,2069727,836.7,307.6,860.3,265.3,848.5,286.45,0,1,836.7,307.6
280,9333,2069728,836.8,307.5,860.2,264.8,848.5,286.15,0,1,836.8,307.5
281,9334,2069729,836.8,307.6,860.1,264.2,848.45,285.9,0,1,836.8,307.6
281,9335,2069730,836.9,307.9,860.1,263.8,848.5,285.85,0,1,836.9,307.9
281,9336,2069731,837.0,308.2,860.1,263.7,848.55,285.95,0,1,837.0,308.2
281,9337,2069732,837.0,308.5,860.1,264.0,848.55,286.25,0,1,837.0,308.5
281,9338,2069733,836.9,308.9,860.0,264.6,848.45,286.75,0,1,836.9,308.9
281,9339,2069734,836.5,309.3,860.1,265.2,848.3,287.25,0,1,836.5,309.3
281,9340,2069735,836.1,309.6,860.2,265.8,848.15,287.7,0,1,836.1,309.6
281,9341,2069736,835.8,309.5,860.4,266.3,848.1,287.9,0,1,835.8,309.5
281,9342,2069737,835.4,309.3,860.5,266.4,847.95,287.85,0,1,835.4,309.3
281,9343,2069738,835.1,308.8,860.7,266.4,847.9,287.6,0,1,835.1,308.8
281,9344,2069739,834.9,308.0,860.8,265.8,847.85,286.9,0,1,834.9,308.0
281,9345,2069740,834.9,307.0,861.0,265.1,847.95,286.05,0,1,834.9,307.0
281,9346,2069741,835.3,306.1,861.0,264.5,848.15,285.3,0,1,835.3,306.1
281,9347,2069742,835.7,305.3,861.1,264.0,848.4,284.65,0,1,835.7,305.3
281,9348,2069743,836.1,304.8,861.2,263.3,848.65,284.05,0,1,836.1,304.8
281,9349,2069744,836.4,304.3,861.2,262.9,848.8,283.6,0,1,836.4,304.3
281,9350,2069745,836.7,304.4,861.2,262.7,848.95,283.55,0,1,836.7,304.4
281,9351,2069746,837.0,304.8,861.2,263.0,849.1,283.9,0,1,837.0,304.8
281,9352,2069747,837.1,305.6,861.4,263.2,849.25,284.4,0,1,837.1,305.6
281,9353,2069748,837.2,306.2,861.5,263.6,849.35,284.9,0,1,837.2,306.2
281,9354,2069749,837.3,306.9,861.5,263.8,849.4,285.35,0,1,837.3,306.9
281,9355,2069750,837.3,307.2,861.5,264.3,849.4,285.75,0,1,837.3,307.2
281,9356,2069751,837.4,307.4,861.6,264.6,849.5,286.0,0,1,837.4,307.4
281,9357,2069752,837.6,307.2,861.7,264.9,849.65,286.05,0,1,837.6,307.2
281,9358,2069753,837.7,307.0,861.7,264.7,849.7,285.85,0,1,837.7,307.0
281,9359,2069754,837.8,306.9,861.7,264.5,849.75,285.7,0,1,837.8,306.9
281,9360,2069755,837.9,306.7,861.8,264.2,849.85,285.45,0,1,837.9,306.7
281,9361,2069756,837.8,306.6,861.8,264.0,849.8,285.3,0,1,837.8,306.6
281,9362,2069757,837.7,306.4,861.8,263.8,849.75,285.1,0,1,837.7,306.4
281,9363,2069758,837.5,306.3,861.6,263.7,849.55,285.0,0,1,837.5,306.3
281,9364,2069759,837.3,306.5,861.4,263.4,849.35,284.95,0,1,837.3,306.5
281,9365,2069760,837.2,306.6,861.2,263.1,849.2,284.85,0,1,837.2,306.6
281,9366,2069761,837.1,307.0,860.9,262.8,849.0,284.9,0,1,837.1,307.0
282,9367,2069762,837.1,307.2,860.5,262.6,848.8,284.9,0,1,837.1,307.2
282,9368,2069763,837.1,307.7,860.4,262.3,848.75,285.0,0,1,837.1,307.7
282,9369,2069764,837.2,308.1,860.4,262.1,848.8,285.1,0,1,837.2,308.1
282,9370,2069765,837.1,308.5,860.5,262.2,848.8,285.35,0,1,837.1,308.5
282,9371,2069766,837.1,308.9,860.7,262.8,848.9,285.85,0,1,837.1,308.9
282,9372,2069767,837.0,309.1,861.0,263.4,849.0,286.25,0,1,837.0,309.1
282,9373,2069768,836.8,309.0,861.3,263.9,849.05,286.45,0,1,836.8,309.0
282,9374,2069769,836.6,308.9,861.7,264.4,849.15,286.65,0,1,836.6,308.9
282,9375,2069770,836.4,308.7,861.8,264.9,849.1,286.8,0,1,836.4,308.7
282,9376,2069771,836.2,308.4,861.8,265.4,849.0,286.9,0,1,836.2,308.4
282,9377,2069772,836.2,308.0,861.9,265.5,849.05,286.75,0,1,836.2,308.0
282,9378,2069773,836.6,307.7,862.0,265.2,849.3,286.45,0,1,836.6,307.7
282,9379,2069774,837.0,307.5,862.1,264.6,849.55,286.05,0,1,837.0,307.5
282,9380,2069775,837.5,307.3,862.5,263.5,850.0,285.4,0,1,837.5,307.3
282,9381,2069776,837.7,307.2,862.9,262.5,850.3,284.85,0,1,837.7,307.2
282,9382,2069777,838.0,307.1,863.3,261.5,850.65,284.3,0,1,838.0,307.1
282,9383,2069778,838.1,307.1,863.6,260.5,850.85,283.8,0,1,838.1,307.1
282,9384,2069779,838.1,307.3,863.9,259.5,851.0,283.4,0,1,838.1,307.3
282,9385,2069780,837.7,307.5,863.7,258.7,850.7,283.1,0,1,837.7,307.5
282,9386,2069781,837.2,307.7,863.5,258.1,850.35,282.9,0,1,837.2,307.7
282,9387,2069782,836.8,308.0,862.9,258.1,849.85,283.05,0,1,836.8,308.0
282,9388,2069783,836.6,308.3,862.4,258.0,849.5,283.15,0,1,836.6,308.3
282,9389,2069784,836.4,308.5,861.9,257.9,849.15,283.2,0,1,836.4,308.5
282,9390,2069785,836.5,308.7,861.5,258.0,849.0,283.35,0,1,836.5,308.7
282,9391,2069786,836.7,308.9,861.3,258.4,849.0,283.65,0,1,836.7,308.9
282,9392,2069787,836.9,309.3,861.5,258.7,849.2,284.0,0,1,836.9,309.3
282,9393,2069788,837.2,309.8,861.7,259.0,849.45,284.4,0,1,837.2,309.8
282,9394,2069789,837.5,310.3,861.9,259.3,849.7,284.8,0,1,837.5,310.3
282,9395,2069790,837.8,310.6,862.1,259.5,849.95,285.05,0,1,837.8,310.6
282,9396,2069791,838.0,310.9,862.6,259.7,850.3,285.3,0,1,838.0,310.9
282,9397,2069792,838.1,311.0,863.0,260.0,850.55,285.5,0,1,838.1,311.0
282,9398,2069793,838.3,310.7,863.3,260.3,850.8,285.5,0,1,838.3,310.7
282,9399,2069794,838.5,310.0,863.6,260.4,851.05,285.2,0,1,838.5,310.0
282,9400,2069795,838.7,309.3,863.9,260.5,851.3,284.9,0,1,838.7,309.3
283,9401,2069796,838.8,308.5,864.1,260.6,851.45,284.55,0,1,838.8,308.5
283,9402,2069797,839.0,308.0,864.0,261.0,851.5,284.5,0,1,839.0,308.0
283,9403,2069798,839.2,307.7,863.6,261.1,851.4,284.4,0,1,839.2,307.7
283,9404,2069799,839.6,307.4,863.3,261.1,851.45,284.25,0,1,839.6,307.4
283,9405,2069800,840.0,307.4,863.0,260.7,851.5,284.05,0,1,840.0,307.4
283,9406,2069801,840.2,307.6,862.7,260.4,851.45,284.0,0,1,840.2,307.6
283,9407,2069802,840.5,308.0,862.5,260.3,851.5,284.15,0,1,840.5,308.0
283,9408,2069803,840.7,308.5,862.5,260.1,851.6,284.3,0,1,840.7,308.5
283,9409,2069804,840.7,309.0,862.8,259.8,851.75,284.4,0,1,840.7,309.0
283,9410,2069805,840.7,309.6,863.2,259.7,851.95,284.65,0,1,840.7,309.6
283,9411,2069806,840.6,310.2,863.5,259.9,852.05,285.05,0,1,840.6,310.2
283,9412,2069807,840.6,310.9,863.8,260.0,852.2,285.45,0,1,840.6,310.9
283,9413,2069808,840.6,311.6,864.1,260.0,852.35,285.8,0,1,840.6,311.6
283,9414,2069809,840.7,312.1,864.3,260.0,852.5,286.05,0,1,840.7,312.1
283,9415,2069810,840.7,312.7,864.3,259.9,852.5,286.3,0,1,840.7,312.7
283,9416,2069811,840.9,313.2,864.3,259.8,852.6,286.5,0,1,840.9,313.2
283,9417,2069812,840.7,313.4,864.2,259.5,852.45,286.45,0,1,840.7,313.4
283,9418,2069813,840.5,313.7,864.1,259.1,852.3,286.4,0,1,840.5,313.7
283,9419,2069814,840.2,314.2,864.0,258.8,852.1,286.5,0,1,840.2,314.2
283,9420,2069815,839.9,314.6,864.0,258.6,851.95,286.6,0,1,839.9,314.6
283,9421,2069816,839.6,314.9,864.0,259.2,851.8,287.05,0,1,839.6,314.9
283,9422,2069817,839.4,315.0,864.3,259.9,851.85,287.45,0,1,839.4,315.0
283,9423,2069818,839.3,315.0,864.5,260.6,851.9,287.8,0,1,839.3,315.0
283,9424,2069819,839.4,315.1,864.8,261.3,852.1,288.2,0,1,839.4,315.1
283,9425,2069820,839.5,315.0,864.8,261.9,852.15,288.45,0,1,839.5,315.0
283,9426,2069821,839.6,315.1,864.9,262.4,852.25,288.75,0,1,839.6,315.1
283,9427,2069822,839.6,315.0,864.8,262.9,852.2,288.95,0,1,839.6,315.0
283,9428,2069823,839.6,315.1,864.8,262.7,852.2,288.9,0,1,839.6,315.1
283,9429,2069824,839.6,315.5,864.6,262.5,852.1,289.0,0,1,839.6,315.5
283,9430,2069825,840.1,316.1,864.3,262.2,852.2,289.15,0,1,840.1,316.1
283,9431,2069826,840.5,316.8,864.1,261.9,852.3,289.35,0,1,840.5,316.8
283,9432,2069827,840.9,317.4,864.0,261.7,852.45,289.55,0,1,840.9,317.4
283,9433,2069828,841.3,317.8,863.8,261.4,852.55,289.6,0,1,841.3,317.8
284,9434,2069829,841.6,318.1,863.7,261.2,852.65,289.65,0,1,841.6,318.1
284,9435,2069830,841.9,318.4,863.6,260.9,852.75,289.65,0,1,841.9,318.4
284,9436,2069831,842.2,318.1,863.6,260.5,852.9,289.3,0,1,842.2,318.1
284,9437,2069832,842.1,317.7,863.6,260.2,852.85,288.95,0,1,842.1,317.7
284,9438,2069833,842.1,317.2,863.7,259.9,852.9,288.55,0,1,842.1,317.2
284,9439,2069834,842.5,316.7,863.7,259.7,853.1,288.2,0,1,842.5,316.7
284,9440,2069835,842.8,316.1,864.1,259.5,853.45,287.8,0,1,842.8,316.1
284,9441,2069836,843.2,315.7,864.3,259.3,853.75,287.5,0,1,843.2,315.7
284,9442,2069837,843.6,315.3,864.4,259.2,854.0,287.25,0,1,843.6,315.3
284,9443,2069838,844.1,315.5,864.5,259.1,854.3,287.3,0,1,844.1,315.5
284,9444,2069839,844.5,315.9,864.6,259.1,854.55,287.5,0,1,844.5,315.9
284,9445,2069840,844.8,316.4,864.6,259.3,854.7,287.85,0,1,844.8,316.4
284,9446,2069841,844.9,316.8,864.7,259.5,854.8,288.15,0,1,844.9,316.8
284,9447,2069842,845.0,317.3,864.7,259.8,854.85,288.55,0,1,845.0,317.3
284,9448,2069843,844.1,317.6,864.7,260.2,854.4,288.9,0,1,844.1,317.6
284,9449,2069844,843.0,317.9,864.7,260.6,853.85,289.25,0,1,843.0,317.9
284,9450,2069845,841.7,318.2,864.7,261.0,853.2,289.6,0,1,841.7,318.2
284,9451,2069846,838.6,318.2,864.7,261.1,851.65,289.65,0,1,838.6,318.2
284,9452,2069847,833.4,318.1,864.6,261.1,849.0,289.6,0,1,833.4,318.1
284,9453,2069848,828.2,318.2,863.7,260.9,845.95,289.55,0,1,828.2,318.2
284,9454,2069849,821.5,318.5,860.6,260.6,841.05,289.55,0,1,821.5,318.5
284,9455,2069850,813.7,319.7,854.9,260.3,834.3,290.0,0,1,813.7,319.7
284,9456,2069851,804.7,320.7,847.8,260.0,826.25,290.35,0,1,804.7,320.7
284,9457,2069852,794.4,321.7,839.5,259.8,816.95,290.75,0,1,794.4,321.7
284,9458,2069853,784.6,323.5,830.5,259.8,807.55,291.65,0,1,784.6,323.5
284,9459,2069854,774.7,325.7,819.5,260.0,797.1,292.85,0,1,774.7,325.7
284,9460,2069855,764.4,327.6,809.0,260.3,786.7,293.95,0,1,764.4,327.6
284,9461,2069856,754.8,329.5,799.0,260.6,776.9,295.05,0,1,754.8,329.5
284,9462,2069857,747.0,330.7,791.2,262.1,769.1,296.4,0,1,747.0,330.7
284,9463,2069858,739.7,331.9,784.0,263.6,761.85,297.75,0,1,739.7,331.9
284,9464,2069859,734.0,333.5,777.9,265.1,755.95,299.3,0,1,734.0,333.5
284,9465,2069860,729.6,334.3,772.3,266.6,750.95,300.45,0,1,729.6,334.3
284,9466,2069861,727.3,334.9,768.8,268.1,748.05,301.5,0,1,727.3,334.9
285,9467,2069862,725.4,335.5,765.6,269.9,745.5,302.7,0,1,725.4,335.5
285,9468,2069863,724.1,335.8,764.1,271.6,744.1,303.7,0,1,724.1,335.8
285,9469,2069864,723.0,335.9,762.7,272.2,742.85,304.05,0,1,723.0,335.9
285,9470,2069865,722.7,335.6,762.4,272.8,742.55,304.2,0,1,722.7,335.6
285,9471,2069866,722.1,334.8,762.1,273.3,742.1,304.05,0,1,722.1,334.8
285,9472,2069867,721.6,334.0,761.8,273.8,741.7,303.9,0,1,721.6,334.0
285,9473,2069868,721.1,332.6,761.6,274.2,741.35,303.4,0,1,721.1,332.6
285,9474,2069869,720.7,331.3,760.6,274.5,740.65,302.9,0,1,720.7,331.3
285,9475,2069870,720.5,329.2,759.8,274.7,740.15,301.95,0,1,720.5,329.2
285,9476,2069871,720.5,327.3,759.0,274.7,739.75,301.0,0,1,720.5,327.3
285,9477,2069872,720.6,325.7,758.4,274.4,739.5,300.05,0,1,720.6,325.7
285,9478,2069873,721.3,324.1,758.0,273.9,739.65,299.0,0,1,721.3,324.1
285,9479,2069874,722.8,322.8,757.7,273.4,740.25,298.1,0,1,722.8,322.8
285,9480,2069875,724.4,321.9,757.5,272.9,740.95,297.4,0,1,724.4,321.9
285,9481,2069876,726.0,321.0,758.2,272.4,742.1,296.7,0,1,726.0,321.0
285,9482,2069877,727.7,321.3,758.8,271.9,743.25,296.6,0,1,727.7,321.3
285,9483,2069878,729.1,321.5,759.4,271.7,744.25,296.6,0,1,729.1,321.5
285,9484,2069879,730.8,321.8,759.9,271.8,745.35,296.8,0,1,730.8,321.8
285,9485,2069880,732.8,322.1,760.1,271.9,746.45,297.0,0,1,732.8,322.1
285,9486,2069881,733.9,322.3,760.4,272.0,747.15,297.15,0,1,733.9,322.3
285,9487,2069882,734.9,322.5,760.9,272.1,747.9,297.3,0,1,734.9,322.5
285,9488,2069883,735.9,322.6,761.1,272.1,748.5,297.35,0,1,735.9,322.6
285,9489,2069884,736.8,322.6,761.4,272.2,749.1,297.4,0,1,736.8,322.6
285,9490,2069885,737.9,322.5,761.7,272.0,749.8,297.25,0,1,737.9,322.5
285,9491,2069886,738.8,322.4,762.0,271.8,750.4,297.1,0,1,738.8,322.4
285,9492,2069887,739.0,322.4,762.3,271.7,750.65,297.05,0,1,739.0,322.4
285,9493,2069888,739.1,322.4,762.6,272.0,750.85,297.2,0,1,739.1,322.4
285,9494,2069889,739.3,322.4,762.9,272.3,751.1,297.35,0,1,739.3,322.4
285,9495,2069890,739.6,322.4,763.5,272.7,751.55,297.55,0,1,739.6,322.4
285,9496,2069891,739.7,322.6,764.1,273.2,751.9,297.9,0,1,739.7,322.6
285,9497,2069892,739.7,323.0,764.6,273.6,752.15,298.3,0,1,739.7,323.0
285,9498,2069893,739.6,323.6,765.2,274.1,752.4,298.85,0,1,739.6,323.6
285,9499,2069894,739.6,324.3,766.0,274.6,752.8,299.45,0,1,739.6,324.3
285,9500,2069895,739.6,324.8,766.7,274.7,753.15,299.75,0,1,739.6,324.8
286,9501,2069896,739.7,325.2,767.4,274.7,753.55,299.95,0,1,739.7,325.2
286,9502,2069897,739.7,325.6,767.6,274.8,753.65,300.2,0,1,739.7,325.6
286,9503,2069898,739.8,326.0,768.0,274.8,753.9,300.4,0,1,739.8,326.0
286,9504,2069899,739.9,326.1,768.3,274.8,754.1,300.45,0,1,739.9,326.1
286,9505,2069900,740.0,326.0,768.8,274.7,754.4,300.35,0,1,740.0,326.0
286,9506,2069901,740.1,325.7,769.1,274.7,754.6,300.2,0,1,740.1,325.7
286,9507,2069902,740.2,325.6,769.6,274.6,754.9,300.1,0,1,740.2,325.6
286,9508,2069903,740.6,325.5,770.5,274.6,755.55,300.05,0,1,740.6,325.5
286,9509,2069904,741.0,325.2,771.4,274.5,756.2,299.85,0,1,741.0,325.2
286,9510,2069905,741.6,324.9,772.4,274.5,757.0,299.7,0,1,741.6,324.9
286,9511,2069906,742.3,324.4,773.4,274.6,757.85,299.5,0,1,742.3,324.4
286,9512,2069907,743.0,324.0,774.2,274.7,758.6,299.35,0,1,743.0,324.0
286,9513,2069908,743.6,323.7,775.0,274.7,759.3,299.2,0,1,743.6,323.7
286,9514,2069909,744.2,323.7,775.6,274.7,759.9,299.2,0,1,744.2,323.7
286,9515,2069910,744.6,324.0,775.8,274.8,760.2,299.4,0,1,744.6,324.0
286,9516,2069911,744.8,324.4,776.1,275.0,760.45,299.7,0,1,744.8,324.4
286,9517,2069912,744.8,324.7,776.3,275.1,760.55,299.9,0,1,744.8,324.7
286,9518,2069913,744.8,325.0,776.7,275.1,760.75,300.05,0,1,744.8,325.0
286,9519,2069914,744.8,325.3,777.0,275.2,760.9,300.25,0,1,744.8,325.3
286,9520,2069915,744.8,325.5,777.3,275.4,761.05,300.45,0,1,744.8,325.5
286,9521,2069916,744.9,325.3,777.7,275.7,761.3,300.5,0,1,744.9,325.3
286,9522,2069917,745.0,324.8,778.0,276.0,761.5,300.4,0,1,745.0,324.8
286,9523,2069918,745.1,324.3,778.3,276.3,761.7,300.3,0,1,745.1,324.3
286,9524,2069919,745.3,323.8,778.5,276.5,761.9,300.15,0,1,745.3,323.8
286,9525,2069920,745.7,323.5,778.8,276.6,762.25,300.05,0,1,745.7,323.5
286,9526,2069921,746.4,323.2,779.1,276.3,762.75,299.75,0,1,746.4,323.2
286,9527,2069922,747.2,322.9,779.4,276.1,763.3,299.5,0,1,747.2,322.9
286,9528,2069923,747.9,322.7,779.8,275.8,763.85,299.25,0,1,747.9,322.7
286,9529,2069924,748.7,322.6,780.2,276.0,764.45,299.3,0,1,748.7,322.6
286,9530,2069925,749.4,322.4,781.0,276.5,765.2,299.45,0,1,749.4,322.4
286,9531,2069926,749.9,322.2,781.6,277.1,765.75,299.65,0,1,749.9,322.2
286,9532,2069927,750.2,322.2,782.2,277.7,766.2,299.95,0,1,750.2,322.2
286,9533,2069928,749.9,322.3,782.8,278.9,766.35,300.6,0,1,749.9,322.3
287,9534,2069929,749.6,322.4,783.7,280.1,766.65,301.25,0,1,749.6,322.4
287,9535,2069930,749.2,322.5,784.3,281.5,766.75,302.0,0,1,749.2,322.5
287,9536,2069931,748.9,322.7,784.9,282.5,766.9,302.6,0,1,748.9,322.7
287,9537,2069932,748.6,323.0,785.0,283.1,766.8,303.05,0,1,748.6,323.0
287,9538,2069933,748.4,323.4,785.1,283.8,766.75,303.6,0,1,748.4,323.4
287,9539,2069934,748.2,324.2,785.1,284.5,766.65,304.35,0,1,748.2,324.2
287,9540,2069935,748.1,324.8,784.9,285.0,766.5,304.9,0,1,748.1,324.8
287,9541,2069936,747.9,325.3,784.5,285.4,766.2,305.35,0,1,747.9,325.3
287,9542,2069937,747.8,325.6,784.2,285.4,766.0,305.5,0,1,747.8,325.6
287,9543,2069938,747.7,325.0,784.3,285.5,766.0,305.25,0,1,747.7,325.0
287,9544,2069939,747.7,324.4,784.4,285.5,766.05,304.95,0,1,747.7,324.4
287,9545,2069940,747.7,323.7,784.5,285.6,766.1,304.65,0,1,747.7,323.7
287,9546,2069941,747.8,322.7,784.8,285.7,766.3,304.2,0,1,747.8,322.7
287,9547,2069942,747.9,321.8,784.9,285.7,766.4,303.75,0,1,747.9,321.8
287,9548,2069943,748.0,321.1,785.0,285.7,766.5,303.4,0,1,748.0,321.1
287,9549,2069944,748.1,320.5,785.1,285.7,766.6,303.1,0,1,748.1,320.5
287,9550,2069945,748.0,320.7,784.4,285.5,766.2,303.1,0,1,748.0,320.7
287,9551,2069946,747.8,321.0,783.7,285.3,765.75,303.15,0,1,747.8,321.0
287,9552,2069947,747.4,321.3,783.0,285.6,765.2,303.45,0,1,747.4,321.3
287,9553,2069948,747.0,321.7,782.3,285.8,764.65,303.75,0,1,747.0,321.7
287,9554,2069949,746.4,321.9,781.1,286.2,763.75,304.05,0,1,746.4,321.9
287,9555,2069950,745.9,322.0,779.8,286.6,762.85,304.3,0,1,745.9,322.0
287,9556,2069951,745.5,321.9,778.6,287.1,762.05,304.5,0,1,745.5,321.9
287,9557,2069952,744.7,321.7,777.8,287.6,761.25,304.65,0,1,744.7,321.7
287,9558,2069953,744.0,321.5,777.0,288.1,760.5,304.8,0,1,744.0,321.5
287,9559,2069954,743.4,321.2,775.5,288.0,759.45,304.6,0,1,743.4,321.2
287,9560,2069955,742.9,320.8,774.0,287.5,758.45,304.15,0,1,742.9,320.8
287,9561,2069956,742.6,320.5,773.2,286.7,757.9,303.6,0,1,742.6,320.5
287,9562,2069957,742.4,320.2,772.4,286.0,757.4,303.1,0,1,742.4,320.2
287,9563,2069958,742.3,320.3,771.2,285.2,756.75,302.75,0,1,742.3,320.3
287,9564,2069959,742.6,320.4,770.1,284.3,756.35,302.35,0,1,742.6,320.4
287,9565,2069960,742.8,320.4,768.8,283.6,755.8,302.0,0,1,742.8,320.4
287,9566,2069961,743.1,320.5,768.3,282.9,755.7,301.7,0,1,743.1,320.5
288,9567,2069962,743.2,320.5,767.8,282.7,755.5,301.6,0,1,743.2,320.5
288,9568,2069963,743.4,320.4,767.2,282.8,755.3,301.6,0,1,743.4,320.4
288,9569,2069964,743.4,320.3,766.5,282.9,754.95,301.6,0,1,743.4,320.3
288,9570,2069965,743.4,320.2,766.0,283.2,754.7,301.7,0,1,743.4,320.2
288,9571,2069966,743.4,320.0,765.2,283.7,754.3,301.85,0,1,743.4,320.0
288,9572,2069967,743.3,319.6,764.6,284.3,753.95,301.95,0,1,743.3,319.6
288,9573,2069968,743.3,319.3,763.9,285.0,753.6,302.15,0,1,743.3,319.3
288,9574,2069969,743.4,319.0,763.1,285.7,753.25,302.35,0,1,743.4,319.0
288,9575,2069970,742.8,318.8,762.3,286.4,752.55,302.6,0,1,742.8,318.8
288,9576,2069971,742.2,318.5,761.6,286.9,751.9,302.7,0,1,742.2,318.5
288,9577,2069972,741.7,318.3,760.6,286.9,751.15,302.6,0,1,741.7,318.3
288,9578,2069973,741.1,318.1,759.4,286.8,750.25,302.45,0,1,741.1,318.1
288,9579,2069974,740.6,318.1,758.2,286.7,749.4,302.4,0,1,740.6,318.1
288,9580,2069975,740.2,318.0,757.0,286.3,748.6,302.15,0,1,740.2,318.0
288,9581,2069976,739.7,317.8,756.0,285.9,747.85,301.85,0,1,739.7,317.8
288,9582,2069977,739.8,317.6,755.0,285.3,747.4,301.45,0,1,739.8,317.6
288,9583,2069978,740.0,317.3,754.1,284.9,747.05,301.1,0,1,740.0,317.3
288,9584,2069979,740.2,317.0,753.7,284.7,746.95,300.85,0,1,740.2,317.0
288,9585,2069980,740.5,316.7,753.8,284.7,747.15,300.7,0,1,740.5,316.7
288,9586,2069981,740.8,316.6,753.9,284.6,747.35,300.6,0,1,740.8,316.6
288,9587,2069982,741.1,316.5,754.1,284.7,747.6,300.6,0,1,741.1,316.5
288,9588,2069983,741.5,316.5,754.3,284.7,747.9,300.6,0,1,741.5,316.5
288,9589,2069984,742.1,316.6,754.5,284.9,748.3,300.75,0,1,742.1,316.6
288,9590,2069985,742.6,316.6,754.6,285.0,748.6,300.8,0,1,742.6,316.6
288,9591,2069986,743.0,316.6,754.6,284.5,748.8,300.55,0,1,743.0,316.6
288,9592,2069987,743.4,316.5,754.6,284.0,749.0,300.25,0,1,743.4,316.5
288,9593,2069988,743.7,316.3,754.5,283.6,749.1,299.95,0,1,743.7,316.3
288,9594,2069989,744.0,316.3,754.3,283.6,749.15,299.95,0,1,744.0,316.3
288,9595,2069990,744.2,316.4,754.1,283.5,749.15,299.95,0,1,744.2,316.4
288,9596,2069991,744.3,316.2,754.1,283.5,749.2,299.85,0,1,744.3,316.2
288,9597,2069992,744.5,316.1,754.2,283.5,749.35,299.8,0,1,744.5,316.1
288,9598,2069993,744.9,316.2,754.5,284.0,749.7,300.1,0,1,744.9,316.2
288,9599,2069994,745.3,316.2,754.8,284.3,750.05,300.25,0,1,745.3,316.2
288,9600,2069995,745.8,316.1,755.1,284.3,750.45,300.2,0,1,745.8,316.1
289,9601,2069996,746.2,315.6,755.3,284.0,750.75,299.8,0,1,746.2,315.6
289,9602,2069997,746.6,315.1,755.4,283.7,751.0,299.4,0,1,746.6,315.1
289,9603,2069998,746.8,314.6,755.4,283.7,751.1,299.15,0,1,746.8,314.6
289,9604,2069999,746.7,314.3,754.9,283.6,750.8,298.95,0,1,746.7,314.3
289,9605,2070000,746.3,314.0,754.5,283.4,750.4,298.7,0,1,746.3,314.0
289,9606,2070001,746.0,313.7,754.0,283.2,750.0,298.45,0,1,746.0,313.7
289,9607,2070002,745.6,313.4,753.5,283.2,749.55,298.3,0,1,745.6,313.4
289,9608,2070003,745.3,313.3,753.2,282.8,749.25,298.05,0,1,745.3,313.3
289,9609,2070004,745.1,313.3,752.9,282.5,749.0,297.9,0,1,745.1,313.3
289,9610,2070005,745.1,313.3,752.7,281.9,748.9,297.6,0,1,745.1,313.3
289,9611,2070006,745.3,313.4,752.7,281.5,749.0,297.45,0,1,745.3,313.4
289,9612,2070007,745.6,313.5,752.7,281.1,749.15,297.3,0,1,745.6,313.5
289,9613,2070008,745.9,313.4,752.7,280.7,749.3,297.05,0,1,745.9,313.4
289,9614,2070009,746.2,313.3,752.8,280.5,749.5,296.9,0,1,746.2,313.3
289,9615,2070010,746.4,313.1,752.9,280.5,749.65,296.8,0,1,746.4,313.1
289,9616,2070011,746.5,312.8,753.0,280.7,749.75,296.75,0,1,746.5,312.8
289,9617,2070012,746.6,312.3,753.5,280.8,750.05,296.55,0,1,746.6,312.3
289,9618,2070013,746.6,311.9,753.9,280.9,750.25,296.4,0,1,746.6,311.9
289,9619,2070014,746.6,311.7,754.3,281.1,750.45,296.4,0,1,746.6,311.7
289,9620,2070015,746.6,311.7,754.7,281.2,750.65,296.45,0,1,746.6,311.7
289,9621,2070016,746.7,311.9,755.2,281.2,750.95,296.55,0,1,746.7,311.9
289,9622,2070017,746.8,312.1,755.6,280.9,751.2,296.5,0,1,746.8,312.1
289,9623,2070018,746.8,312.5,755.9,280.5,751.35,296.5,0,1,746.8,312.5
289,9624,2070019,746.9,313.0,755.9,280.2,751.4,296.6,0,1,746.9,313.0
289,9625,2070020,747.0,313.3,756.0,279.9,751.5,296.6,0,1,747.0,313.3
289,9626,2070021,747.1,313.5,756.1,279.5,751.6,296.5,0,1,747.1,313.5
289,9627,2070022,747.2,313.7,756.1,279.2,751.65,296.45,0,1,747.2,313.7
289,9628,2070023,747.3,313.8,756.2,279.0,751.75,296.4,0,1,747.3,313.8
289,9629,2070024,747.3,314.0,756.3,279.0,751.8,296.5,0,1,747.3,314.0
289,9630,2070025,747.2,314.1,756.6,278.8,751.9,296.45,0,1,747.2,314.1
289,9631,2070026,747.0,314.2,756.9,278.5,751.95,296.35,0,1,747.0,314.2
289,9632,2070027,746.9,314.3,757.5,278.1,752.2,296.2,0,1,746.9,314.3
289,9633,2070028,746.8,314.2,758.1,277.7,752.45,295.95,0,1,746.8,314.2
290,9634,2070029,746.6,314.1,758.6,277.3,752.6,295.7,0,1,746.6,314.1
290,9635,2070030,746.6,314.0,759.0,276.9,752.8,295.45,0,1,746.6,314.0
290,9636,2070031,747.0,313.9,759.4,276.6,753.2,295.25,0,1,747.0,313.9
290,9637,2070032,747.7,313.6,759.6,276.4,753.65,295.0,0,1,747.7,313.6
290,9638,2070033,748.5,313.0,759.9,276.3,754.2,294.65,0,1,748.5,313.0
290,9639,2070034,749.3,311.5,760.4,276.2,754.85,293.85,0,1,749.3,311.5
290,9640,2070035,750.2,310.1,761.1,275.8,755.65,292.95,0,1,750.2,310.1
290,9641,2070036,751.1,308.8,762.1,275.3,756.6,292.05,0,1,751.1,308.8
290,9642,2070037,752.0,307.7,763.5,274.8,757.75,291.25,0,1,752.0,307.7
290,9643,2070038,752.7,306.6,765.2,274.0,758.95,290.3,0,1,752.7,306.6
290,9644,2070039,753.7,305.8,768.8,273.1,761.25,289.45,0,1,753.7,305.8
290,9645,2070040,755.9,305.3,772.5,272.5,764.2,288.9,0,1,755.9,305.3
290,9646,2070041,758.4,305.6,775.9,272.4,767.15,289.0,0,1,758.4,305.6
290,9647,2070042,762.6,305.4,779.2,272.7,770.9,289.05,0,1,762.6,305.4
290,9648,2070043,767.3,305.1,782.9,273.0,775.1,289.05,0,1,767.3,305.1
290,9649,2070044,773.7,304.1,786.8,273.4,780.25,288.75,0,1,773.7,304.1
290,9650,2070045,781.8,302.9,792.3,272.3,787.05,287.6,0,1,781.8,302.9
290,9651,2070046,792.4,301.6,798.8,271.2,795.6,286.4,0,1,792.4,301.6
290,9652,2070047,803.9,299.6,807.9,269.8,805.9,284.7,0,1,803.9,299.6
290,9653,2070048,816.4,297.6,818.8,268.1,817.6,282.85,0,1,816.4,297.6
290,9654,2070049,828.7,295.7,831.3,266.2,830.0,280.95,0,1,828.7,295.7
290,9655,2070050,842.4,292.0,844.9,264.3,843.65,278.15,0,1,842.4,292.0
290,9656,2070051,855.5,288.8,858.8,261.7,857.15,275.25,0,1,855.5,288.8
290,9657,2070052,867.7,285.8,871.9,260.8,869.8,273.3,0,1,867.7,285.8
290,9658,2070053,876.7,282.6,882.0,259.7,879.35,271.15,0,1,876.7,282.6
290,9659,2070054,883.7,279.7,891.1,258.8,887.4,269.25,0,1,883.7,279.7
290,9660,2070055,890.4,275.9,898.3,258.0,894.35,266.95,0,1,890.4,275.9
290,9661,2070056,896.6,272.2,903.9,257.2,900.25,264.7,0,1,896.6,272.2
290,9662,2070057,901.6,270.4,908.4,256.3,905.0,263.35,0,1,901.6,270.4
290,9663,2070058,905.7,268.6,912.1,256.2,908.9,262.4,0,1,905.7,268.6
290,9664,2070059,910.2,266.7,915.3,255.9,912.75,261.3,0,1,910.2,266.7
290,9665,2070060,916.3,264.9,920.0,255.7,918.15,260.3,0,1,916.3,264.9
290,9666,2070061,923.3,263.7,923.0,254.8,923.15,259.25,0,1,923.3,263.7
291,9667,2070062,929.8,263.6,926.0,253.7,927.9,258.65,0,1,929.8,263.6
291,9668,2070063,937.1,264.6,929.9,252.7,933.5,258.65,0,1,937.1,264.6
291,9669,2070064,943.6,265.8,934.1,251.0,938.85,258.4,0,1,943.6,265.8
291,9670,2070065,949.8,267.1,938.5,249.3,944.15,258.2,0,1,949.8,267.1
291,9671,2070066,955.0,268.6,942.2,247.8,948.6,258.2,0,1,955.0,268.6
291,9672,2070067,958.6,270.8,944.5,246.6,951.55,258.7,0,1,958.6,270.8
291,9673,2070068,961.2,272.8,946.6,246.1,953.9,259.45,0,1,961.2,272.8
291,9674,2070069,963.3,274.9,948.6,245.6,955.95,260.25,0,1,963.3,274.9
291,9675,2070070,963.3,276.5,948.8,245.1,956.05,260.8,0,1,963.3,276.5
291,9676,2070071,963.0,277.8,947.8,245.4,955.4,261.6,0,1,963.0,277.8
291,9677,2070072,962.2,278.9,946.6,245.5,954.4,262.2,0,1,962.2,278.9
291,9678,2070073,960.8,280.0,944.5,245.5,952.65,262.75,0,1,960.8,280.0
291,9679,2070074,959.2,280.5,942.3,245.0,950.75,262.75,0,1,959.2,280.5
291,9680,2070075,957.6,281.0,940.3,244.3,948.95,262.65,0,1,957.6,281.0
291,9681,2070076,955.8,281.3,938.5,243.5,947.15,262.4,0,1,955.8,281.3
291,9682,2070077,954.3,281.5,937.1,242.7,945.7,262.1,0,1,954.3,281.5
291,9683,2070078,953.1,281.6,936.2,241.7,944.65,261.65,0,1,953.1,281.6
291,9684,2070079,952.2,281.9,935.1,240.8,943.65,261.35,0,1,952.2,281.9
291,9685,2070080,951.8,282.1,934.4,239.8,943.1,260.95,0,1,951.8,282.1
291,9686,2070081,951.7,282.3,933.7,239.0,942.7,260.65,0,1,951.7,282.3
291,9687,2070082,951.6,282.4,932.9,238.4,942.25,260.4,0,1,951.6,282.4
291,9688,2070083,951.5,281.8,932.2,238.0,941.85,259.9,0,1,951.5,281.8
291,9689,2070084,951.5,281.1,931.2,238.2,941.35,259.65,0,1,951.5,281.1
291,9690,2070085,951.1,280.2,930.4,238.7,940.75,259.45,0,1,951.1,280.2
291,9691,2070086,950.7,279.2,929.6,239.1,940.15,259.15,0,1,950.7,279.2
291,9692,2070087,950.3,278.1,929.5,239.9,939.9,259.0,0,1,950.3,278.1
291,9693,2070088,950.0,277.0,929.3,240.8,939.65,258.9,0,1,950.0,277.0
291,9694,2070089,949.6,276.0,929.1,241.7,939.35,258.85,0,1,949.6,276.0
291,9695,2070090,949.5,275.6,928.9,242.5,939.2,259.05,0,1,949.5,275.6
291,9696,2070091,949.5,275.3,928.6,243.0,939.05,259.15,0,1,949.5,275.3
291,9697,2070092,949.8,275.6,928.3,243.7,939.05,259.65,0,1,949.8,275.6
291,9698,2070093,950.1,276.2,928.0,244.2,939.05,260.2,0,1,950.1,276.2
291,9699,2070094,950.5,277.3,927.7,244.8,939.1,261.05,0,1,950.5,277.3
291,9700,2070095,950.8,278.5,927.5,245.3,939.15,261.9,0,1,950.8,278.5
292,9701,2070096,951.2,279.6,927.3,245.7,939.25,262.65,0,1,951.2,279.6
292,9702,2070097,951.3,280.4,927.1,245.9,939.2,263.15,0,1,951.3,280.4
292,9703,2070098,951.4,280.7,927.1,245.7,939.25,263.2,0,1,951.4,280.7
292,9704,2070099,951.5,280.5,927.1,245.3,939.3,262.9,0,1,951.5,280.5
292,9705,2070100,951.7,280.1,927.1,244.9,939.4,262.5,0,1,951.7,280.1
292,9706,2070101,951.7,279.4,926.9,244.5,939.3,261.95,0,1,951.7,279.4
292,9707,2070102,951.9,278.7,926.8,244.0,939.35,261.35,0,1,951.9,278.7
292,9708,2070103,952.3,278.1,926.4,243.5,939.35,260.8,0,1,952.3,278.1
292,9709,2070104,952.7,277.7,926.2,243.0,939.45,260.35,0,1,952.7,277.7
292,9710,2070105,953.0,277.9,925.8,242.5,939.4,260.2,0,1,953.0,277.9
292,9711,2070106,953.4,278.1,925.3,242.1,939.35,260.1,0,1,953.4,278.1
292,9712,2070107,953.7,278.2,925.0,241.8,939.35,260.0,0,1,953.7,278.2
292,9713,2070108,954.0,278.7,924.6,241.7,939.3,260.2,0,1,954.0,278.7
292,9714,2070109,954.2,279.2,924.2,241.8,939.2,260.5,0,1,954.2,279.2
292,9715,2070110,954.3,279.7,923.9,242.2,939.1,260.95,0,1,954.3,279.7
292,9716,2070111,954.2,280.3,923.7,242.9,938.95,261.6,0,1,954.2,280.3
292,9717,2070112,954.2,280.8,923.7,243.7,938.95,262.25,0,1,954.2,280.8
292,9718,2070113,954.2,281.3,923.7,244.6,938.95,262.95,0,1,954.2,281.3
292,9719,2070114,954.2,281.9,923.8,245.3,939.0,263.6,0,1,954.2,281.9
292,9720,2070115,954.2,281.8,923.9,245.9,939.05,263.85,0,1,954.2,281.8
292,9721,2070116,954.0,281.8,923.9,246.4,938.95,264.1,0,1,954.0,281.8
292,9722,2070117,953.9,281.6,923.7,246.9,938.8,264.25,0,1,953.9,281.6
292,9723,2070118,953.7,281.5,923.0,247.1,938.35,264.3,0,1,953.7,281.5
292,9724,2070119,953.6,281.3,922.3,247.2,937.95,264.25,0,1,953.6,281.3
292,9725,2070120,953.4,281.2,921.8,247.3,937.6,264.25,0,1,953.4,281.2
292,9726,2070121,953.3,281.1,921.4,247.4,937.35,264.25,0,1,953.3,281.1
292,9727,2070122,953.2,281.0,921.1,247.5,937.15,264.25,0,1,953.2,281.0
292,9728,2070123,953.2,280.9,920.9,247.6,937.05,264.25,0,1,953.2,280.9
292,9729,2070124,953.1,280.7,920.9,247.6,937.0,264.15,0,1,953.1,280.7
292,9730,2070125,953.0,280.4,921.4,247.7,937.2,264.05,0,1,953.0,280.4
292,9731,2070126,952.9,280.1,921.9,247.5,937.4,263.8,0,1,952.9,280.1
292,9732,2070127,952.8,279.7,922.2,247.4,937.5,263.55,0,1,952.8,279.7
292,9733,2070128,952.5,279.2,922.3,247.3,937.4,263.25,0,1,952.5,279.2
293,9734,2070129,952.3,278.4,922.2,247.2,937.25,262.8,0,1,952.3,278.4
293,9735,2070130,952.2,277.7,922.0,247.1,937.1,262.4,0,1,952.2,277.7
293,9736,2070131,952.0,277.2,921.7,247.0,936.85,262.1,0,1,952.0,277.2
293,9737,2070132,951.8,277.0,921.5,246.9,936.65,261.95,0,1,951.8,277.0
293,9738,2070133,951.6,276.9,921.2,247.1,936.4,262.0,0,1,951.6,276.9
293,9739,2070134,951.5,277.0,920.9,247.3,936.2,262.15,0,1,951.5,277.0
293,9740,2070135,951.2,277.4,920.7,247.5,935.95,262.45,0,1,951.2,277.4
293,9741,2070136,951.1,278.1,920.6,247.7,935.85,262.9,0,1,951.1,278.1
293,9742,2070137,951.0,279.0,920.8,247.9,935.9,263.45,0,1,951.0,279.0
293,9743,2070138,951.1,279.7,920.9,248.2,936.0,263.95,0,1,951.1,279.7
293,9744,2070139,951.1,280.2,921.0,248.3,936.05,264.25,0,1,951.1,280.2
293,9745,2070140,951.0,280.6,921.1,248.2,936.05,264.4,0,1,951.0,280.6
293,9746,2070141,951.0,281.1,921.3,247.8,936.15,264.45,0,1,951.0,281.1
293,9747,2070142,950.9,281.2,921.6,247.4,936.25,264.3,0,1,950.9,281.2
293,9748,2070143,950.8,281.4,921.9,246.9,936.35,264.15,0,1,950.8,281.4
293,9749,2070144,950.6,281.2,922.1,246.5,936.35,263.85,0,1,950.6,281.2
293,9750,2070145,950.3,281.1,922.3,246.1,936.3,263.6,0,1,950.3,281.1
293,9751,2070146,950.1,281.3,922.4,245.8,936.25,263.55,0,1,950.1,281.3
293,9752,2070147,949.9,281.6,922.5,245.5,936.2,263.55,0,1,949.9,281.6
293,9753,2070148,949.7,281.9,922.4,245.5,936.05,263.7,0,1,949.7,281.9
293,9754,2070149,949.6,282.4,922.2,245.6,935.9,264.0,0,1,949.6,282.4
293,9755,2070150,949.6,282.9,921.9,245.6,935.75,264.25,0,1,949.6,282.9
293,9756,2070151,949.8,283.0,921.6,245.7,935.7,264.35,0,1,949.8,283.0
293,9757,2070152,949.9,283.1,921.4,245.2,935.65,264.15,0,1,949.9,283.1
293,9758,2070153,950.2,283.0,921.4,244.6,935.8,263.8,0,1,950.2,283.0
293,9759,2070154,950.4,282.6,921.4,244.0,935.9,263.3,0,1,950.4,282.6
293,9760,2070155,950.7,282.0,921.5,243.3,936.1,262.65,0,1,950.7,282.0
293,9761,2070156,950.8,281.4,921.7,242.7,936.25,262.05,0,1,950.8,281.4
293,9762,2070157,950.8,280.9,922.1,242.1,936.45,261.5,0,1,950.8,280.9
293,9763,2070158,950.7,281.0,922.5,241.5,936.6,261.25,0,1,950.7,281.0
293,9764,2070159,950.5,281.2,922.6,242.1,936.55,261.65,0,1,950.5,281.2
293,9765,2070160,950.3,281.6,922.8,242.8,936.55,262.2,0,1,950.3,281.6
293,9766,2070161,950.0,282.1,922.9,243.5,936.45,262.8,0,1,950.0,282.1
294,9767,2070162,949.5,282.8,923.0,244.1,936.25,263.45,0,1,949.5,282.8
294,9768,2070163,949.1,283.3,922.9,244.8,936.0,264.05,0,1,949.1,283.3
294,9769,2070164,948.7,283.7,922.7,245.5,935.7,264.6,0,1,948.7,283.7
294,9770,2070165,948.3,284.1,922.5,246.2,935.4,265.15,0,1,948.3,284.1
294,9771,2070166,947.9,284.4,922.4,246.3,935.15,265.35,0,1,947.9,284.4
294,9772,2070167,947.6,284.6,922.6,246.4,935.1,265.5,0,1,947.6,284.6
294,9773,2070168,947.4,284.8,922.6,246.5,935.0,265.65,0,1,947.4,284.8
294,9774,2070169,947.5,285.0,922.6,246.4,935.05,265.7,0,1,947.5,285.0
294,9775,2070170,947.8,285.3,922.4,246.2,935.1,265.75,0,1,947.8,285.3
294,9776,2070171,948.1,285.6,922.2,246.0,935.15,265.8,0,1,948.1,285.6
294,9777,2070172,948.5,286.0,922.1,245.8,935.3,265.9,0,1,948.5,286.0
294,9778,2070173,948.8,286.3,921.9,245.7,935.35,266.0,0,1,948.8,286.3
294,9779,2070174,949.0,286.5,921.7,245.6,935.35,266.05,0,1,949.0,286.5
294,9780,2070175,949.4,286.7,921.5,245.6,935.45,266.15,0,1,949.4,286.7
294,9781,2070176,949.7,286.8,921.4,245.8,935.55,266.3,0,1,949.7,286.8
294,9782,2070177,949.8,286.8,921.5,246.1,935.65,266.45,0,1,949.8,286.8
294,9783,2070178,949.9,286.7,921.6,246.3,935.75,266.5,0,1,949.9,286.7
294,9784,2070179,950.1,286.6,921.7,246.4,935.9,266.5,0,1,950.1,286.6
294,9785,2070180,950.2,286.6,921.9,246.5,936.05,266.55,0,1,950.2,286.6
294,9786,2070181,950.3,286.6,922.2,246.5,936.25,266.55,0,1,950.3,286.6
294,9787,2070182,950.4,286.6,922.4,246.6,936.4,266.6,0,1,950.4,286.6
294,9788,2070183,950.4,286.7,922.7,246.5,936.55,266.6,0,1,950.4,286.7
294,9789,2070184,950.3,286.9,922.8,246.2,936.55,266.55,0,1,950.3,286.9
294,9790,2070185,950.3,287.0,923.0,246.1,936.65,266.55,0,1,950.3,287.0
294,9791,2070186,950.2,287.2,923.1,246.1,936.65,266.65,0,1,950.2,287.2
294,9792,2070187,950.2,287.4,923.1,246.1,936.65,266.75,0,1,950.2,287.4
294,9793,2070188,950.2,287.7,923.0,246.1,936.6,266.9,0,1,950.2,287.7
294,9794,2070189,950.3,288.0,922.9,246.2,936.6,267.1,0,1,950.3,288.0
294,9795,2070190,950.4,288.3,922.8,246.2,936.6,267.25,0,1,950.4,288.3
294,9796,2070191,950.5,288.7,922.9,246.4,936.7,267.55,0,1,950.5,288.7
294,9797,2070192,950.7,289.1,923.0,246.5,936.85,267.8,0,1,950.7,289.1
294,9798,2070193,950.8,290.1,923.1,246.6,936.95,268.35,0,1,950.8,290.1
294,9799,2070194,950.9,291.1,923.2,246.7,937.05,268.9,0,1,950.9,291.1
294,9800,2070195,950.7,291.9,923.4,246.7,937.05,269.3,0,1,950.7,291.9
295,9801,2070196,950.4,292.6,923.5,246.7,936.95,269.65,0,1,950.4,292.6
295,9802,2070197,950.0,293.2,923.6,246.8,936.8,270.0,0,1,950.0,293.2
295,9803,2070198,949.7,293.9,923.4,246.8,936.55,270.35,0,1,949.7,293.9
295,9804,2070199,949.3,294.8,923.2,246.7,936.25,270.75,0,1,949.3,294.8
295,9805,2070200,949.0,295.1,923.0,246.8,936.0,270.95,0,1,949.0,295.1
295,9806,2070201,948.8,295.5,922.7,247.0,935.75,271.25,0,1,948.8,295.5
295,9807,2070202,948.9,296.0,922.4,247.3,935.65,271.65,0,1,948.9,296.0
295,9808,2070203,949.3,296.5,922.1,247.7,935.7,272.1,0,1,949.3,296.5
295,9809,2070204,949.7,297.2,921.9,248.2,935.8,272.7,0,1,949.7,297.2
295,9810,2070205,950.2,297.8,921.9,248.9,936.05,273.35,0,1,950.2,297.8
295,9811,2070206,950.7,298.3,922.1,249.6,936.4,273.95,0,1,950.7,298.3
295,9812,2070207,951.0,299.4,922.2,250.2,936.6,274.8,0,1,951.0,299.4
295,9813,2070208,951.2,300.5,922.4,250.7,936.8,275.6,0,1,951.2,300.5
295,9814,2070209,951.3,302.1,922.6,251.1,936.95,276.6,0,1,951.3,302.1
295,9815,2070210,951.2,303.7,922.8,251.4,937.0,277.55,0,1,951.2,303.7
295,9816,2070211,950.9,305.2,922.9,251.6,936.9,278.4,0,1,950.9,305.2
295,9817,2070212,950.5,306.6,923.0,251.8,936.75,279.2,0,1,950.5,306.6
295,9818,2070213,950.1,308.0,923.0,251.9,936.55,279.95,0,1,950.1,308.0
295,9819,2070214,949.8,308.7,922.9,252.1,936.35,280.4,0,1,949.8,308.7
295,9820,2070215,949.5,309.5,922.9,252.6,936.2,281.05,0,1,949.5,309.5
295,9821,2070216,949.3,309.7,922.9,253.1,936.1,281.4,0,1,949.3,309.7
295,9822,2070217,949.1,310.0,923.0,253.7,936.05,281.85,0,1,949.1,310.0
295,9823,2070218,949.1,310.3,923.0,254.2,936.05,282.25,0,1,949.1,310.3
295,9824,2070219,949.0,310.9,923.0,254.7,936.0,282.8,0,1,949.0,310.9
295,9825,2070220,949.3,311.7,923.0,255.0,936.15,283.35,0,1,949.3,311.7
295,9826,2070221,949.7,312.6,923.0,255.3,936.35,283.95,0,1,949.7,312.6
295,9827,2070222,950.1,313.5,923.1,255.5,936.6,284.5,0,1,950.1,313.5
295,9828,2070223,950.5,314.6,923.1,255.9,936.8,285.25,0,1,950.5,314.6
295,9829,2070224,950.8,315.6,923.1,256.4,936.95,286.0,0,1,950.8,315.6
295,9830,2070225,951.0,316.7,923.1,256.8,937.05,286.75,0,1,951.0,316.7
295,9831,2070226,951.1,317.5,923.2,257.4,937.15,287.45,0,1,951.1,317.5
295,9832,2070227,951.0,318.0,923.5,258.0,937.25,288.0,0,1,951.0,318.0
295,9833,2070228,950.8,319.5,923.9,258.6,937.35,289.05,0,1,950.8,319.5
296,9834,2070229,950.6,320.8,924.4,259.1,937.5,289.95,0,1,950.6,320.8
296,9835,2070230,950.5,322.1,924.9,259.1,937.7,290.6,0,1,950.5,322.1
296,9836,2070231,950.5,322.9,925.3,259.2,937.9,291.05,0,1,950.5,322.9
296,9837,2070232,950.5,323.7,925.8,259.1,938.15,291.4,0,1,950.5,323.7
296,9838,2070233,950.5,324.4,926.2,259.0,938.35,291.7,0,1,950.5,324.4
296,9839,2070234,950.7,325.2,926.5,258.9,938.6,292.05,0,1,950.7,325.2
296,9840,2070235,950.9,324.8,926.6,258.7,938.75,291.75,0,1,950.9,324.8
296,9841,2070236,951.1,324.5,926.7,258.5,938.9,291.5,0,1,951.1,324.5
296,9842,2070237,951.2,324.2,926.9,258.2,939.05,291.2,0,1,951.2,324.2
296,9843,2070238,951.1,324.4,927.0,258.1,939.05,291.25,0,1,951.1,324.4
296,9844,2070239,951.1,324.7,927.2,258.1,939.15,291.4,0,1,951.1,324.7
296,9845,2070240,951.2,325.1,927.4,258.1,939.3,291.6,0,1,951.2,325.1
296,9846,2070241,951.3,325.4,927.7,258.1,939.5,291.75,0,1,951.3,325.4
296,9847,2070242,951.2,325.8,927.8,258.1,939.5,291.95,0,1,951.2,325.8
296,9848,2070243,951.2,326.2,927.9,258.2,939.55,292.2,0,1,951.2,326.2
296,9849,2070244,951.2,326.5,927.9,258.3,939.55,292.4,0,1,951.2,326.5
296,9850,2070245,951.2,326.6,927.8,258.4,939.5,292.5,0,1,951.2,326.6
296,9851,2070246,951.3,326.4,927.7,258.3,939.5,292.35,0,1,951.3,326.4
296,9852,2070247,951.3,326.1,927.6,258.5,939.45,292.3,0,1,951.3,326.1
296,9853,2070248,951.4,325.9,927.4,258.6,939.4,292.25,0,1,951.4,325.9
296,9854,2070249,951.5,325.6,927.3,259.2,939.4,292.4,0,1,951.5,325.6
296,9855,2070250,951.7,325.3,927.2,259.7,939.45,292.5,0,1,951.7,325.3
296,9856,2070251,951.9,325.1,927.2,260.2,939.55,292.65,0,1,951.9,325.1
296,9857,2070252,952.0,324.9,927.2,260.9,939.6,292.9,0,1,952.0,324.9
296,9858,2070253,952.2,325.1,927.4,261.6,939.8,293.35,0,1,952.2,325.1
296,9859,2070254,952.1,325.4,927.5,262.2,939.8,293.8,0,1,952.1,325.4
296,9860,2070255,952.0,326.0,927.7,262.7,939.85,294.35,0,1,952.0,326.0
296,9861,2070256,951.8,326.6,927.9,262.8,939.85,294.7,0,1,951.8,326.6
296,9862,2070257,951.6,327.2,928.1,262.9,939.85,295.05,0,1,951.6,327.2
296,9863,2070258,951.5,327.5,928.1,263.0,939.8,295.25,0,1,951.5,327.5
296,9864,2070259,951.6,327.8,928.1,263.0,939.85,295.4,0,1,951.6,327.8
296,9865,2070260,951.8,328.0,928.0,263.0,939.9,295.5,0,1,951.8,328.0
296,9866,2070261,952.0,328.2,927.8,263.0,939.9,295.6,0,1,952.0,328.2
297,9867,2070262,952.2,328.0,927.7,262.9,939.95,295.45,0,1,952.2,328.0
297,9868,2070263,952.4,327.9,927.6,262.0,940.0,294.95,0,1,952.4,327.9
297,9869,2070264,952.5,327.8,927.5,261.1,940.0,294.45,0,1,952.5,327.8
297,9870,2070265,952.5,327.9,927.9,260.3,940.2,294.1,0,1,952.5,327.9
297,9871,2070266,952.3,328.0,928.2,259.4,940.25,293.7,0,1,952.3,328.0
297,9872,2070267,952.0,328.0,928.4,259.0,940.2,293.5,0,1,952.0,328.0
297,9873,2070268,951.9,327.9,928.4,258.5,940.15,293.2,0,1,951.9,327.9
297,9874,2070269,951.9,327.7,928.3,258.1,940.1,292.9,0,1,951.9,327.7
297,9875,2070270,951.8,327.3,928.3,258.5,940.05,292.9,0,1,951.8,327.3
297,9876,2070271,951.8,326.8,928.2,258.3,940.0,292.55,0,1,951.8,326.8
297,9877,2070272,951.8,326.4,927.9,258.0,939.85,292.2,0,1,951.8,326.4
297,9878,2070273,951.8,326.0,927.6,257.6,939.7,291.8,0,1,951.8,326.0
297,9879,2070274,951.8,325.6,927.5,256.7,939.65,291.15,0,1,951.8,325.6
297,9880,2070275,951.8,325.1,927.6,255.7,939.7,290.4,0,1,951.8,325.1
297,9881,2070276,951.8,324.8,927.7,254.8,939.75,289.8,0,1,951.8,324.8
297,9882,2070277,951.7,324.6,927.8,254.2,939.75,289.4,0,1,951.7,324.6
297,9883,2070278,951.6,324.5,927.9,254.4,939.75,289.45,0,1,951.6,324.5
297,9884,2070279,951.7,324.4,928.0,254.5,939.85,289.45,0,1,951.7,324.4
297,9885,2070280,951.8,324.4,928.0,254.6,939.9,289.5,0,1,951.8,324.4
297,9886,2070281,952.0,324.3,928.1,254.8,940.05,289.55,0,1,952.0,324.3
297,9887,2070282,951.9,324.2,928.2,254.9,940.05,289.55,0,1,951.9,324.2
297,9888,2070283,951.9,324.1,928.3,255.0,940.1,289.55,0,1,951.9,324.1
297,9889,2070284,951.8,324.0,928.3,255.0,940.05,289.5,0,1,951.8,324.0
297,9890,2070285,951.6,323.8,928.4,254.9,940.0,289.35,0,1,951.6,323.8
297,9891,2070286,951.4,323.5,928.4,254.8,939.9,289.15,0,1,951.4,323.5
297,9892,2070287,951.2,323.2,928.5,254.8,939.85,289.0,0,1,951.2,323.2
297,9893,2070288,951.0,323.2,928.5,254.8,939.75,289.0,0,1,951.0,323.2
297,9894,2070289,951.0,323.1,928.7,254.7,939.85,288.9,0,1,951.0,323.1
297,9895,2070290,951.0,323.0,928.8,254.7,939.9,288.85,0,1,951.0,323.0
297,9896,2070291,951.2,323.0,928.8,254.6,940.0,288.8,0,1,951.2,323.0
297,9897,2070292,951.2,322.7,928.8,254.4,940.0,288.55,0,1,951.2,322.7
297,9898,2070293,951.1,322.6,928.8,254.3,939.95,288.45,0,1,951.1,322.6
297,9899,2070294,951.0,322.3,928.8,254.2,939.9,288.25,0,1,951.0,322.3
297,9900,2070295,951.0,322.0,928.8,254.0,939.9,288.0,0,1,951.0,322.0
298,9901,2070296,950.8,321.6,928.6,253.9,939.7,287.75,0,1,950.8,321.6
298,9902,2070297,950.7,321.2,928.5,253.9,939.6,287.55,0,1,950.7,321.2
298,9903,2070298,950.6,320.8,928.5,253.8,939.55,287.3,0,1,950.6,320.8
298,9904,2070299,950.7,320.7,928.4,253.5,939.55,287.1,0,1,950.7,320.7
298,9905,2070300,951.0,320.7,928.4,252.9,939.7,286.8,0,1,951.0,320.7
298,9906,2070301,951.2,320.6,928.1,252.2,939.65,286.4,0,1,951.2,320.6
298,9907,2070302,951.4,320.4,927.8,251.5,939.6,285.95,0,1,951.4,320.4
298,9908,2070303,951.7,320.3,927.4,250.8,939.55,285.55,0,1,951.7,320.3
298,9909,2070304,951.9,320.1,927.1,250.1,939.5,285.1,0,1,951.9,320.1
298,9910,2070305,952.1,319.7,926.9,249.4,939.5,284.55,0,1,952.1,319.7
298,9911,2070306,952.2,319.3,926.8,248.9,939.5,284.1,0,1,952.2,319.3
298,9912,2070307,952.2,318.9,926.7,248.8,939.45,283.85,0,1,952.2,318.9
298,9913,2070308,952.3,318.0,926.8,248.7,939.55,283.35,0,1,952.3,318.0
298,9914,2070309,952.5,316.9,927.0,249.1,939.75,283.0,0,1,952.5,316.9
298,9915,2070310,952.8,315.9,927.1,249.4,939.95,282.65,0,1,952.8,315.9
298,9916,2070311,953.1,315.0,927.2,249.8,940.15,282.4,0,1,953.1,315.0
298,9917,2070312,953.3,314.2,927.3,250.0,940.3,282.1,0,1,953.3,314.2
298,9918,2070313,953.6,313.5,927.3,250.2,940.45,281.85,0,1,953.6,313.5
298,9919,2070314,953.9,312.9,927.2,250.1,940.55,281.5,0,1,953.9,312.9
298,9920,2070315,954.1,313.0,927.2,250.0,940.65,281.5,0,1,954.1,313.0
298,9921,2070316,954.3,313.4,927.2,249.5,940.75,281.45,0,1,954.3,313.4
298,9922,2070317,953.6,313.8,927.1,248.9,940.35,281.35,0,1,953.6,313.8
298,9923,2070318,953.0,314.2,926.9,248.3,939.95,281.25,0,1,953.0,314.2
298,9924,2070319,952.4,314.6,926.6,247.9,939.5,281.25,0,1,952.4,314.6
298,9925,2070320,951.9,314.9,926.4,247.6,939.15,281.25,0,1,951.9,314.9
298,9926,2070321,951.6,315.1,926.1,247.9,938.85,281.5,0,1,951.6,315.1
298,9927,2070322,951.3,315.1,925.8,248.2,938.55,281.65,0,1,951.3,315.1
298,9928,2070323,951.0,314.9,925.7,248.5,938.35,281.7,0,1,951.0,314.9
298,9929,2070324,951.5,314.2,925.8,249.0,938.65,281.6,0,1,951.5,314.2
298,9930,2070325,952.0,313.4,926.1,249.4,939.05,281.4,0,1,952.0,313.4
298,9931,2070326,952.7,312.7,926.6,249.5,939.65,281.1,0,1,952.7,312.7
298,9932,2070327,953.3,312.0,927.2,249.0,940.25,280.5,0,1,953.3,312.0
298,9933,2070328,953.8,311.3,927.8,248.1,940.8,279.7,0,1,953.8,311.3
299,9934,2070329,954.2,310.7,928.4,246.9,941.3,278.8,0,1,954.2,310.7
299,9935,2070330,954.5,310.3,928.8,245.7,941.65,278.0,0,1,954.5,310.3
299,9936,2070331,954.8,310.5,929.1,244.5,941.95,277.5,0,1,954.8,310.5
299,9937,2070332,955.0,310.5,929.4,243.6,942.2,277.05,0,1,955.0,310.5
299,9938,2070333,954.9,310.6,929.5,242.9,942.2,276.75,0,1,954.9,310.6
299,9939,2070334,954.8,310.6,929.6,242.9,942.2,276.75,0,1,954.8,310.6
299,9940,2070335,954.6,310.6,929.6,242.9,942.1,276.75,0,1,954.6,310.6
299,9941,2070336,954.4,310.4,929.5,243.2,941.95,276.8,0,1,954.4,310.4
299,9942,2070337,954.3,310.0,929.3,243.6,941.8,276.8,0,1,954.3,310.0
299,9943,2070338,954.1,309.9,929.2,244.1,941.65,277.0,0,1,954.1,309.9
299,9944,2070339,954.2,310.0,929.0,244.8,941.6,277.4,0,1,954.2,310.0
299,9945,2070340,954.2,310.9,928.8,245.4,941.5,278.15,0,1,954.2,310.9
299,9946,2070341,954.3,311.7,928.5,246.0,941.4,278.85,0,1,954.3,311.7
299,9947,2070342,954.4,312.4,928.3,246.6,941.35,279.5,0,1,954.4,312.4
299,9948,2070343,954.5,313.2,928.5,247.5,941.5,280.35,0,1,954.5,313.2
299,9949,2070344,954.6,313.8,928.7,248.4,941.65,281.1,0,1,954.6,313.8
299,9950,2070345,954.8,313.9,928.9,249.2,941.85,281.55,0,1,954.8,313.9
299,9951,2070346,954.7,313.9,929.3,249.5,942.0,281.7,0,1,954.7,313.9
299,9952,2070347,954.5,313.1,929.7,249.9,942.1,281.5,0,1,954.5,313.1
299,9953,2070348,954.3,312.6,930.1,250.2,942.2,281.4,0,1,954.3,312.6
299,9954,2070349,954.2,312.2,930.5,250.2,942.35,281.2,0,1,954.2,312.2
299,9955,2070350,954.0,311.9,930.6,249.9,942.3,280.9,0,1,954.0,311.9
299,9956,2070351,953.8,311.9,930.8,249.5,942.3,280.7,0,1,953.8,311.9
299,9957,2070352,953.5,312.2,930.9,249.1,942.2,280.65,0,1,953.5,312.2
299,9958,2070353,953.2,312.4,931.0,248.7,942.1,280.55,0,1,953.2,312.4
299,9959,2070354,953.0,312.7,931.0,248.3,942.0,280.5,0,1,953.0,312.7
299,9960,2070355,952.8,311.6,931.0,248.1,941.9,279.85,0,1,952.8,311.6
299,9961,2070356,952.6,310.5,931.0,248.1,941.8,279.3,0,1,952.6,310.5
299,9962,2070357,952.4,309.3,931.0,248.2,941.7,278.75,0,1,952.4,309.3
299,9963,2070358,952.1,308.3,931.1,248.3,941.6,278.3,0,1,952.1,308.3
299,9964,2070359,952.0,307.3,931.2,248.4,941.6,277.85,0,1,952.0,307.3
299,9965,2070360,952.0,306.4,931.4,248.5,941.7,277.45,0,1,952.0,306.4
299,9966,2070361,952.3,305.6,931.4,248.8,941.85,277.2,0,1,952.3,305.6
300,9967,2070362,952.6,305.8,931.5,248.8,942.05,277.3,0,1,952.6,305.8
300,9968,2070363,952.9,306.5,931.1,248.7,942.0,277.6,0,1,952.9,306.5
300,9969,2070364,953.3,307.2,930.8,248.6,942.05,277.9,0,1,953.3,307.2
300,9970,2070365,953.8,308.1,930.3,248.5,942.05,278.3,0,1,953.8,308.1
300,9971,2070366,954.2,309.1,930.2,248.4,942.2,278.75,0,1,954.2,309.1
300,9972,2070367,954.5,309.8,930.2,248.3,942.35,279.05,0,1,954.5,309.8
300,9973,2070368,954.8,310.5,930.3,247.9,942.55,279.2,0,1,954.8,310.5
300,9974,2070369,955.0,311.2,930.5,247.5,942.75,279.35,0,1,955.0,311.2
300,9975,2070370,955.5,311.7,931.1,246.3,943.3,279.0,0,1,955.5,311.7
300,9976,2070371,956.1,312.0,931.6,245.3,943.85,278.65,0,1,956.1,312.0
300,9977,2070372,956.9,312.0,932.2,244.2,944.55,278.1,0,1,956.9,312.0
300,9978,2070373,957.7,311.6,932.3,243.0,945.0,277.3,0,1,957.7,311.6
300,9979,2070374,958.7,311.4,932.4,241.7,945.55,276.55,0,1,958.7,311.4
300,9980,2070375,959.7,311.1,932.5,240.6,946.1,275.85,0,1,959.7,311.1
300,9981,2070376,960.7,310.5,932.6,239.6,946.65,275.05,0,1,960.7,310.5
300,9982,2070377,961.9,309.7,932.6,239.2,947.25,274.45,0,1,961.9,309.7
300,9983,2070378,963.0,309.0,932.7,238.7,947.85,273.85,0,1,963.0,309.0
300,9984,2070379,963.9,308.3,932.9,238.3,948.4,273.3,0,1,963.9,308.3
300,9985,2070380,964.7,307.9,933.1,238.0,948.9,272.95,0,1,964.7,307.9
300,9986,2070381,965.3,307.4,933.4,237.6,949.35,272.5,0,1,965.3,307.4
300,9987,2070382,965.9,307.1,933.5,237.3,949.7,272.2,0,1,965.9,307.1
300,9988,2070383,966.4,306.9,933.5,237.0,949.95,271.95,0,1,966.4,306.9
300,9989,2070384,966.5,306.7,933.4,237.1,949.95,271.9,0,1,966.5,306.7
300,9990,2070385,966.6,306.5,933.1,237.4,949.85,271.95,0,1,966.6,306.5
300,9991,2070386,966.7,306.4,932.7,238.0,949.7,272.2,0,1,966.7,306.4
300,9992,2070387,966.8,306.5,932.3,238.6,949.55,272.55,0,1,966.8,306.5
300,9993,2070388,966.8,307.5,931.6,239.3,949.2,273.4,0,1,966.8,307.5
300,9994,2070389,966.6,308.5,931.1,240.2,948.85,274.35,0,1,966.6,308.5
300,9995,2070390,966.5,309.6,930.7,241.2,948.6,275.4,0,1,966.5,309.6
300,9996,2070391,966.4,310.8,930.2,242.0,948.3,276.4,0,1,966.4,310.8
300,9997,2070392,966.3,312.6,929.8,242.6,948.05,277.6,0,1,966.3,312.6
300,9998,2070393,966.2,314.8,929.4,243.0,947.8,278.9,0,1,966.2,314.8
300,9999,2070394,966.1,316.7,929.0,243.3,947.55,280.0,0,1,966.1,316.7
300,10000,2070395,966.0,317.7,928.9,243.6,947.45,280.65,0,1,966.0,317.7
301,10001,2070396,965.9,318.6,928.9,243.6,947.4,281.1,0,1,965.9,318.6
301,10002,2070397,965.8,319.4,928.9,243.5,947.35,281.45,0,1,965.8,319.4
301,10003,2070398,965.6,320.1,929.1,243.3,947.35,281.7,0,1,965.6,320.1
301,10004,2070399,965.3,320.0,929.2,243.1,947.25,281.55,0,1,965.3,320.0
301,10005,2070400,965.0,319.7,929.4,243.0,947.2,281.35,0,1,965.0,319.7
301,10006,2070401,964.6,319.2,929.4,242.9,947.0,281.05,0,1,964.6,319.2
301,10007,2070402,964.2,318.6,929.2,242.9,946.7,280.75,0,1,964.2,318.6
301,10008,2070403,963.8,318.0,928.9,243.0,946.35,280.5,0,1,963.8,318.0
301,10009,2070404,963.4,317.5,928.6,243.2,946.0,280.35,0,1,963.4,317.5
301,10010,2070405,963.1,317.1,928.5,243.5,945.8,280.3,0,1,963.1,317.1
301,10011,2070406,962.8,316.9,928.5,244.0,945.65,280.45,0,1,962.8,316.9
301,10012,2070407,962.7,316.8,928.6,244.6,945.65,280.7,0,1,962.7,316.8
301,10013,2070408,962.6,316.8,928.9,245.1,945.75,280.95,0,1,962.6,316.8
301,10014,2070409,962.5,317.5,929.1,245.6,945.8,281.55,0,1,962.5,317.5
301,10015,2070410,962.6,318.3,929.2,246.2,945.9,282.25,0,1,962.6,318.3
301,10016,2070411,962.7,319.0,929.1,246.8,945.9,282.9,0,1,962.7,319.0
301,10017,2070412,962.7,319.7,928.8,247.2,945.75,283.45,0,1,962.7,319.7
301,10018,2070413,962.7,320.3,928.4,247.4,945.55,283.85,0,1,962.7,320.3
301,10019,2070414,962.7,320.6,928.1,247.5,945.4,284.05,0,1,962.7,320.6
301,10020,2070415,962.6,320.8,927.7,247.7,945.15,284.25,0,1,962.6,320.8
301,10021,2070416,962.5,320.8,927.4,248.0,944.95,284.4,0,1,962.5,320.8
301,10022,2070417,962.4,320.8,926.9,248.2,944.65,284.5,0,1,962.4,320.8
301,10023,2070418,962.6,320.9,926.8,248.3,944.7,284.6,0,1,962.6,320.9
301,10024,2070419,963.0,321.0,926.6,248.4,944.8,284.7,0,1,963.0,321.0
301,10025,2070420,963.4,321.1,926.5,248.4,944.95,284.75,0,1,963.4,321.1
301,10026,2070421,963.8,321.3,926.4,248.4,945.1,284.85,0,1,963.8,321.3
301,10027,2070422,964.2,321.6,926.3,248.4,945.25,285.0,0,1,964.2,321.6
301,10028,2070423,964.6,321.8,926.3,248.4,945.45,285.1,0,1,964.6,321.8
301,10029,2070424,965.0,321.8,926.3,248.4,945.65,285.1,0,1,965.0,321.8
301,10030,2070425,965.2,321.5,926.3,248.5,945.75,285.0,0,1,965.2,321.5
301,10031,2070426,965.3,321.3,926.2,248.6,945.75,284.95,0,1,965.3,321.3
301,10032,2070427,965.3,321.1,926.0,248.8,945.65,284.95,0,1,965.3,321.1
301,10033,2070428,965.3,321.1,925.7,249.0,945.5,285.05,0,1,965.3,321.1
302,10034,2070429,965.2,321.1,925.5,249.2,945.35,285.15,0,1,965.2,321.1
302,10035,2070430,965.0,321.7,925.3,249.3,945.15,285.5,0,1,965.0,321.7
302,10036,2070431,964.8,322.7,925.3,249.4,945.05,286.05,0,1,964.8,322.7
302,10037,2070432,964.4,323.8,925.2,249.6,944.8,286.7,0,1,964.4,323.8
302,10038,2070433,964.0,324.8,925.2,249.9,944.6,287.35,0,1,964.0,324.8
302,10039,2070434,963.7,326.1,925.1,250.3,944.4,288.2,0,1,963.7,326.1
302,10040,2070435,962.9,327.0,924.9,250.8,943.9,288.9,0,1,962.9,327.0
302,10041,2070436,962.2,327.9,924.7,251.3,943.45,289.6,0,1,962.2,327.9
302,10042,2070437,961.5,328.2,924.6,251.8,943.05,290.0,0,1,961.5,328.2
302,10043,2070438,960.8,328.4,924.6,252.3,942.7,290.35,0,1,960.8,328.4
302,10044,2070439,960.1,328.6,925.0,252.4,942.55,290.5,0,1,960.1,328.6
302,10045,2070440,959.4,328.8,925.4,252.4,942.4,290.6,0,1,959.4,328.8
302,10046,2070441,958.8,328.8,925.8,252.3,942.3,290.55,0,1,958.8,328.8
302,10047,2070442,958.9,328.8,926.3,252.0,942.6,290.4,0,1,958.9,328.8
302,10048,2070443,959.1,328.6,926.6,251.8,942.85,290.2,0,1,959.1,328.6
302,10049,2070444,959.4,328.3,926.4,251.5,942.9,289.9,0,1,959.4,328.3
302,10050,2070445,959.7,328.0,926.1,251.3,942.9,289.65,0,1,959.7,328.0
302,10051,2070446,960.0,327.3,925.5,251.2,942.75,289.25,0,1,960.0,327.3
302,10052,2070447,960.3,326.6,924.8,251.1,942.55,288.85,0,1,960.3,326.6
302,10053,2070448,960.6,325.6,924.2,251.1,942.4,288.35,0,1,960.6,325.6
302,10054,2070449,960.6,324.7,923.7,251.2,942.15,287.95,0,1,960.6,324.7
302,10055,2070450,960.5,324.0,923.2,251.3,941.85,287.65,0,1,960.5,324.0
302,10056,2070451,960.5,323.3,923.2,252.9,941.85,288.1,0,1,960.5,323.3
302,10057,2070452,960.5,322.7,923.2,254.4,941.85,288.55,0,1,960.5,322.7
302,10058,2070453,960.7,322.6,923.2,255.8,941.95,289.2,0,1,960.7,322.6
302,10059,2070454,961.0,322.7,923.3,257.3,942.15,290.0,0,1,961.0,322.7
302,10060,2070455,961.2,323.1,923.4,257.9,942.3,290.5,0,1,961.2,323.1
302,10061,2070456,961.4,324.2,923.4,258.3,942.4,291.25,0,1,961.4,324.2
302,10062,2070457,961.4,325.5,923.3,258.9,942.35,292.2,0,1,961.4,325.5
302,10063,2070458,961.2,326.7,923.3,258.1,942.25,292.4,0,1,961.2,326.7
302,10064,2070459,961.0,327.7,923.2,257.8,942.1,292.75,0,1,961.0,327.7
302,10065,2070460,960.3,328.2,923.1,257.5,941.7,292.85,0,1,960.3,328.2
302,10066,2070461,959.7,328.6,922.9,257.1,941.3,292.85,0,1,959.7,328.6
303,10067,2070462,959.1,328.7,922.7,257.8,940.9,293.25,0,1,959.1,328.7
303,10068,2070463,958.5,328.2,922.6,258.7,940.55,293.45,0,1,958.5,328.2
303,10069,2070464,958.2,327.5,922.7,259.4,940.45,293.45,0,1,958.2,327.5
303,10070,2070465,958.0,326.9,923.1,260.1,940.55,293.5,0,1,958.0,326.9
303,10071,2070466,957.8,326.5,923.4,260.4,940.6,293.45,0,1,957.8,326.5
303,10072,2070467,957.6,326.0,923.8,260.5,940.7,293.25,0,1,957.6,326.0
303,10073,2070468,957.5,325.6,924.2,260.6,940.85,293.1,0,1,957.5,325.6
303,10074,2070469,957.3,325.4,924.5,260.8,940.9,293.1,0,1,957.3,325.4
303,10075,2070470,957.2,325.1,924.8,261.0,941.0,293.05,0,1,957.2,325.1
303,10076,2070471,957.1,324.8,924.7,261.1,940.9,292.95,0,1,957.1,324.8
303,10077,2070472,956.9,324.4,924.5,261.2,940.7,292.8,0,1,956.9,324.4
303,10078,2070473,956.8,323.8,924.2,261.4,940.5,292.6,0,1,956.8,323.8
303,10079,2070474,956.8,323.2,924.0,261.9,940.4,292.55,0,1,956.8,323.2
303,10080,2070475,956.7,322.3,924.0,262.6,940.35,292.45,0,1,956.7,322.3
303,10081,2070476,956.7,321.5,924.0,263.2,940.35,292.35,0,1,956.7,321.5
303,10082,2070477,956.9,320.9,924.1,263.6,940.5,292.25,0,1,956.9,320.9
303,10083,2070478,957.0,320.4,924.4,264.1,940.7,292.25,0,1,957.0,320.4
303,10084,2070479,957.2,319.9,924.7,264.6,940.95,292.25,0,1,957.2,319.9
303,10085,2070480,957.3,319.8,925.0,265.1,941.15,292.45,0,1,957.3,319.8
303,10086,2070481,957.0,319.8,925.0,265.4,941.0,292.6,0,1,957.0,319.8
303,10087,2070482,956.7,320.1,924.9,265.6,940.8,292.85,0,1,956.7,320.1
303,10088,2070483,956.3,320.3,924.9,265.8,940.6,293.05,0,1,956.3,320.3
303,10089,2070484,955.8,320.4,924.8,265.8,940.3,293.1,0,1,955.8,320.4
303,10090,2070485,955.4,320.4,924.9,265.7,940.15,293.05,0,1,955.4,320.4
303,10091,2070486,955.1,320.3,925.1,265.6,940.1,292.95,0,1,955.1,320.3
303,10092,2070487,954.8,320.1,925.2,265.4,940.0,292.75,0,1,954.8,320.1
303,10093,2070488,955.0,319.8,925.4,265.2,940.2,292.5,0,1,955.0,319.8
303,10094,2070489,955.1,319.5,925.4,264.9,940.25,292.2,0,1,955.1,319.5
303,10095,2070490,955.3,319.3,925.4,264.8,940.35,292.05,0,1,955.3,319.3
303,10096,2070491,955.5,319.1,925.3,264.6,940.4,291.85,0,1,955.5,319.1
303,10097,2070492,955.6,319.1,925.0,264.5,940.3,291.8,0,1,955.6,319.1
303,10098,2070493,955.6,319.1,924.8,265.3,940.2,292.2,0,1,955.6,319.1
303,10099,2070494,955.6,319.1,924.6,266.2,940.1,292.65,0,1,955.6,319.1
303,10100,2070495,955.6,318.5,924.7,267.3,940.15,292.9,0,1,955.6,318.5
304,10101,2070496,955.7,318.0,924.9,268.5,940.3,293.25,0,1,955.7,318.0
304,10102,2070497,955.8,317.4,925.1,269.9,940.45,293.65,0,1,955.8,317.4
304,10103,2070498,955.9,316.7,925.3,271.3,940.6,294.0,0,1,955.9,316.7
304,10104,2070499,956.0,315.9,925.2,272.7,940.6,294.3,0,1,956.0,315.9
304,10105,2070500,956.2,315.1,925.1,273.3,940.65,294.2,0,1,956.2,315.1
304,10106,2070501,956.3,314.5,924.9,273.8,940.6,294.15,0,1,956.3,314.5
304,10107,2070502,956.5,314.6,924.4,274.1,940.45,294.35,0,1,956.5,314.6
304,10108,2070503,956.7,314.8,923.9,274.3,940.3,294.55,0,1,956.7,314.8
304,10109,2070504,956.8,315.0,923.4,274.3,940.1,294.65,0,1,956.8,315.0
304,10110,2070505,956.8,315.2,923.1,274.4,939.95,294.8,0,1,956.8,315.2
304,10111,2070506,956.9,315.2,923.0,274.7,939.95,294.95,0,1,956.9,315.2
304,10112,2070507,956.8,315.3,923.0,275.0,939.9,295.15,0,1,956.8,315.3
304,10113,2070508,956.7,315.3,923.1,275.6,939.9,295.45,0,1,956.7,315.3
304,10114,2070509,956.6,315.2,923.3,276.1,939.95,295.65,0,1,956.6,315.2
304,10115,2070510,956.5,314.9,923.5,276.6,940.0,295.75,0,1,956.5,314.9
304,10116,2070511,956.2,314.5,923.7,277.0,939.95,295.75,0,1,956.2,314.5
304,10117,2070512,955.8,313.8,923.9,277.4,939.85,295.6,0,1,955.8,313.8
304,10118,2070513,955.5,313.2,923.9,277.7,939.7,295.45,0,1,955.5,313.2
304,10119,2070514,955.3,312.7,923.8,277.8,939.55,295.25,0,1,955.3,312.7
304,10120,2070515,955.2,312.4,923.7,277.8,939.45,295.1,0,1,955.2,312.4
304,10121,2070516,955.3,312.2,923.7,277.7,939.5,294.95,0,1,955.3,312.2
304,10122,2070517,955.4,312.1,923.6,277.6,939.5,294.85,0,1,955.4,312.1
304,10123,2070518,956.0,312.2,923.5,277.3,939.75,294.75,0,1,956.0,312.2
304,10124,2070519,956.7,312.6,923.6,277.1,940.15,294.85,0,1,956.7,312.6
304,10125,2070520,957.4,312.9,923.8,276.8,940.6,294.85,0,1,957.4,312.9
304,10126,2070521,958.0,313.3,924.2,277.0,941.1,295.15,0,1,958.0,313.3
304,10127,2070522,958.4,313.4,924.4,277.2,941.4,295.3,0,1,958.4,313.4
304,10128,2070523,958.5,313.3,924.7,277.4,941.6,295.35,0,1,958.5,313.3
304,10129,2070524,958.5,313.2,924.9,278.0,941.7,295.6,0,1,958.5,313.2
304,10130,2070525,958.2,313.0,925.1,278.7,941.65,295.85,0,1,958.2,313.0
304,10131,2070526,957.9,312.8,925.1,279.4,941.5,296.1,0,1,957.9,312.8
304,10132,2070527,957.5,312.6,925.1,280.0,941.3,296.3,0,1,957.5,312.6
304,10133,2070528,956.9,312.4,924.9,280.2,940.9,296.3,0,1,956.9,312.4
305,10134,2070529,956.3,312.0,924.5,280.5,940.4,296.25,0,1,956.3,312.0
305,10135,2070530,955.9,311.1,924.1,280.8,940.0,295.95,0,1,955.9,311.1
305,10136,2070531,955.5,310.3,923.7,280.9,939.6,295.6,0,1,955.5,310.3
305,10137,2070532,955.2,309.6,923.3,280.9,939.25,295.25,0,1,955.2,309.6
305,10138,2070533,955.0,308.8,923.1,280.7,939.05,294.75,0,1,955.0,308.8
305,10139,2070534,954.9,307.9,923.0,280.7,938.95,294.3,0,1,954.9,307.9
305,10140,2070535,955.4,307.2,922.8,280.8,939.1,294.0,0,1,955.4,307.2
305,10141,2070536,956.0,306.6,922.9,280.9,939.45,293.75,0,1,956.0,306.6
305,10142,2070537,956.6,306.6,923.0,281.0,939.8,293.8,0,1,956.6,306.6
305,10143,2070538,957.2,306.9,923.2,281.0,940.2,293.95,0,1,957.2,306.9
305,10144,2070539,957.6,307.1,923.4,281.2,940.5,294.15,0,1,957.6,307.1
305,10145,2070540,958.0,307.5,923.6,281.4,940.8,294.45,0,1,958.0,307.5
305,10146,2070541,958.1,307.8,923.6,281.5,940.85,294.65,0,1,958.1,307.8
305,10147,2070542,958.1,308.1,923.6,281.6,940.85,294.85,0,1,958.1,308.1
305,10148,2070543,958.0,308.2,923.5,281.6,940.75,294.9,0,1,958.0,308.2
305,10149,2070544,957.9,308.2,923.3,281.5,940.6,294.85,0,1,957.9,308.2
305,10150,2070545,957.9,308.1,923.1,281.5,940.5,294.8,0,1,957.9,308.1
305,10151,2070546,957.9,308.0,922.9,281.4,940.4,294.7,0,1,957.9,308.0
305,10152,2070547,958.0,307.8,922.7,281.4,940.35,294.6,0,1,958.0,307.8
305,10153,2070548,958.0,307.8,922.5,281.4,940.25,294.6,0,1,958.0,307.8
305,10154,2070549,958.0,307.8,922.4,281.7,940.2,294.75,0,1,958.0,307.8
305,10155,2070550,958.0,308.1,922.5,282.2,940.25,295.15,0,1,958.0,308.1
305,10156,2070551,958.0,308.3,922.6,282.7,940.3,295.5,0,1,958.0,308.3
305,10157,2070552,958.0,308.5,922.7,283.1,940.35,295.8,0,1,958.0,308.5
305,10158,2070553,957.9,308.7,922.5,283.5,940.2,296.1,0,1,957.9,308.7
305,10159,2070554,957.9,308.9,922.4,283.9,940.15,296.4,0,1,957.9,308.9
305,10160,2070555,957.9,309.3,922.2,284.2,940.05,296.75,0,1,957.9,309.3
305,10161,2070556,957.9,309.7,922.0,284.3,939.95,297.0,0,1,957.9,309.7
305,10162,2070557,957.7,309.8,921.8,284.3,939.75,297.05,0,1,957.7,309.8
305,10163,2070558,957.6,309.7,921.5,284.4,939.55,297.05,0,1,957.6,309.7
305,10164,2070559,957.5,309.7,921.1,285.0,939.3,297.35,0,1,957.5,309.7
305,10165,2070560,957.5,309.8,921.1,285.6,939.3,297.7,0,1,957.5,309.8
305,10166,2070561,957.4,309.5,921.0,287.0,939.2,298.25,0,1,957.4,309.5
306,10167,2070562,957.3,308.9,920.9,288.4,939.1,298.65,0,1,957.3,308.9
306,10168,2070563,957.2,307.5,920.6,289.7,938.9,298.6,0,1,957.2,307.5
306,10169,2070564,957.2,306.3,920.4,290.8,938.8,298.55,0,1,957.2,306.3
306,10170,2070565,957.1,305.5,920.2,291.2,938.65,298.35,0,1,957.1,305.5
306,10171,2070566,957.1,304.7,919.8,291.3,938.45,298.0,0,1,957.1,304.7
306,10172,2070567,956.9,304.4,919.5,291.0,938.2,297.7,0,1,956.9,304.4
306,10173,2070568,956.9,304.3,919.1,290.1,938.0,297.2,0,1,956.9,304.3
306,10174,2070569,956.8,304.4,919.3,289.0,938.05,296.7,0,1,956.8,304.4
306,10175,2070570,956.7,305.2,919.5,287.9,938.1,296.55,0,1,956.7,305.2
306,10176,2070571,956.6,306.1,919.8,286.9,938.2,296.5,0,1,956.6,306.1
306,10177,2070572,956.5,306.9,920.1,286.4,938.3,296.65,0,1,956.5,306.9
306,10178,2070573,956.4,307.6,920.5,285.8,938.45,296.7,0,1,956.4,307.6
306,10179,2070574,956.6,307.7,921.0,285.6,938.8,296.65,0,1,956.6,307.7
306,10180,2070575,956.8,307.9,921.4,285.3,939.1,296.6,0,1,956.8,307.9
306,10181,2070576,957.0,308.1,921.4,285.3,939.2,296.7,0,1,957.0,308.1
306,10182,2070577,957.2,308.3,921.4,285.4,939.3,296.85,0,1,957.2,308.3
306,10183,2070578,957.5,308.6,921.5,285.6,939.5,297.1,0,1,957.5,308.6
306,10184,2070579,957.7,308.9,921.5,286.0,939.6,297.45,0,1,957.7,308.9
306,10185,2070580,958.1,309.0,921.4,287.3,939.75,298.15,0,1,958.1,309.0
306,10186,2070581,958.3,309.1,921.4,288.8,939.85,298.95,0,1,958.3,309.1
306,10187,2070582,958.6,308.6,921.1,290.1,939.85,299.35,0,1,958.6,308.6
306,10188,2070583,958.8,308.1,920.8,291.2,939.8,299.65,0,1,958.8,308.1
306,10189,2070584,959.1,307.6,920.6,292.1,939.85,299.85,0,1,959.1,307.6
306,10190,2070585,959.4,306.9,920.4,293.1,939.9,300.0,0,1,959.4,306.9
306,10191,2070586,959.6,306.2,920.2,293.9,939.9,300.05,0,1,959.6,306.2
306,10192,2070587,959.6,305.5,920.0,293.8,939.8,299.65,0,1,959.6,305.5
306,10193,2070588,959.5,305.1,919.9,293.4,939.7,299.25,0,1,959.5,305.1
306,10194,2070589,959.5,305.1,919.9,293.3,939.7,299.2,0,1,959.5,305.1
306,10195,2070590,959.4,305.2,920.1,293.4,939.75,299.3,0,1,959.4,305.2
306,10196,2070591,959.3,305.3,920.1,293.5,939.7,299.4,0,1,959.3,305.3
306,10197,2070592,959.2,305.4,920.1,293.6,939.65,299.5,0,1,959.2,305.4
306,10198,2070593,959.1,305.5,920.1,293.7,939.6,299.6,0,1,959.1,305.5
306,10199,2070594,959.0,305.6,920.1,293.8,939.55,299.7,0,1,959.0,305.6
306,10200,2070595,959.0,305.6,920.1,293.8,939.55,299.7,0,1,959.0,305.6
307,10201,2070596,958.9,305.6,920.2,293.7,939.55,299.65,0,1,958.9,305.6
307,10202,2070597,958.8,305.8,920.2,293.5,939.5,299.65,0,1,958.8,305.8
307,10203,2070598,958.7,306.1,920.2,293.2,939.45,299.65,0,1,958.7,306.1
307,10204,2070599,958.6,306.5,920.2,292.9,939.4,299.7,0,1,958.6,306.5
307,10205,2070600,958.5,306.9,920.4,292.6,939.45,299.75,0,1,958.5,306.9
307,10206,2070601,958.4,307.2,920.5,292.2,939.45,299.7,0,1,958.4,307.2
307,10207,2070602,958.3,307.5,920.7,292.1,939.5,299.8,0,1,958.3,307.5
307,10208,2070603,958.2,307.4,920.9,292.1,939.55,299.75,0,1,958.2,307.4
307,10209,2070604,958.1,306.9,920.9,292.1,939.5,299.5,0,1,958.1,306.9
307,10210,2070605,957.9,306.4,921.0,292.3,939.45,299.35,0,1,957.9,306.4
307,10211,2070606,957.9,305.8,921.1,292.4,939.5,299.1,0,1,957.9,305.8
307,10212,2070607,958.0,305.2,921.1,292.4,939.55,298.8,0,1,958.0,305.2
307,10213,2070608,958.7,304.6,921.1,292.3,939.9,298.45,0,1,958.7,304.6
307,10214,2070609,959.3,304.1,921.1,292.3,940.2,298.2,0,1,959.3,304.1
307,10215,2070610,959.9,303.9,921.1,292.1,940.5,298.0,0,1,959.9,303.9
307,10216,2070611,960.5,303.5,921.1,291.9,940.8,297.7,0,1,960.5,303.5
307,10217,2070612,961.1,303.2,921.2,291.8,941.15,297.5,0,1,961.1,303.2
307,10218,2070613,961.5,302.9,921.2,291.7,941.35,297.3,0,1,961.5,302.9
307,10219,2070614,961.8,302.8,921.3,291.9,941.55,297.35,0,1,961.8,302.8
307,10220,2070615,961.5,302.7,921.0,292.1,941.25,297.4,0,1,961.5,302.7
307,10221,2070616,961.3,302.6,920.7,292.3,941.0,297.45,0,1,961.3,302.6
307,10222,2070617,961.1,302.7,920.4,292.5,940.75,297.6,0,1,961.1,302.7
307,10223,2070618,961.0,302.9,920.0,292.8,940.5,297.85,0,1,961.0,302.9
307,10224,2070619,961.1,303.1,919.8,293.0,940.45,298.05,0,1,961.1,303.1
307,10225,2070620,961.1,303.3,919.6,293.1,940.35,298.2,0,1,961.1,303.3
307,10226,2070621,961.4,303.5,919.6,293.1,940.5,298.3,0,1,961.4,303.5
307,10227,2070622,961.7,303.9,920.0,293.0,940.85,298.45,0,1,961.7,303.9
307,10228,2070623,962.0,304.4,920.4,292.9,941.2,298.65,0,1,962.0,304.4
307,10229,2070624,962.3,304.9,920.8,292.5,941.55,298.7,0,1,962.3,304.9
307,10230,2070625,962.3,305.3,921.2,292.1,941.75,298.7,0,1,962.3,305.3
307,10231,2070626,962.3,305.8,921.5,291.6,941.9,298.7,0,1,962.3,305.8
307,10232,2070627,962.1,306.1,921.7,291.2,941.9,298.65,0,1,962.1,306.1
307,10233,2070628,961.8,306.3,921.8,290.7,941.8,298.5,0,1,961.8,306.3
308,10234,2070629,961.5,306.4,921.8,290.3,941.65,298.35,0,1,961.5,306.4
308,10235,2070630,961.4,306.5,921.7,289.9,941.55,298.2,0,1,961.4,306.5
308,10236,2070631,961.2,306.6,921.6,289.9,941.4,298.25,0,1,961.2,306.6
308,10237,2070632,961.5,306.6,921.5,290.4,941.5,298.5,0,1,961.5,306.6
308,10238,2070633,961.7,306.7,921.5,291.0,941.6,298.85,0,1,961.7,306.7
308,10239,2070634,961.9,306.7,921.4,291.6,941.65,299.15,0,1,961.9,306.7
308,10240,2070635,962.0,306.7,921.5,292.2,941.75,299.45,0,1,962.0,306.7
308,10241,2070636,962.0,306.7,921.6,292.7,941.8,299.7,0,1,962.0,306.7
308,10242,2070637,961.8,306.6,921.8,293.1,941.8,299.85,0,1,961.8,306.6
308,10243,2070638,961.6,306.5,921.9,293.5,941.75,300.0,0,1,961.6,306.5
308,10244,2070639,961.2,306.5,922.1,293.2,941.65,299.85,0,1,961.2,306.5
308,10245,2070640,960.9,306.5,922.3,292.7,941.6,299.6,0,1,960.9,306.5
308,10246,2070641,960.7,306.6,922.4,292.3,941.55,299.45,0,1,960.7,306.6
308,10247,2070642,960.6,306.7,922.3,291.9,941.45,299.3,0,1,960.6,306.7
308,10248,2070643,960.5,306.8,922.3,291.4,941.4,299.1,0,1,960.5,306.8
308,10249,2070644,960.6,307.1,922.1,291.0,941.35,299.05,0,1,960.6,307.1
308,10250,2070645,960.8,307.4,922.0,290.6,941.4,299.0,0,1,960.8,307.4
308,10251,2070646,961.0,307.9,921.9,290.5,941.45,299.2,0,1,961.0,307.9
308,10252,2070647,961.4,308.3,921.8,290.5,941.6,299.4,0,1,961.4,308.3
308,10253,2070648,961.7,309.0,921.7,290.5,941.7,299.75,0,1,961.7,309.0
308,10254,2070649,962.1,309.7,921.6,290.6,941.85,300.15,0,1,962.1,309.7
308,10255,2070650,962.3,310.3,921.6,290.8,941.95,300.55,0,1,962.3,310.3
308,10256,2070651,962.5,310.9,921.6,290.9,942.05,300.9,0,1,962.5,310.9
308,10257,2070652,962.7,311.4,921.5,290.9,942.1,301.15,0,1,962.7,311.4
308,10258,2070653,962.8,311.9,921.5,290.8,942.15,301.35,0,1,962.8,311.9
308,10259,2070654,962.9,312.6,921.5,290.7,942.2,301.65,0,1,962.9,312.6
308,10260,2070655,963.0,313.0,921.4,290.6,942.2,301.8,0,1,963.0,313.0
308,10261,2070656,963.2,313.7,921.1,290.5,942.15,302.1,0,1,963.2,313.7
308,10262,2070657,963.3,314.3,920.9,290.5,942.1,302.4,0,1,963.3,314.3
308,10263,2070658,963.4,314.8,920.6,290.4,942.0,302.6,0,1,963.4,314.8
308,10264,2070659,963.6,314.8,920.3,289.3,941.95,302.05,0,1,963.6,314.8
308,10265,2070660,963.6,314.8,920.1,288.2,941.85,301.5,0,1,963.6,314.8
308,10266,2070661,963.7,314.5,919.9,287.1,941.8,300.8,0,1,963.7,314.5
309,10267,2070662,963.7,314.4,920.0,286.0,941.85,300.2,0,1,963.7,314.4
309,10268,2070663,963.6,313.9,920.2,285.1,941.9,299.5,0,1,963.6,313.9
309,10269,2070664,963.6,313.5,920.5,284.0,942.05,298.75,0,1,963.6,313.5
309,10270,2070665,963.5,313.3,920.8,283.2,942.15,298.25,0,1,963.5,313.3
309,10271,2070666,963.3,313.4,921.2,283.3,942.25,298.35,0,1,963.3,313.4
309,10272,2070667,963.3,313.5,921.6,283.3,942.45,298.4,0,1,963.3,313.5
309,10273,2070668,963.6,313.7,922.0,283.2,942.8,298.45,0,1,963.6,313.7
309,10274,2070669,963.8,313.8,922.4,283.2,943.1,298.5,0,1,963.8,313.8
309,10275,2070670,963.8,313.9,923.2,283.0,943.5,298.45,0,1,963.8,313.9
309,10276,2070671,963.9,314.0,923.9,282.8,943.9,298.4,0,1,963.9,314.0
309,10277,2070672,963.9,314.4,924.4,282.5,944.15,298.45,0,1,963.9,314.4
309,10278,2070673,963.9,314.9,924.6,282.3,944.25,298.6,0,1,963.9,314.9
309,10279,2070674,963.9,315.5,924.7,282.2,944.3,298.85,0,1,963.9,315.5
309,10280,2070675,963.6,316.2,924.7,282.0,944.15,299.1,0,1,963.6,316.2
309,10281,2070676,963.3,316.9,924.5,281.7,943.9,299.3,0,1,963.3,316.9
309,10282,2070677,963.1,317.6,924.0,280.7,943.55,299.15,0,1,963.1,317.6
309,10283,2070678,962.9,318.2,923.5,279.9,943.2,299.05,0,1,962.9,318.2
309,10284,2070679,962.7,318.6,923.1,279.0,942.9,298.8,0,1,962.7,318.6
309,10285,2070680,962.6,318.9,923.0,278.1,942.8,298.5,0,1,962.6,318.9
309,10286,2070681,962.9,319.1,923.1,277.1,943.0,298.1,0,1,962.9,319.1
309,10287,2070682,963.1,319.4,923.2,276.2,943.15,297.8,0,1,963.1,319.4
309,10288,2070683,963.4,319.8,923.4,275.5,943.4,297.65,0,1,963.4,319.8
309,10289,2070684,963.7,320.2,923.6,275.3,943.65,297.75,0,1,963.7,320.2
309,10290,2070685,964.0,320.8,923.7,275.1,943.85,297.95,0,1,964.0,320.8
309,10291,2070686,964.4,321.2,923.9,274.7,944.15,297.95,0,1,964.4,321.2
309,10292,2070687,964.8,321.3,923.9,274.4,944.35,297.85,0,1,964.8,321.3
309,10293,2070688,964.9,321.4,923.9,274.1,944.4,297.75,0,1,964.9,321.4
309,10294,2070689,964.9,321.4,924.0,273.8,944.45,297.6,0,1,964.9,321.4
309,10295,2070690,964.8,321.7,924.2,272.9,944.5,297.3,0,1,964.8,321.7
309,10296,2070691,964.7,322.2,924.4,272.1,944.55,297.15,0,1,964.7,322.2
309,10297,2070692,964.7,322.4,924.6,271.4,944.65,296.9,0,1,964.7,322.4
309,10298,2070693,964.7,322.9,924.7,270.9,944.7,296.9,0,1,964.7,322.9
309,10299,2070694,964.5,323.6,924.7,270.4,944.6,297.0,0,1,964.5,323.6
309,10300,2070695,964.3,324.3,924.7,270.0,944.5,297.15,0,1,964.3,324.3
310,10301,2070696,964.2,324.8,924.7,269.3,944.45,297.05,0,1,964.2,324.8
310,10302,2070697,964.3,325.0,924.5,269.1,944.4,297.05,0,1,964.3,325.0
310,10303,2070698,964.5,325.0,924.3,268.8,944.4,296.9,0,1,964.5,325.0
310,10304,2070699,964.8,324.8,924.1,268.4,944.45,296.6,0,1,964.8,324.8
310,10305,2070700,965.1,324.3,923.9,268.0,944.5,296.15,0,1,965.1,324.3
310,10306,2070701,965.4,323.7,923.8,267.6,944.6,295.65,0,1,965.4,323.7
310,10307,2070702,965.8,323.3,923.7,267.2,944.75,295.25,0,1,965.8,323.3
310,10308,2070703,966.0,323.0,923.6,267.2,944.8,295.1,0,1,966.0,323.0
310,10309,2070704,966.1,322.8,923.5,267.1,944.8,294.95,0,1,966.1,322.8
310,10310,2070705,965.9,322.6,923.4,267.1,944.65,294.85,0,1,965.9,322.6
310,10311,2070706,965.7,322.8,923.3,267.0,944.5,294.9,0,1,965.7,322.8
310,10312,2070707,965.5,323.2,923.4,267.0,944.45,295.1,0,1,965.5,323.2
310,10313,2070708,965.5,323.7,923.4,267.0,944.45,295.35,0,1,965.5,323.7
310,10314,2070709,965.6,324.1,923.5,267.0,944.55,295.55,0,1,965.6,324.1
310,10315,2070710,965.7,324.2,923.6,267.1,944.65,295.65,0,1,965.7,324.2
310,10316,2070711,965.9,324.2,923.8,267.2,944.85,295.7,0,1,965.9,324.2
310,10317,2070712,966.2,323.7,924.2,267.4,945.2,295.55,0,1,966.2,323.7
310,10318,2070713,966.5,323.1,924.4,267.6,945.45,295.35,0,1,966.5,323.1
310,10319,2070714,966.9,322.5,924.6,267.7,945.75,295.1,0,1,966.9,322.5
310,10320,2070715,967.0,322.1,924.8,267.9,945.9,295.0,0,1,967.0,322.1
310,10321,2070716,967.1,321.7,925.0,268.0,946.05,294.85,0,1,967.1,321.7
310,10322,2070717,967.2,321.9,925.1,268.0,946.15,294.95,0,1,967.2,321.9
310,10323,2070718,967.2,322.3,925.1,268.0,946.15,295.15,0,1,967.2,322.3
310,10324,2070719,967.2,323.0,925.1,267.5,946.15,295.25,0,1,967.2,323.0
310,10325,2070720,967.2,323.7,925.2,267.0,946.2,295.35,0,1,967.2,323.7
310,10326,2070721,967.0,324.4,925.4,266.6,946.2,295.5,0,1,967.0,324.4
310,10327,2070722,966.7,324.9,925.6,266.1,946.15,295.5,0,1,966.7,324.9
310,10328,2070723,966.5,325.2,925.9,265.6,946.2,295.4,0,1,966.5,325.2
310,10329,2070724,966.4,325.0,926.0,265.4,946.2,295.2,0,1,966.4,325.0
310,10330,2070725,966.3,324.9,926.1,265.8,946.2,295.35,0,1,966.3,324.9
310,10331,2070726,966.3,324.8,926.0,266.7,946.15,295.75,0,1,966.3,324.8
310,10332,2070727,966.3,324.7,925.8,267.6,946.05,296.15,0,1,966.3,324.7
310,10333,2070728,966.4,324.7,924.8,268.6,945.6,296.65,0,1,966.4,324.7
311,10334,2070729,966.6,324.7,923.7,269.5,945.15,297.1,0,1,966.6,324.7
311,10335,2070730,966.7,324.7,922.7,270.4,944.7,297.55,0,1,966.7,324.7
311,10336,2070731,966.8,324.6,921.9,271.0,944.35,297.8,0,1,966.8,324.6
311,10337,2070732,966.9,324.2,921.4,270.8,944.15,297.5,0,1,966.9,324.2
311,10338,2070733,967.1,323.4,920.9,270.4,944.0,296.9,0,1,967.1,323.4
311,10339,2070734,967.2,322.6,920.6,269.9,943.9,296.25,0,1,967.2,322.6
311,10340,2070735,967.3,322.0,921.0,269.3,944.15,295.65,0,1,967.3,322.0
311,10341,2070736,967.8,321.6,921.5,268.7,944.65,295.15,0,1,967.8,321.6
311,10342,2070737,968.3,321.3,921.9,268.1,945.1,294.7,0,1,968.3,321.3
311,10343,2070738,968.8,321.4,922.3,267.6,945.55,294.5,0,1,968.8,321.4
311,10344,2070739,969.2,322.0,922.6,267.6,945.9,294.8,0,1,969.2,322.0
311,10345,2070740,969.6,323.1,922.8,267.6,946.2,295.35,0,1,969.6,323.1
311,10346,2070741,969.9,324.3,923.2,267.7,946.55,296.0,0,1,969.9,324.3
311,10347,2070742,970.2,325.3,923.6,267.9,946.9,296.6,0,1,970.2,325.3
311,10348,2070743,970.2,326.1,923.8,268.2,947.0,297.15,0,1,970.2,326.1
311,10349,2070744,970.1,326.9,924.0,268.5,947.05,297.7,0,1,970.1,326.9
311,10350,2070745,970.0,327.7,924.1,268.8,947.05,298.25,0,1,970.0,327.7
311,10351,2070746,969.9,328.2,924.1,268.8,947.0,298.5,0,1,969.9,328.2
311,10352,2070747,969.8,328.6,924.0,268.8,946.9,298.7,0,1,969.8,328.6
311,10353,2070748,969.7,328.9,923.7,268.6,946.7,298.75,0,1,969.7,328.9
311,10354,2070749,969.7,329.1,923.4,268.4,946.55,298.75,0,1,969.7,329.1
311,10355,2070750,969.6,329.1,923.1,268.0,946.35,298.55,0,1,969.6,329.1
311,10356,2070751,969.5,329.1,923.0,267.6,946.25,298.35,0,1,969.5,329.1
311,10357,2070752,969.5,329.0,923.0,267.2,946.25,298.1,0,1,969.5,329.0
311,10358,2070753,969.5,328.9,923.5,266.9,946.5,297.9,0,1,969.5,328.9
311,10359,2070754,969.4,329.2,924.0,266.5,946.7,297.85,0,1,969.4,329.2
311,10360,2070755,969.5,329.5,924.5,266.2,947.0,297.85,0,1,969.5,329.5
311,10361,2070756,969.6,329.8,924.9,266.2,947.25,298.0,0,1,969.6,329.8
311,10362,2070757,970.0,330.8,925.2,266.6,947.6,298.7,0,1,970.0,330.8
311,10363,2070758,970.3,331.8,925.2,267.4,947.75,299.6,0,1,970.3,331.8
311,10364,2070759,970.8,332.5,924.7,268.3,947.75,300.4,0,1,970.8,332.5
311,10365,2070760,971.3,332.9,923.9,269.2,947.6,301.05,0,1,971.3,332.9
311,10366,2070761,971.9,332.2,923.1,270.2,947.5,301.2,0,1,971.9,332.2
312,10367,2070762,972.4,331.6,922.3,270.9,947.35,301.25,0,1,972.4,331.6
312,10368,2070763,972.8,330.9,921.6,271.5,947.2,301.2,0,1,972.8,330.9
312,10369,2070764,972.9,329.7,921.1,271.6,947.0,300.65,0,1,972.9,329.7
312,10370,2070765,973.0,328.6,920.7,271.1,946.85,299.85,0,1,973.0,328.6
312,10371,2070766,973.1,327.6,920.8,270.6,946.95,299.1,0,1,973.1,327.6
312,10372,2070767,973.1,326.9,921.0,270.2,947.05,298.55,0,1,973.1,326.9
312,10373,2070768,973.1,326.9,921.3,269.9,947.2,298.4,0,1,973.1,326.9
312,10374,2070769,973.1,327.0,921.7,269.9,947.4,298.45,0,1,973.1,327.0
312,10375,2070770,972.8,327.0,922.0,270.1,947.4,298.55,0,1,972.8,327.0
312,10376,2070771,972.4,327.0,922.1,270.4,947.25,298.7,0,1,972.4,327.0
312,10377,2070772,972.1,327.0,922.4,271.0,947.25,299.0,0,1,972.1,327.0
312,10378,2070773,971.8,327.0,922.5,271.9,947.15,299.45,0,1,971.8,327.0
312,10379,2070774,971.6,327.2,922.7,272.8,947.15,300.0,0,1,971.6,327.2
312,10380,2070775,971.4,327.5,922.6,274.4,947.0,300.95,0,1,971.4,327.5
312,10381,2070776,971.1,327.8,922.6,275.9,946.85,301.85,0,1,971.1,327.8
312,10382,2070777,971.4,328.2,922.6,277.3,947.0,302.75,0,1,971.4,328.2
312,10383,2070778,971.7,328.5,922.7,278.5,947.2,303.5,0,1,971.7,328.5
312,10384,2070779,972.0,328.8,922.8,279.7,947.4,304.25,0,1,972.0,328.8
312,10385,2070780,972.2,329.1,922.8,281.2,947.5,305.15,0,1,972.2,329.1
312,10386,2070781,972.2,329.1,922.8,282.7,947.5,305.9,0,1,972.2,329.1
312,10387,2070782,972.3,328.9,922.7,283.5,947.5,306.2,0,1,972.3,328.9
312,10388,2070783,972.3,328.6,922.7,284.2,947.5,306.4,0,1,972.3,328.6
312,10389,2070784,972.3,328.3,922.6,284.9,947.45,306.6,0,1,972.3,328.3
312,10390,2070785,972.3,328.0,922.5,285.1,947.4,306.55,0,1,972.3,328.0
312,10391,2070786,972.3,327.8,922.4,285.2,947.35,306.5,0,1,972.3,327.8
312,10392,2070787,972.3,327.5,922.3,284.5,947.3,306.0,0,1,972.3,327.5
312,10393,2070788,972.4,327.4,922.2,283.9,947.3,305.65,0,1,972.4,327.4
312,10394,2070789,972.4,327.5,922.1,283.3,947.25,305.4,0,1,972.4,327.5
312,10395,2070790,972.5,327.6,922.1,282.8,947.3,305.2,0,1,972.5,327.6
312,10396,2070791,972.6,327.6,922.1,282.9,947.35,305.25,0,1,972.6,327.6
312,10397,2070792,972.6,327.6,922.1,283.6,947.35,305.6,0,1,972.6,327.6
312,10398,2070793,972.8,327.7,922.1,284.2,947.45,305.95,0,1,972.8,327.7
312,10399,2070794,972.9,327.8,922.1,284.8,947.5,306.3,0,1,972.9,327.8
312,10400,2070795,973.0,327.9,922.1,285.2,947.55,306.55,0,1,973.0,327.9
313,10401,2070796,973.2,327.9,922.2,285.5,947.7,306.7,0,1,973.2,327.9
313,10402,2070797,973.6,328.0,922.1,285.7,947.85,306.85,0,1,973.6,328.0
313,10403,2070798,974.0,328.2,922.2,285.4,948.1,306.8,0,1,974.0,328.2
313,10404,2070799,974.4,328.3,922.2,285.1,948.3,306.7,0,1,974.4,328.3
313,10405,2070800,974.8,328.2,922.3,284.8,948.55,306.5,0,1,974.8,328.2
313,10406,2070801,975.1,328.2,922.4,284.8,948.75,306.5,0,1,975.1,328.2
313,10407,2070802,975.5,328.0,922.4,285.0,948.95,306.5,0,1,975.5,328.0
313,10408,2070803,975.9,327.6,922.5,285.3,949.2,306.45,0,1,975.9,327.6
313,10409,2070804,976.0,326.5,922.5,286.2,949.25,306.35,0,1,976.0,326.5
313,10410,2070805,976.1,325.5,922.5,287.1,949.3,306.3,0,1,976.1,325.5
313,10411,2070806,976.2,324.5,922.6,287.9,949.4,306.2,0,1,976.2,324.5
313,10412,2070807,976.1,323.6,922.1,288.7,949.1,306.15,0,1,976.1,323.6
313,10413,2070808,976.1,322.5,921.7,289.3,948.9,305.9,0,1,976.1,322.5
313,10414,2070809,976.0,321.4,921.3,289.9,948.65,305.65,0,1,976.0,321.4
313,10415,2070810,975.8,320.5,921.1,290.5,948.45,305.5,0,1,975.8,320.5
313,10416,2070811,975.6,320.3,921.3,290.5,948.45,305.4,0,1,975.6,320.3
313,10417,2070812,975.3,320.0,921.6,290.6,948.45,305.3,0,1,975.3,320.0
313,10418,2070813,975.0,319.8,921.9,291.0,948.45,305.4,0,1,975.0,319.8
313,10419,2070814,975.0,319.5,922.5,291.6,948.75,305.55,0,1,975.0,319.5
313,10420,2070815,975.0,319.3,923.2,292.0,949.1,305.65,0,1,975.0,319.3
313,10421,2070816,975.1,319.1,923.8,292.1,949.45,305.6,0,1,975.1,319.1
313,10422,2070817,975.2,318.9,924.3,292.2,949.75,305.55,0,1,975.2,318.9
313,10423,2070818,975.4,318.7,924.5,292.3,949.95,305.5,0,1,975.4,318.7
313,10424,2070819,975.7,318.3,924.2,292.4,949.95,305.35,0,1,975.7,318.3
313,10425,2070820,976.0,317.9,924.0,292.4,950.0,305.15,0,1,976.0,317.9
313,10426,2070821,976.2,317.7,923.6,292.3,949.9,305.0,0,1,976.2,317.7
313,10427,2070822,976.1,317.4,923.2,292.4,949.65,304.9,0,1,976.1,317.4
313,10428,2070823,976.0,317.2,922.8,292.8,949.4,305.0,0,1,976.0,317.2
313,10429,2070824,975.8,316.9,922.2,293.4,949.0,305.15,0,1,975.8,316.9
313,10430,2070825,975.6,316.9,921.7,294.0,948.65,305.45,0,1,975.6,316.9
313,10431,2070826,975.4,316.8,921.5,294.6,948.45,305.7,0,1,975.4,316.8
313,10432,2070827,975.2,316.6,921.4,295.1,948.3,305.85,0,1,975.2,316.6
313,10433,2070828,975.0,315.9,921.6,295.7,948.3,305.8,0,1,975.0,315.9
314,10434,2070829,975.1,315.3,921.7,296.3,948.4,305.8,0,1,975.1,315.3
314,10435,2070830,975.2,314.7,921.9,296.8,948.55,305.75,0,1,975.2,314.7
314,10436,2070831,975.8,314.6,922.1,297.2,948.95,305.9,0,1,975.8,314.6
314,10437,2070832,976.4,314.5,922.3,297.7,949.35,306.1,0,1,976.4,314.5
314,10438,2070833,977.0,314.5,922.2,298.0,949.6,306.25,0,1,977.0,314.5
314,10439,2070834,977.6,314.6,922.2,298.2,949.9,306.4,0,1,977.6,314.6
314,10440,2070835,978.1,314.9,921.9,298.4,950.0,306.65,0,1,978.1,314.9
314,10441,2070836,978.5,315.2,921.7,298.4,950.1,306.8,0,1,978.5,315.2
314,10442,2070837,978.3,315.5,921.6,298.4,949.95,306.95,0,1,978.3,315.5
314,10443,2070838,977.6,314.9,921.5,298.3,949.55,306.6,0,1,977.6,314.9
314,10444,2070839,977.0,314.4,921.5,298.1,949.25,306.25,0,1,977.0,314.4
314,10445,2070840,976.3,313.9,921.8,298.0,949.05,305.95,0,1,976.3,313.9
314,10446,2070841,975.9,313.4,922.2,298.0,949.05,305.7,0,1,975.9,313.4
314,10447,2070842,975.5,313.1,922.6,298.1,949.05,305.6,0,1,975.5,313.1
314,10448,2070843,975.3,312.7,922.9,298.4,949.1,305.55,0,1,975.3,312.7
314,10449,2070844,975.7,312.4,923.2,298.8,949.45,305.6,0,1,975.7,312.4
314,10450,2070845,976.2,312.4,923.4,299.2,949.8,305.8,0,1,976.2,312.4
314,10451,2070846,976.7,311.7,923.6,299.6,950.15,305.65,0,1,976.7,311.7
314,10452,2070847,977.3,311.1,923.7,299.8,950.5,305.45,0,1,977.3,311.1
314,10453,2070848,977.8,310.6,923.7,300.3,950.75,305.45,0,1,977.8,310.6
314,10454,2070849,978.1,310.7,923.8,300.9,950.95,305.8,0,1,978.1,310.7
314,10455,2070850,978.3,310.8,923.9,301.4,951.1,306.1,0,1,978.3,310.8
314,10456,2070851,978.5,311.1,924.0,301.6,951.25,306.35,0,1,978.5,311.1
314,10457,2070852,978.5,311.4,924.2,301.9,951.35,306.65,0,1,978.5,311.4
314,10458,2070853,978.4,312.5,924.3,302.1,951.35,307.3,0,1,978.4,312.5
314,10459,2070854,978.2,313.4,924.5,302.4,951.35,307.9,0,1,978.2,313.4
314,10460,2070855,977.9,314.0,924.6,302.5,951.25,308.25,0,1,977.9,314.0
314,10461,2070856,977.5,313.9,924.7,302.4,951.1,308.15,0,1,977.5,313.9
314,10462,2070857,977.2,313.0,924.8,302.3,951.0,307.65,0,1,977.2,313.0
314,10463,2070858,977.0,311.9,924.9,302.1,950.95,307.0,0,1,977.0,311.9
314,10464,2070859,976.8,310.8,925.1,301.8,950.95,306.3,0,1,976.8,310.8
314,10465,2070860,976.6,309.9,925.3,301.7,950.95,305.8,0,1,976.6,309.9
314,10466,2070861,976.5,308.9,925.6,301.7,951.05,305.3,0,1,976.5,308.9
315,10467,2070862,976.7,308.1,925.9,301.7,951.3,304.9,0,1,976.7,308.1
315,10468,2070863,976.9,307.4,926.2,301.8,951.55,304.6,0,1,976.9,307.4
315,10469,2070864,977.0,307.7,926.4,302.1,951.7,304.9,0,1,977.0,307.7
315,10470,2070865,977.1,307.8,926.6,302.6,951.85,305.2,0,1,977.1,307.8
315,10471,2070866,977.1,308.0,926.8,303.1,951.95,305.55,0,1,977.1,308.0
315,10472,2070867,977.1,307.9,927.0,302.8,952.05,305.35,0,1,977.1,307.9
315,10473,2070868,977.0,307.2,927.2,302.3,952.1,304.75,0,1,977.0,307.2
315,10474,2070869,976.9,306.5,927.3,301.9,952.1,304.2,0,1,976.9,306.5
315,10475,2070870,976.4,305.7,927.4,301.6,951.9,303.65,0,1,976.4,305.7
315,10476,2070871,975.9,304.8,927.5,301.6,951.7,303.2,0,1,975.9,304.8
315,10477,2070872,975.3,303.8,927.5,301.7,951.4,302.75,0,1,975.3,303.8
315,10478,2070873,974.9,302.7,927.4,301.8,951.15,302.25,0,1,974.9,302.7
315,10479,2070874,974.3,301.6,927.2,302.6,950.75,302.1,0,1,974.3,301.6
315,10480,2070875,973.7,301.2,927.1,303.5,950.4,302.35,0,1,973.7,301.2
315,10481,2070876,973.0,300.8,927.0,304.3,950.0,302.55,0,1,973.0,300.8
315,10482,2070877,972.8,300.4,926.9,305.0,949.85,302.7,0,1,972.8,300.4
315,10483,2070878,972.4,300.1,926.8,305.2,949.6,302.65,0,1,972.4,300.1
315,10484,2070879,972.1,300.0,926.8,305.3,949.45,302.65,0,1,972.1,300.0
315,10485,2070880,971.8,300.0,926.8,305.5,949.3,302.75,0,1,971.8,300.0
315,10486,2070881,971.5,300.0,926.8,305.6,949.15,302.8,0,1,971.5,300.0
315,10487,2070882,971.3,300.0,926.6,305.7,948.95,302.85,0,1,971.3,300.0
315,10488,2070883,971.0,300.0,926.4,305.6,948.7,302.8,0,1,971.0,300.0
315,10489,2070884,970.9,300.1,926.0,305.5,948.45,302.8,0,1,970.9,300.1
315,10490,2070885,970.9,300.1,925.5,305.4,948.2,302.75,0,1,970.9,300.1
315,10491,2070886,970.9,299.9,925.2,304.2,948.05,302.05,0,1,970.9,299.9
315,10492,2070887,971.0,299.9,925.0,302.9,948.0,301.4,0,1,971.0,299.9
315,10493,2070888,971.6,299.9,925.0,301.7,948.3,300.8,0,1,971.6,299.9
315,10494,2070889,972.2,299.9,925.1,300.1,948.65,300.0,0,1,972.2,299.9
315,10495,2070890,972.7,299.8,925.6,298.5,949.15,299.15,0,1,972.7,299.8
315,10496,2070891,973.2,299.7,926.2,297.0,949.7,298.35,0,1,973.2,299.7
315,10497,2070892,973.4,299.7,926.8,295.8,950.1,297.75,0,1,973.4,299.7
315,10498,2070893,973.7,299.6,927.3,296.1,950.5,297.85,0,1,973.7,299.6
315,10499,2070894,973.9,299.5,927.5,297.1,950.7,298.3,0,1,973.9,299.5
315,10500,2070895,973.7,299.2,927.6,298.1,950.65,298.65,0,1,973.7,299.2
316,10501,2070896,973.5,299.1,927.7,299.3,950.6,299.2,0,1,973.5,299.1
316,10502,2070897,973.4,299.0,927.6,300.1,950.5,299.55,0,1,973.4,299.0
316,10503,2070898,973.3,298.7,927.5,300.7,950.4,299.7,0,1,973.3,298.7
316,10504,2070899,973.2,297.9,927.5,301.2,950.35,299.55,0,1,973.2,297.9
316,10505,2070900,973.0,297.2,927.4,301.2,950.2,299.2,0,1,973.0,297.2
316,10506,2070901,972.6,296.5,927.5,300.6,950.05,298.55,0,1,972.6,296.5
316,10507,2070902,972.3,295.9,927.6,300.1,949.95,298.0,0,1,972.3,295.9
316,10508,2070903,972.0,295.4,927.6,300.0,949.8,297.7,0,1,972.0,295.4
316,10509,2070904,971.6,294.9,927.5,300.6,949.55,297.75,0,1,971.6,294.9
316,10510,2070905,971.2,294.5,927.3,301.1,949.25,297.8,0,1,971.2,294.5
316,10511,2070906,970.9,294.7,927.0,301.7,948.95,298.2,0,1,970.9,294.7
316,10512,2070907,970.8,294.8,926.5,302.2,948.65,298.5,0,1,970.8,294.8
316,10513,2070908,970.8,294.8,925.9,302.6,948.35,298.7,0,1,970.8,294.8
316,10514,2070909,971.0,294.8,925.6,302.8,948.3,298.8,0,1,971.0,294.8
316,10515,2070910,971.2,294.8,925.3,302.7,948.25,298.75,0,1,971.2,294.8
316,10516,2070911,971.5,294.8,925.2,302.3,948.35,298.55,0,1,971.5,294.8
316,10517,2070912,971.8,294.8,925.2,301.9,948.5,298.35,0,1,971.8,294.8
316,10518,2070913,972.0,294.8,925.3,301.4,948.65,298.1,0,1,972.0,294.8
316,10519,2070914,972.2,294.6,925.8,300.9,949.0,297.75,0,1,972.2,294.6
316,10520,2070915,972.3,294.4,926.1,300.5,949.2,297.45,0,1,972.3,294.4
316,10521,2070916,972.3,294.2,926.4,300.2,949.35,297.2,0,1,972.3,294.2
316,10522,2070917,972.2,293.9,926.5,300.0,949.35,296.95,0,1,972.2,293.9
316,10523,2070918,972.2,293.7,926.4,299.8,949.3,296.75,0,1,972.2,293.7
316,10524,2070919,972.2,292.7,926.3,299.7,949.25,296.2,0,1,972.2,292.7
316,10525,2070920,972.5,292.0,926.2,299.6,949.35,295.8,0,1,972.5,292.0
316,10526,2070921,972.8,291.4,926.1,299.6,949.45,295.5,0,1,972.8,291.4
316,10527,2070922,973.2,290.8,925.9,299.6,949.55,295.2,0,1,973.2,290.8
316,10528,2070923,973.6,290.3,925.7,299.5,949.65,294.9,0,1,973.6,290.3
316,10529,2070924,973.9,289.8,925.5,299.3,949.7,294.55,0,1,973.9,289.8
316,10530,2070925,974.2,289.5,925.7,299.1,949.95,294.3,0,1,974.2,289.5
316,10531,2070926,974.5,290.1,925.8,298.8,950.15,294.45,0,1,974.5,290.1
316,10532,2070927,974.4,291.5,926.0,298.4,950.2,294.95,0,1,974.4,291.5
316,10533,2070928,974.3,292.8,926.1,298.0,950.2,295.4,0,1,974.3,292.8
317,10534,2070929,974.2,294.2,926.2,297.7,950.2,295.95,0,1,974.2,294.2
317,10535,2070930,974.0,295.5,926.4,297.1,950.2,296.3,0,1,974.0,295.5
317,10536,2070931,973.8,296.9,926.4,296.7,950.1,296.8,0,1,973.8,296.9
317,10537,2070932,973.6,297.9,926.0,296.2,949.8,297.05,0,1,973.6,297.9
317,10538,2070933,973.5,298.5,925.5,295.8,949.5,297.15,0,1,973.5,298.5
317,10539,2070934,973.3,297.7,925.0,295.3,949.15,296.5,0,1,973.3,297.7
317,10540,2070935,973.2,296.9,924.4,294.9,948.8,295.9,0,1,973.2,296.9
317,10541,2070936,973.6,296.1,923.9,294.6,948.75,295.35,0,1,973.6,296.1
317,10542,2070937,974.0,295.3,923.4,294.4,948.7,294.85,0,1,974.0,295.3
317,10543,2070938,974.6,294.4,923.0,294.1,948.8,294.25,0,1,974.6,294.4
317,10544,2070939,975.2,293.6,922.9,293.7,949.05,293.65,0,1,975.2,293.6
317,10545,2070940,975.8,293.0,922.7,293.4,949.25,293.2,0,1,975.8,293.0
317,10546,2070941,976.3,292.9,922.5,292.9,949.4,292.9,0,1,976.3,292.9
317,10547,2070942,976.8,292.9,922.6,292.5,949.7,292.7,0,1,976.8,292.9
317,10548,2070943,976.8,292.9,922.7,291.4,949.75,292.15,0,1,976.8,292.9
317,10549,2070944,976.5,292.7,922.8,290.3,949.65,291.5,0,1,976.5,292.7
317,10550,2070945,976.0,292.4,922.8,289.3,949.4,290.85,0,1,976.0,292.4
317,10551,2070946,975.6,292.2,922.8,288.2,949.2,290.2,0,1,975.6,292.2
317,10552,2070947,975.3,291.9,922.7,287.1,949.0,289.5,0,1,975.3,291.9
317,10553,2070948,975.0,291.4,922.5,286.1,948.75,288.75,0,1,975.0,291.4
317,10554,2070949,975.0,290.8,922.2,285.0,948.6,287.9,0,1,975.0,290.8
317,10555,2070950,975.0,290.3,921.9,284.2,948.45,287.25,0,1,975.0,290.3
317,10556,2070951,975.3,289.8,920.9,283.5,948.1,286.65,0,1,975.3,289.8
317,10557,2070952,976.2,289.7,919.9,282.9,948.05,286.3,0,1,976.2,289.7
317,10558,2070953,977.0,289.6,918.9,282.4,947.95,286.0,0,1,977.0,289.6
317,10559,2070954,977.7,289.9,918.0,282.4,947.85,286.15,0,1,977.7,289.9
317,10560,2070955,978.2,290.3,917.3,282.6,947.75,286.45,0,1,978.2,290.3
317,10561,2070956,978.5,290.7,916.5,282.9,947.5,286.8,0,1,978.5,290.7
317,10562,2070957,978.7,291.1,915.7,283.7,947.2,287.4,0,1,978.7,291.1
317,10563,2070958,978.9,291.4,915.6,284.4,947.25,287.9,0,1,978.9,291.4
317,10564,2070959,978.5,291.7,915.4,285.0,946.95,288.35,0,1,978.5,291.7
317,10565,2070960,978.0,291.9,915.3,285.3,946.65,288.6,0,1,978.0,291.9
317,10566,2070961,977.6,291.8,915.1,285.2,946.35,288.5,0,1,977.6,291.8
318,10567,2070962,977.3,291.8,915.2,285.1,946.25,288.45,0,1,977.3,291.8
318,10568,2070963,977.1,291.8,915.4,284.8,946.25,288.3,0,1,977.1,291.8
318,10569,2070964,976.9,291.9,915.6,284.5,946.25,288.2,0,1,976.9,291.9
318,10570,2070965,976.7,292.0,915.9,284.3,946.3,288.15,0,1,976.7,292.0
318,10571,2070966,976.6,291.3,916.2,284.2,946.4,287.75,0,1,976.6,291.3
318,10572,2070967,976.6,290.7,916.7,284.1,946.65,287.4,0,1,976.6,290.7
318,10573,2070968,976.6,290.2,917.2,284.0,946.9,287.1,0,1,976.6,290.2
318,10574,2070969,976.6,289.6,917.3,283.5,946.95,286.55,0,1,976.6,289.6
318,10575,2070970,976.5,289.2,917.3,283.0,946.9,286.1,0,1,976.5,289.2
318,10576,2070971,976.6,288.9,917.2,282.4,946.9,285.65,0,1,976.6,288.9
318,10577,2070972,976.7,288.8,917.1,281.8,946.9,285.3,0,1,976.7,288.8
318,10578,2070973,976.7,289.4,917.1,281.0,946.9,285.2,0,1,976.7,289.4
318,10579,2070974,976.7,290.0,917.1,280.3,946.9,285.15,0,1,976.7,290.0
318,10580,2070975,976.7,290.6,917.2,279.9,946.95,285.25,0,1,976.7,290.6
318,10581,2070976,976.7,291.2,917.4,279.7,947.05,285.45,0,1,976.7,291.2
318,10582,2070977,976.3,291.9,917.8,279.4,947.05,285.65,0,1,976.3,291.9
318,10583,2070978,975.9,292.6,918.3,278.9,947.1,285.75,0,1,975.9,292.6
318,10584,2070979,975.5,293.1,918.8,278.6,947.15,285.85,0,1,975.5,293.1
318,10585,2070980,975.2,293.6,919.2,278.3,947.2,285.95,0,1,975.2,293.6
318,10586,2070981,975.0,294.0,919.4,278.0,947.2,286.0,0,1,975.0,294.0
318,10587,2070982,974.9,294.2,919.7,277.7,947.3,285.95,0,1,974.9,294.2
318,10588,2070983,974.7,294.5,920.0,277.7,947.35,286.1,0,1,974.7,294.5
318,10589,2070984,974.8,294.7,920.4,277.8,947.6,286.25,0,1,974.8,294.7
318,10590,2070985,974.7,295.0,920.6,278.4,947.65,286.7,0,1,974.7,295.0
318,10591,2070986,974.6,295.3,920.8,279.0,947.7,287.15,0,1,974.6,295.3
318,10592,2070987,974.4,295.6,921.0,279.7,947.7,287.65,0,1,974.4,295.6
318,10593,2070988,974.0,296.0,921.3,280.3,947.65,288.15,0,1,974.0,296.0
318,10594,2070989,973.6,296.4,921.5,280.9,947.55,288.65,0,1,973.6,296.4
318,10595,2070990,972.9,296.5,921.7,281.2,947.3,288.85,0,1,972.9,296.5
318,10596,2070991,972.2,296.5,922.0,281.5,947.1,289.0,0,1,972.2,296.5
318,10597,2070992,971.6,296.4,922.6,281.4,947.1,288.9,0,1,971.6,296.4
318,10598,2070993,971.0,296.3,923.3,281.1,947.15,288.7,0,1,971.0,296.3
318,10599,2070994,970.2,296.2,924.1,280.2,947.15,288.2,0,1,970.2,296.2
318,10600,2070995,969.5,296.1,924.9,279.3,947.2,287.7,0,1,969.5,296.1
319,10601,2070996,968.8,296.1,925.7,278.6,947.25,287.35,0,1,968.8,296.1
319,10602,2070997,968.4,296.1,926.5,277.9,947.45,287.0,0,1,968.4,296.1
319,10603,2070998,968.0,296.3,927.2,277.2,947.6,286.75,0,1,968.0,296.3
319,10604,2070999,967.8,296.4,927.8,276.9,947.8,286.65,0,1,967.8,296.4
319,10605,2071000,967.6,296.5,928.2,276.8,947.9,286.65,0,1,967.6,296.5
319,10606,2071001,967.6,296.1,928.6,277.5,948.1,286.8,0,1,967.6,296.1
319,10607,2071002,967.6,295.6,928.9,278.0,948.25,286.8,0,1,967.6,295.6
319,10608,2071003,967.6,295.1,929.3,278.5,948.45,286.8,0,1,967.6,295.1
319,10609,2071004,967.7,294.6,930.1,278.9,948.9,286.75,0,1,967.7,294.6
319,10610,2071005,967.7,293.8,930.8,279.8,949.25,286.8,0,1,967.7,293.8
319,10611,2071006,967.4,293.1,931.4,280.4,949.4,286.75,0,1,967.4,293.1
319,10612,2071007,966.9,292.2,931.9,281.1,949.4,286.65,0,1,966.9,292.2
319,10613,2071008,966.3,292.0,932.5,281.6,949.4,286.8,0,1,966.3,292.0
319,10614,2071009,965.5,291.8,932.9,282.0,949.2,286.9,0,1,965.5,291.8
319,10615,2071010,964.5,291.5,933.2,282.5,948.85,287.0,0,1,964.5,291.5
319,10616,2071011,963.5,291.2,933.0,283.0,948.25,287.1,0,1,963.5,291.2
319,10617,2071012,962.2,291.0,932.8,283.0,947.5,287.0,0,1,962.2,291.0
319,10618,2071013,961.3,290.3,932.5,283.0,946.9,286.65,0,1,961.3,290.3
319,10619,2071014,960.7,289.7,932.2,283.4,946.45,286.55,0,1,960.7,289.7
319,10620,2071015,960.2,289.0,932.0,283.8,946.1,286.4,0,1,960.2,289.0
319,10621,2071016,959.9,288.3,931.8,284.0,945.85,286.15,0,1,959.9,288.3
319,10622,2071017,959.8,287.8,931.7,284.2,945.75,286.0,0,1,959.8,287.8
319,10623,2071018,959.8,287.3,931.6,284.4,945.7,285.85,0,1,959.8,287.3
319,10624,2071019,960.1,286.8,931.5,284.5,945.8,285.65,0,1,960.1,286.8
319,10625,2071020,960.3,286.8,931.3,284.5,945.8,285.65,0,1,960.3,286.8
319,10626,2071021,960.4,286.8,931.1,284.2,945.75,285.5,0,1,960.4,286.8
319,10627,2071022,960.4,286.8,930.9,284.0,945.65,285.4,0,1,960.4,286.8
319,10628,2071023,960.3,286.9,930.7,284.0,945.5,285.45,0,1,960.3,286.9
319,10629,2071024,960.2,286.8,930.3,284.2,945.25,285.5,0,1,960.2,286.8
319,10630,2071025,960.1,286.5,929.8,284.4,944.95,285.45,0,1,960.1,286.5
319,10631,2071026,960.0,286.2,929.2,284.6,944.6,285.4,0,1,960.0,286.2
319,10632,2071027,960.0,285.2,928.7,284.7,944.35,284.95,0,1,960.0,285.2
319,10633,2071028,960.0,284.2,928.2,284.9,944.1,284.55,0,1,960.0,284.2
320,10634,2071029,960.1,283.3,927.8,284.9,943.95,284.1,0,1,960.1,283.3
320,10635,2071030,960.2,282.6,927.5,284.9,943.85,283.75,0,1,960.2,282.6
320,10636,2071031,960.3,281.9,927.2,284.8,943.75,283.35,0,1,960.3,281.9
320,10637,2071032,960.5,281.6,927.1,284.9,943.8,283.25,0,1,960.5,281.6
320,10638,2071033,960.9,281.2,927.2,285.1,944.05,283.15,0,1,960.9,281.2
320,10639,2071034,961.2,281.5,927.2,285.3,944.2,283.4,0,1,961.2,281.5
320,10640,2071035,961.6,281.9,927.2,285.5,944.4,283.7,0,1,961.6,281.9
320,10641,2071036,962.1,282.1,927.1,285.9,944.6,284.0,0,1,962.1,282.1
320,10642,2071037,962.7,282.4,926.9,286.3,944.8,284.35,0,1,962.7,282.4
320,10643,2071038,963.2,282.7,926.7,286.8,944.95,284.75,0,1,963.2,282.7
320,10644,2071039,963.7,283.0,926.4,287.2,945.05,285.1,0,1,963.7,283.0
320,10645,2071040,964.0,283.3,926.2,287.4,945.1,285.35,0,1,964.0,283.3
320,10646,2071041,964.3,283.6,926.0,287.6,945.15,285.6,0,1,964.3,283.6
320,10647,2071042,964.4,283.7,925.7,287.8,945.05,285.75,0,1,964.4,283.7
320,10648,2071043,964.3,283.6,925.5,287.7,944.9,285.65,0,1,964.3,283.6
320,10649,2071044,964.1,283.3,925.2,287.5,944.65,285.4,0,1,964.1,283.3
320,10650,2071045,963.8,282.9,924.9,287.3,944.35,285.1,0,1,963.8,282.9
320,10651,2071046,963.5,282.5,924.6,287.1,944.05,284.8,0,1,963.5,282.5
320,10652,2071047,963.2,282.1,924.2,286.9,943.7,284.5,0,1,963.2,282.1
320,10653,2071048,962.8,281.8,923.4,286.7,943.1,284.25,0,1,962.8,281.8
320,10654,2071049,962.5,281.2,922.6,286.6,942.55,283.9,0,1,962.5,281.2
320,10655,2071050,962.6,280.9,921.7,286.9,942.15,283.9,0,1,962.6,280.9
320,10656,2071051,962.7,280.7,920.8,287.3,941.75,284.0,0,1,962.7,280.7
320,10657,2071052,962.9,280.4,920.1,287.7,941.5,284.05,0,1,962.9,280.4
320,10658,2071053,963.1,280.1,919.6,288.0,941.35,284.05,0,1,963.1,280.1
320,10659,2071054,963.4,279.9,919.5,288.5,941.45,284.2,0,1,963.4,279.9
320,10660,2071055,963.8,279.8,919.9,289.2,941.85,284.5,0,1,963.8,279.8
320,10661,2071056,964.3,280.0,920.2,289.6,942.25,284.8,0,1,964.3,280.0
320,10662,2071057,964.6,280.2,920.5,289.8,942.55,285.0,0,1,964.6,280.2
320,10663,2071058,964.8,280.3,920.6,289.0,942.7,284.65,0,1,964.8,280.3
320,10664,2071059,965.1,280.2,920.4,288.1,942.75,284.15,0,1,965.1,280.2
320,10665,2071060,965.3,280.1,920.3,287.1,942.8,283.6,0,1,965.3,280.1
320,10666,2071061,965.7,279.9,919.7,286.1,942.7,283.0,0,1,965.7,279.9
321,10667,2071062,965.9,279.7,919.3,284.7,942.6,282.2,0,1,965.9,279.7
321,10668,2071063,966.0,279.6,918.9,283.8,942.45,281.7,0,1,966.0,279.6
321,10669,2071064,966.1,279.7,918.6,283.4,942.35,281.55,0,1,966.1,279.7
321,10670,2071065,966.3,280.0,918.6,284.1,942.45,282.05,0,1,966.3,280.0
321,10671,2071066,966.6,280.4,918.7,284.9,942.65,282.65,0,1,966.6,280.4
321,10672,2071067,966.9,280.9,919.0,285.9,942.95,283.4,0,1,966.9,280.9
321,10673,2071068,967.1,281.4,919.3,286.9,943.2,284.15,0,1,967.1,281.4
321,10674,2071069,967.3,281.9,919.7,288.2,943.5,285.05,0,1,967.3,281.9
321,10675,2071070,966.9,282.3,920.1,289.3,943.5,285.8,0,1,966.9,282.3
321,10676,2071071,966.5,282.5,920.6,290.0,943.55,286.25,0,1,966.5,282.5
321,10677,2071072,966.1,282.6,921.1,290.6,943.6,286.6,0,1,966.1,282.6
321,10678,2071073,965.6,282.7,921.8,291.1,943.7,286.9,0,1,965.6,282.7
321,10679,2071074,965.1,282.7,922.4,291.5,943.75,287.1,0,1,965.1,282.7
321,10680,2071075,964.6,282.6,923.0,292.0,943.8,287.3,0,1,964.6,282.6
321,10681,2071076,964.1,282.5,923.5,292.3,943.8,287.4,0,1,964.1,282.5
321,10682,2071077,964.2,282.5,924.1,292.5,944.15,287.5,0,1,964.2,282.5
321,10683,2071078,964.3,282.8,924.6,292.8,944.45,287.8,0,1,964.3,282.8
321,10684,2071079,964.6,283.1,925.4,293.2,945.0,288.15,0,1,964.6,283.1
321,10685,2071080,964.9,283.2,926.1,293.6,945.5,288.4,0,1,964.9,283.2
321,10686,2071081,965.3,283.3,926.9,293.9,946.1,288.6,0,1,965.3,283.3
321,10687,2071082,965.7,282.7,927.7,294.1,946.7,288.4,0,1,965.7,282.7
321,10688,2071083,966.0,282.1,928.5,294.0,947.25,288.05,0,1,966.0,282.1
321,10689,2071084,966.3,281.2,929.3,294.0,947.8,287.6,0,1,966.3,281.2
321,10690,2071085,966.5,280.0,930.2,293.9,948.35,286.95,0,1,966.5,280.0
321,10691,2071086,966.4,278.7,930.6,293.8,948.5,286.25,0,1,966.4,278.7
321,10692,2071087,966.1,277.7,931.0,293.6,948.55,285.65,0,1,966.1,277.7
321,10693,2071088,965.9,277.0,931.2,293.6,948.55,285.3,0,1,965.9,277.0
321,10694,2071089,965.6,276.8,931.0,293.6,948.3,285.2,0,1,965.6,276.8
321,10695,2071090,965.3,276.8,930.6,293.5,947.95,285.15,0,1,965.3,276.8
321,10696,2071091,965.0,277.0,930.2,293.1,947.6,285.05,0,1,965.0,277.0
321,10697,2071092,964.9,277.2,929.8,292.7,947.35,284.95,0,1,964.9,277.2
321,10698,2071093,964.8,277.7,929.6,292.3,947.2,285.0,0,1,964.8,277.7
321,10699,2071094,964.8,278.1,929.5,291.9,947.15,285.0,0,1,964.8,278.1
321,10700,2071095,965.0,278.2,929.2,292.2,947.1,285.2,0,1,965.0,278.2
322,10701,2071096,965.1,278.3,929.2,292.5,947.15,285.4,0,1,965.1,278.3
322,10702,2071097,965.2,277.9,929.2,292.9,947.2,285.4,0,1,965.2,277.9
322,10703,2071098,965.3,277.6,929.2,293.7,947.25,285.65,0,1,965.3,277.6
322,10704,2071099,965.4,277.0,929.1,294.5,947.25,285.75,0,1,965.4,277.0
322,10705,2071100,965.6,276.6,928.9,295.2,947.25,285.9,0,1,965.6,276.6
322,10706,2071101,965.6,276.3,928.7,295.5,947.15,285.9,0,1,965.6,276.3
322,10707,2071102,965.6,276.1,928.6,294.9,947.1,285.5,0,1,965.6,276.1
322,10708,2071103,965.6,276.0,928.6,294.4,947.1,285.2,0,1,965.6,276.0
322,10709,2071104,965.6,276.3,928.6,293.9,947.1,285.1,0,1,965.6,276.3
322,10710,2071105,965.5,276.7,928.6,293.4,947.05,285.05,0,1,965.5,276.7
322,10711,2071106,965.3,277.2,928.5,292.9,946.9,285.05,0,1,965.3,277.2
322,10712,2071107,965.2,277.6,928.4,292.5,946.8,285.05,0,1,965.2,277.6
322,10713,2071108,965.0,277.8,928.0,292.7,946.5,285.25,0,1,965.0,277.8
322,10714,2071109,964.5,277.9,927.7,292.8,946.1,285.35,0,1,964.5,277.9
322,10715,2071110,964.0,278.1,927.3,292.9,945.65,285.5,0,1,964.0,278.1
322,10716,2071111,963.4,277.7,927.0,293.0,945.2,285.35,0,1,963.4,277.7
322,10717,2071112,962.9,277.3,926.7,293.0,944.8,285.15,0,1,962.9,277.3
322,10718,2071113,962.5,276.9,926.5,293.2,944.5,285.05,0,1,962.5,276.9
322,10719,2071114,962.1,276.6,926.5,293.1,944.3,284.85,0,1,962.1,276.6
322,10720,2071115,961.6,276.4,926.7,293.1,944.15,284.75,0,1,961.6,276.4
322,10721,2071116,961.5,276.1,927.0,292.8,944.25,284.45,0,1,961.5,276.1
322,10722,2071117,961.4,275.7,927.2,292.6,944.3,284.15,0,1,961.4,275.7
322,10723,2071118,961.2,275.7,927.3,292.3,944.25,284.0,0,1,961.2,275.7
322,10724,2071119,961.0,275.6,927.4,292.0,944.2,283.8,0,1,961.0,275.6
322,10725,2071120,960.9,275.5,927.6,291.4,944.25,283.45,0,1,960.9,275.5
322,10726,2071121,960.7,275.3,927.6,290.9,944.15,283.1,0,1,960.7,275.3
322,10727,2071122,960.6,275.0,927.8,290.5,944.2,282.75,0,1,960.6,275.0
322,10728,2071123,960.5,274.8,928.0,290.3,944.25,282.55,0,1,960.5,274.8
322,10729,2071124,960.2,274.8,928.2,289.9,944.2,282.35,0,1,960.2,274.8
322,10730,2071125,959.8,274.9,928.4,289.4,944.1,282.15,0,1,959.8,274.9
322,10731,2071126,959.3,274.9,928.7,289.0,944.0,281.95,0,1,959.3,274.9
322,10732,2071127,958.7,274.9,928.8,288.8,943.75,281.85,0,1,958.7,274.9
322,10733,2071128,958.0,274.9,928.7,288.7,943.35,281.8,0,1,958.0,274.9
323,10734,2071129,957.4,274.8,928.6,288.5,943.0,281.65,0,1,957.4,274.8
323,10735,2071130,956.9,274.7,928.4,288.2,942.65,281.45,0,1,956.9,274.7
323,10736,2071131,956.5,274.6,928.2,288.1,942.35,281.35,0,1,956.5,274.6
323,10737,2071132,956.3,273.7,928.0,288.0,942.15,280.85,0,1,956.3,273.7
323,10738,2071133,956.2,272.8,927.9,287.8,942.05,280.3,0,1,956.2,272.8
323,10739,2071134,956.3,272.0,927.9,287.7,942.1,279.85,0,1,956.3,272.0
323,10740,2071135,956.3,271.7,928.4,287.7,942.35,279.7,0,1,956.3,271.7
323,10741,2071136,956.2,271.5,928.8,288.3,942.5,279.9,0,1,956.2,271.5
323,10742,2071137,956.0,271.6,929.1,288.9,942.55,280.25,0,1,956.0,271.6
323,10743,2071138,955.9,271.6,929.5,289.5,942.7,280.55,0,1,955.9,271.6
323,10744,2071139,955.6,272.6,929.9,289.7,942.75,281.15,0,1,955.6,272.6
323,10745,2071140,955.4,273.4,930.1,289.8,942.75,281.6,0,1,955.4,273.4
323,10746,2071141,955.2,274.1,930.3,289.7,942.75,281.9,0,1,955.2,274.1
323,10747,2071142,954.9,274.5,930.2,289.3,942.55,281.9,0,1,954.9,274.5
323,10748,2071143,954.5,274.7,930.0,288.5,942.25,281.6,0,1,954.5,274.7
323,10749,2071144,954.2,274.9,929.8,287.7,942.0,281.3,0,1,954.2,274.9
323,10750,2071145,953.5,275.3,929.6,286.9,941.55,281.1,0,1,953.5,275.3
323,10751,2071146,952.8,276.6,929.4,286.8,941.1,281.7,0,1,952.8,276.6
323,10752,2071147,952.1,277.9,929.2,286.7,940.65,282.3,0,1,952.1,277.9
323,10753,2071148,951.6,279.0,929.0,286.9,940.3,282.95,0,1,951.6,279.0
323,10754,2071149,951.1,279.9,928.9,287.0,940.0,283.45,0,1,951.1,279.9
323,10755,2071150,950.9,279.9,928.9,287.2,939.9,283.55,0,1,950.9,279.9
323,10756,2071151,950.6,279.8,928.9,287.3,939.75,283.55,0,1,950.6,279.8
323,10757,2071152,950.7,279.4,929.1,287.6,939.9,283.5,0,1,950.7,279.4
323,10758,2071153,950.7,278.5,929.5,287.9,940.1,283.2,0,1,950.7,278.5
323,10759,2071154,950.8,277.7,929.9,288.0,940.35,282.85,0,1,950.8,277.7
323,10760,2071155,950.6,277.1,930.3,288.2,940.45,282.65,0,1,950.6,277.1
323,10761,2071156,950.4,276.6,930.8,288.4,940.6,282.5,0,1,950.4,276.6
323,10762,2071157,949.9,277.1,931.2,288.6,940.55,282.85,0,1,949.9,277.1
323,10763,2071158,949.4,277.5,931.6,288.8,940.5,283.15,0,1,949.4,277.5
323,10764,2071159,948.9,278.1,932.0,288.9,940.45,283.5,0,1,948.9,278.1
323,10765,2071160,948.5,278.4,932.0,289.0,940.25,283.7,0,1,948.5,278.4
323,10766,2071161,948.4,278.8,932.1,289.1,940.25,283.95,0,1,948.4,278.8
324,10767,2071162,948.3,279.4,932.1,289.1,940.2,284.25,0,1,948.3,279.4
324,10768,2071163,948.2,279.8,932.1,288.9,940.15,284.35,0,1,948.2,279.8
324,10769,2071164,948.4,280.1,932.0,288.8,940.2,284.45,0,1,948.4,280.1
324,10770,2071165,948.5,280.0,932.0,288.7,940.25,284.35,0,1,948.5,280.0
324,10771,2071166,948.6,279.8,932.0,288.5,940.3,284.15,0,1,948.6,279.8
324,10772,2071167,948.7,279.3,932.0,288.4,940.35,283.85,0,1,948.7,279.3
324,10773,2071168,948.5,278.8,932.0,288.2,940.25,283.5,0,1,948.5,278.8
324,10774,2071169,948.3,278.2,932.0,288.2,940.15,283.2,0,1,948.3,278.2
324,10775,2071170,948.0,277.8,932.0,288.3,940.0,283.05,0,1,948.0,277.8
324,10776,2071171,947.9,277.6,932.1,288.3,940.0,282.95,0,1,947.9,277.6
324,10777,2071172,947.8,277.8,932.2,287.9,940.0,282.85,0,1,947.8,277.8
324,10778,2071173,947.7,278.0,932.3,287.6,940.0,282.8,0,1,947.7,278.0
324,10779,2071174,947.6,278.3,932.4,287.2,940.0,282.75,0,1,947.6,278.3
324,10780,2071175,947.5,278.6,932.5,286.7,940.0,282.65,0,1,947.5,278.6
324,10781,2071176,947.3,279.0,932.5,286.2,939.9,282.6,0,1,947.3,279.0
324,10782,2071177,947.2,279.3,932.6,285.8,939.9,282.55,0,1,947.2,279.3
324,10783,2071178,947.2,279.4,932.6,285.4,939.9,282.4,0,1,947.2,279.4
324,10784,2071179,947.1,279.6,932.6,285.2,939.85,282.4,0,1,947.1,279.6
324,10785,2071180,947.0,280.1,932.6,285.1,939.8,282.6,0,1,947.0,280.1
324,10786,2071181,946.9,281.2,932.5,285.0,939.7,283.1,0,1,946.9,281.2
324,10787,2071182,946.9,282.3,932.5,285.0,939.7,283.65,0,1,946.9,282.3
324,10788,2071183,946.9,283.5,932.6,285.1,939.75,284.3,0,1,946.9,283.5
324,10789,2071184,946.9,284.7,933.0,285.3,939.95,285.0,0,1,946.9,284.7
324,10790,2071185,946.9,286.1,933.5,285.6,940.2,285.85,0,1,946.9,286.1
324,10791,2071186,946.9,287.2,934.0,285.0,940.45,286.1,0,1,946.9,287.2
324,10792,2071187,946.9,288.2,934.4,284.4,940.65,286.3,0,1,946.9,288.2
324,10793,2071188,947.0,288.6,934.9,283.8,940.95,286.2,0,1,947.0,288.6
324,10794,2071189,947.0,289.0,935.2,283.2,941.1,286.1,0,1,947.0,289.0
324,10795,2071190,947.1,289.3,935.3,282.5,941.2,285.9,0,1,947.1,289.3
324,10796,2071191,947.2,289.5,935.1,281.8,941.15,285.65,0,1,947.2,289.5
324,10797,2071192,947.3,289.7,934.8,281.0,941.05,285.35,0,1,947.3,289.7
324,10798,2071193,947.4,290.2,934.5,280.8,940.95,285.5,0,1,947.4,290.2
324,10799,2071194,947.5,290.8,934.2,280.6,940.85,285.7,0,1,947.5,290.8
324,10800,2071195,947.4,291.5,934.0,280.3,940.7,285.9,0,1,947.4,291.5
325,10801,2071196,947.3,292.2,933.8,280.0,940.55,286.1,0,1,947.3,292.2
325,10802,2071197,947.2,292.9,933.7,279.7,940.45,286.3,0,1,947.2,292.9
325,10803,2071198,947.1,293.5,933.5,279.4,940.3,286.45,0,1,947.1,293.5
325,10804,2071199,947.0,293.8,933.3,279.4,940.15,286.6,0,1,947.0,293.8
325,10805,2071200,946.9,293.9,933.1,279.7,940.0,286.8,0,1,946.9,293.9
325,10806,2071201,946.9,293.9,932.9,280.0,939.9,286.95,0,1,946.9,293.9
325,10807,2071202,946.9,293.9,932.7,280.3,939.8,287.1,0,1,946.9,293.9
325,10808,2071203,946.8,294.3,932.6,280.6,939.7,287.45,0,1,946.8,294.3
325,10809,2071204,946.7,294.6,932.6,280.9,939.65,287.75,0,1,946.7,294.6
325,10810,2071205,946.7,295.1,932.6,281.1,939.65,288.1,0,1,946.7,295.1
325,10811,2071206,946.6,295.7,932.7,280.9,939.65,288.3,0,1,946.6,295.7
325,10812,2071207,946.6,296.4,932.8,280.7,939.7,288.55,0,1,946.6,296.4
325,10813,2071208,946.6,297.2,933.0,280.4,939.8,288.8,0,1,946.6,297.2
325,10814,2071209,946.5,298.3,933.3,280.2,939.9,289.25,0,1,946.5,298.3
325,10815,2071210,945.9,298.9,933.7,280.1,939.8,289.5,0,1,945.9,298.9
325,10816,2071211,945.3,299.6,934.1,280.0,939.7,289.8,0,1,945.3,299.6
325,10817,2071212,944.6,300.4,934.6,279.8,939.6,290.1,0,1,944.6,300.4
325,10818,2071213,943.9,301.1,935.1,279.3,939.5,290.2,0,1,943.9,301.1
325,10819,2071214,943.3,301.8,935.4,278.9,939.35,290.35,0,1,943.3,301.8
325,10820,2071215,942.7,302.3,935.7,278.4,939.2,290.35,0,1,942.7,302.3
325,10821,2071216,942.1,302.4,935.6,277.9,938.85,290.15,0,1,942.1,302.4
325,10822,2071217,942.2,302.5,935.4,277.2,938.8,289.85,0,1,942.2,302.5
325,10823,2071218,942.1,302.3,935.1,276.5,938.6,289.4,0,1,942.1,302.3
325,10824,2071219,942.2,301.7,934.8,275.9,938.5,288.8,0,1,942.2,301.7
325,10825,2071220,942.1,301.1,934.4,275.7,938.25,288.4,0,1,942.1,301.1
325,10826,2071221,942.1,300.6,934.0,275.4,938.05,288.0,0,1,942.1,300.6
325,10827,2071222,942.0,300.3,933.7,275.2,937.85,287.75,0,1,942.0,300.3
325,10828,2071223,941.9,300.3,933.7,275.1,937.8,287.7,0,1,941.9,300.3
325,10829,2071224,941.7,300.4,933.6,275.0,937.65,287.7,0,1,941.7,300.4
325,10830,2071225,941.7,300.4,933.7,275.1,937.7,287.75,0,1,941.7,300.4
325,10831,2071226,941.5,300.8,933.7,275.5,937.6,288.15,0,1,941.5,300.8
325,10832,2071227,941.3,301.2,933.8,275.9,937.55,288.55,0,1,941.3,301.2
325,10833,2071228,941.1,301.4,933.9,276.2,937.5,288.8,0,1,941.1,301.4
326,10834,2071229,940.5,301.5,933.9,276.4,937.2,288.95,0,1,940.5,301.5
326,10835,2071230,939.9,301.2,934.2,275.9,937.05,288.55,0,1,939.9,301.2
326,10836,2071231,939.3,300.8,934.6,275.5,936.95,288.15,0,1,939.3,300.8
326,10837,2071232,938.7,300.7,935.0,274.3,936.85,287.5,0,1,938.7,300.7
326,10838,2071233,938.1,300.6,935.6,272.7,936.85,286.65,0,1,938.1,300.6
326,10839,2071234,937.6,300.6,936.1,271.3,936.85,285.95,0,1,937.6,300.6
326,10840,2071235,937.1,301.0,936.6,269.9,936.85,285.45,0,1,937.1,301.0
326,10841,2071236,937.0,301.3,937.0,268.6,937.0,284.95,0,1,937.0,301.3
326,10842,2071237,936.9,301.7,937.3,267.9,937.1,284.8,0,1,936.9,301.7
326,10843,2071238,936.8,302.2,937.6,267.2,937.2,284.7,0,1,936.8,302.2
326,10844,2071239,936.9,302.7,937.6,267.3,937.25,285.0,0,1,936.9,302.7
326,10845,2071240,936.9,303.2,937.5,267.4,937.2,285.3,0,1,936.9,303.2
326,10846,2071241,937.0,303.6,937.6,267.5,937.3,285.55,0,1,937.0,303.6
326,10847,2071242,937.0,303.9,937.8,267.6,937.4,285.75,0,1,937.0,303.9
326,10848,2071243,937.0,304.1,938.0,267.7,937.5,285.9,0,1,937.0,304.1
326,10849,2071244,937.0,304.7,938.2,267.6,937.6,286.15,0,1,937.0,304.7
326,10850,2071245,937.1,305.3,938.5,267.2,937.8,286.25,0,1,937.1,305.3
326,10851,2071246,937.0,305.9,938.9,266.4,937.95,286.15,0,1,937.0,305.9
326,10852,2071247,936.9,306.4,939.4,265.6,938.15,286.0,0,1,936.9,306.4
326,10853,2071248,936.9,306.6,939.8,264.7,938.35,285.65,0,1,936.9,306.6
326,10854,2071249,936.8,306.9,940.1,263.9,938.45,285.4,0,1,936.8,306.9
326,10855,2071250,936.7,307.3,940.4,263.1,938.55,285.2,0,1,936.7,307.3
326,10856,2071251,937.1,307.3,940.7,262.4,938.9,284.85,0,1,937.1,307.3
326,10857,2071252,937.5,307.4,940.8,261.9,939.15,284.65,0,1,937.5,307.4
326,10858,2071253,937.9,307.5,940.9,261.4,939.4,284.45,0,1,937.9,307.5
326,10859,2071254,938.4,307.6,940.9,260.9,939.65,284.25,0,1,938.4,307.6
326,10860,2071255,938.9,308.0,940.8,260.4,939.85,284.2,0,1,938.9,308.0
326,10861,2071256,939.4,308.3,940.7,260.0,940.05,284.15,0,1,939.4,308.3
326,10862,2071257,939.9,308.5,940.7,259.6,940.3,284.05,0,1,939.9,308.5
326,10863,2071258,940.0,308.5,940.6,259.4,940.3,283.95,0,1,940.0,308.5
326,10864,2071259,939.6,308.5,940.9,259.2,940.25,283.85,0,1,939.6,308.5
326,10865,2071260,939.2,308.3,941.2,259.3,940.2,283.8,0,1,939.2,308.3
326,10866,2071261,938.9,308.1,941.5,259.5,940.2,283.8,0,1,938.9,308.1
327,10867,2071262,938.6,307.9,941.8,259.7,940.2,283.8,0,1,938.6,307.9
327,10868,2071263,938.6,307.7,942.1,259.8,940.35,283.75,0,1,938.6,307.7
327,10869,2071264,938.5,307.5,942.2,259.8,940.35,283.65,0,1,938.5,307.5
327,10870,2071265,938.5,307.4,942.4,259.7,940.45,283.55,0,1,938.5,307.4
327,10871,2071266,938.9,307.3,942.2,259.7,940.55,283.5,0,1,938.9,307.3
327,10872,2071267,939.3,307.4,942.0,259.6,940.65,283.5,0,1,939.3,307.4
327,10873,2071268,939.6,307.5,941.8,259.5,940.7,283.5,0,1,939.6,307.5
327,10874,2071269,939.7,307.6,941.4,259.2,940.55,283.4,0,1,939.7,307.6
327,10875,2071270,939.6,307.6,941.2,258.5,940.4,283.05,0,1,939.6,307.6
327,10876,2071271,939.5,307.7,941.1,257.3,940.3,282.5,0,1,939.5,307.7
327,10877,2071272,939.4,307.7,941.0,256.2,940.2,281.95,0,1,939.4,307.7
327,10878,2071273,939.4,307.8,940.8,255.1,940.1,281.45,0,1,939.4,307.8
327,10879,2071274,939.6,307.9,940.7,254.0,940.15,280.95,0,1,939.6,307.9
327,10880,2071275,939.9,308.1,940.7,252.8,940.3,280.45,0,1,939.9,308.1
327,10881,2071276,940.2,308.3,940.7,251.8,940.45,280.05,0,1,940.2,308.3
327,10882,2071277,940.4,308.5,940.7,251.1,940.55,279.8,0,1,940.4,308.5
327,10883,2071278,940.4,308.7,940.3,251.0,940.35,279.85,0,1,940.4,308.7
327,10884,2071279,940.3,308.9,939.9,250.8,940.1,279.85,0,1,940.3,308.9
327,10885,2071280,940.1,308.9,939.5,250.5,939.8,279.7,0,1,940.1,308.9
327,10886,2071281,939.7,308.8,939.1,249.8,939.4,279.3,0,1,939.7,308.8
327,10887,2071282,939.3,308.2,938.8,249.3,939.05,278.75,0,1,939.3,308.2
327,10888,2071283,938.9,307.5,938.4,248.7,938.65,278.1,0,1,938.9,307.5
327,10889,2071284,938.7,307.0,938.0,248.1,938.35,277.55,0,1,938.7,307.0
327,10890,2071285,938.7,306.3,938.1,247.5,938.4,276.9,0,1,938.7,306.3
327,10891,2071286,938.7,305.5,938.1,247.0,938.4,276.25,0,1,938.7,305.5
327,10892,2071287,938.7,304.9,938.1,246.6,938.4,275.75,0,1,938.7,304.9
327,10893,2071288,938.8,304.4,938.1,246.4,938.45,275.4,0,1,938.8,304.4
327,10894,2071289,939.0,304.5,938.1,246.3,938.55,275.4,0,1,939.0,304.5
327,10895,2071290,939.2,304.5,938.1,246.3,938.65,275.4,0,1,939.2,304.5
327,10896,2071291,940.0,304.4,938.1,246.2,939.05,275.3,0,1,940.0,304.4
327,10897,2071292,940.7,304.3,938.0,246.0,939.35,275.15,0,1,940.7,304.3
327,10898,2071293,941.4,304.2,937.8,245.3,939.6,274.75,0,1,941.4,304.2
327,10899,2071294,942.1,304.2,937.7,244.7,939.9,274.45,0,1,942.1,304.2
327,10900,2071295,942.8,303.9,937.4,244.1,940.1,274.0,0,1,942.8,303.9
328,10901,2071296,943.4,303.6,937.2,243.5,940.3,273.55,0,1,943.4,303.6
328,10902,2071297,944.0,303.3,936.9,242.8,940.45,273.05,0,1,944.0,303.3
328,10903,2071298,944.0,303.0,936.6,242.2,940.3,272.6,0,1,944.0,303.0
328,10904,2071299,944.0,302.8,936.4,241.7,940.2,272.25,0,1,944.0,302.8
328,10905,2071300,944.0,302.7,936.1,241.8,940.05,272.25,0,1,944.0,302.7
328,10906,2071301,944.1,302.6,935.7,241.9,939.9,272.25,0,1,944.1,302.6
328,10907,2071302,944.2,302.6,935.4,242.1,939.8,272.35,0,1,944.2,302.6
328,10908,2071303,944.3,302.7,935.1,242.2,939.7,272.45,0,1,944.3,302.7
328,10909,2071304,944.4,302.7,934.9,241.7,939.65,272.2,0,1,944.4,302.7
328,10910,2071305,944.5,302.8,934.6,241.2,939.55,272.0,0,1,944.5,302.8
328,10911,2071306,944.7,302.9,934.2,240.6,939.45,271.75,0,1,944.7,302.9
328,10912,2071307,944.8,303.0,934.0,239.7,939.4,271.35,0,1,944.8,303.0
328,10913,2071308,944.9,303.2,933.7,238.9,939.3,271.05,0,1,944.9,303.2
328,10914,2071309,944.8,303.3,933.4,238.3,939.1,270.8,0,1,944.8,303.3
328,10915,2071310,944.7,303.7,933.2,237.5,938.95,270.6,0,1,944.7,303.7
328,10916,2071311,944.3,304.0,933.1,237.4,938.7,270.7,0,1,944.3,304.0
328,10917,2071312,944.0,304.3,932.9,237.2,938.45,270.75,0,1,944.0,304.3
328,10918,2071313,943.7,304.5,932.9,237.1,938.3,270.8,0,1,943.7,304.5
328,10919,2071314,943.3,304.8,932.9,237.2,938.1,271.0,0,1,943.3,304.8
328,10920,2071315,942.9,304.7,933.0,237.3,937.95,271.0,0,1,942.9,304.7
328,10921,2071316,942.4,304.6,933.1,237.2,937.75,270.9,0,1,942.4,304.6
328,10922,2071317,942.0,304.2,933.1,237.0,937.55,270.6,0,1,942.0,304.2
328,10923,2071318,941.8,303.7,933.0,236.8,937.4,270.25,0,1,941.8,303.7
328,10924,2071319,941.5,303.1,932.9,236.5,937.2,269.8,0,1,941.5,303.1
328,10925,2071320,941.3,302.8,932.7,236.2,937.0,269.5,0,1,941.3,302.8
328,10926,2071321,941.1,302.6,932.2,236.0,936.65,269.3,0,1,941.1,302.6
328,10927,2071322,941.1,302.6,931.6,235.7,936.35,269.15,0,1,941.1,302.6
328,10928,2071323,941.2,302.7,931.1,235.5,936.15,269.1,0,1,941.2,302.7
328,10929,2071324,941.4,303.3,930.8,235.5,936.1,269.4,0,1,941.4,303.3
328,10930,2071325,941.7,303.9,930.5,235.5,936.1,269.7,0,1,941.7,303.9
328,10931,2071326,942.0,304.6,930.3,235.6,936.15,270.1,0,1,942.0,304.6
328,10932,2071327,942.3,305.1,930.0,235.7,936.15,270.4,0,1,942.3,305.1
328,10933,2071328,942.5,305.3,930.2,235.7,936.35,270.5,0,1,942.5,305.3
329,10934,2071329,942.2,305.2,930.4,235.7,936.3,270.45,0,1,942.2,305.2
329,10935,2071330,941.6,304.3,930.6,235.6,936.1,269.95,0,1,941.6,304.3
329,10936,2071331,940.9,303.2,930.7,235.0,935.8,269.1,0,1,940.9,303.2
329,10937,2071332,940.1,302.0,930.7,234.3,935.4,268.15,0,1,940.1,302.0
329,10938,2071333,939.4,300.7,930.6,233.5,935.0,267.1,0,1,939.4,300.7
329,10939,2071334,938.5,299.3,930.3,232.4,934.4,265.85,0,1,938.5,299.3
329,10940,2071335,937.6,297.0,929.7,231.3,933.65,264.15,0,1,937.6,297.0
329,10941,2071336,936.9,295.0,929.1,230.3,933.0,262.65,0,1,936.9,295.0
329,10942,2071337,936.2,293.7,928.3,229.4,932.25,261.55,0,1,936.2,293.7
329,10943,2071338,935.2,292.2,927.7,227.4,931.45,259.8,0,1,935.2,292.2
329,10944,2071339,934.3,290.5,927.0,225.4,930.65,257.95,0,1,934.3,290.5
329,10945,2071340,933.3,288.8,926.5,223.6,929.9,256.2,0,1,933.3,288.8
329,10946,2071341,932.5,287.0,926.2,222.1,929.35,254.55,0,1,932.5,287.0
329,10947,2071342,931.7,285.6,926.2,220.7,928.95,253.15,0,1,931.7,285.6
329,10948,2071343,931.3,284.3,926.3,219.3,928.8,251.8,0,1,931.3,284.3
329,10949,2071344,931.1,283.0,926.5,218.0,928.8,250.5,0,1,931.1,283.0
329,10950,2071345,931.3,281.0,927.1,218.1,929.2,249.55,0,1,931.3,281.0
329,10951,2071346,931.6,279.2,927.6,218.3,929.6,248.75,0,1,931.6,279.2
329,10952,2071347,932.0,277.1,928.2,218.5,930.1,247.8,0,1,932.0,277.1
329,10953,2071348,932.6,275.4,928.7,218.7,930.65,247.05,0,1,932.6,275.4
329,10954,2071349,933.2,274.5,929.2,219.0,931.2,246.75,0,1,933.2,274.5
329,10955,2071350,933.9,273.8,929.3,219.4,931.6,246.6,0,1,933.9,273.8
329,10956,2071351,934.6,273.9,929.5,219.8,932.05,246.85,0,1,934.6,273.9
329,10957,2071352,935.3,274.9,929.1,220.1,932.2,247.5,0,1,935.3,274.9
329,10958,2071353,935.8,275.8,928.8,220.5,932.3,248.15,0,1,935.8,275.8
329,10959,2071354,936.2,276.9,928.5,221.0,932.35,248.95,0,1,936.2,276.9
329,10960,2071355,936.6,278.2,928.1,221.7,932.35,249.95,0,1,936.6,278.2
329,10961,2071356,936.9,279.3,927.8,222.4,932.35,250.85,0,1,936.9,279.3
329,10962,2071357,937.0,280.2,927.6,222.9,932.3,251.55,0,1,937.0,280.2
329,10963,2071358,937.2,280.5,927.5,223.4,932.35,251.95,0,1,937.2,280.5
329,10964,2071359,937.2,281.1,927.3,224.0,932.25,252.55,0,1,937.2,281.1
329,10965,2071360,936.9,281.8,927.0,224.5,931.95,253.15,0,1,936.9,281.8
329,10966,2071361,936.7,282.6,926.8,224.9,931.75,253.75,0,1,936.7,282.6
330,10967,2071362,936.5,283.5,926.6,224.9,931.55,254.2,0,1,936.5,283.5
330,10968,2071363,936.1,284.2,926.4,224.9,931.25,254.55,0,1,936.1,284.2
330,10969,2071364,935.7,284.8,926.4,224.9,931.05,254.85,0,1,935.7,284.8
330,10970,2071365,935.3,285.0,926.5,224.7,930.9,254.85,0,1,935.3,285.0
330,10971,2071366,934.9,283.9,926.7,224.0,930.8,253.95,0,1,934.9,283.9
330,10972,2071367,934.8,282.9,927.0,223.3,930.9,253.1,0,1,934.8,282.9
330,10973,2071368,934.7,281.9,927.4,222.7,931.05,252.3,0,1,934.7,281.9
330,10974,2071369,934.5,280.8,927.7,222.3,931.1,251.55,0,1,934.5,280.8
330,10975,2071370,934.2,280.2,928.1,221.9,931.15,251.05,0,1,934.2,280.2
330,10976,2071371,933.9,279.8,928.3,221.7,931.1,250.75,0,1,933.9,279.8
330,10977,2071372,933.7,279.5,928.4,221.6,931.05,250.55,0,1,933.7,279.5
330,10978,2071373,933.4,280.2,928.7,222.0,931.05,251.1,0,1,933.4,280.2
330,10979,2071374,933.2,280.9,928.8,222.0,931.0,251.45,0,1,933.2,280.9
330,10980,2071375,932.9,281.5,928.9,222.0,930.9,251.75,0,1,932.9,281.5
330,10981,2071376,932.6,281.9,929.1,221.7,930.85,251.8,0,1,932.6,281.9
330,10982,2071377,932.5,281.8,929.3,221.5,930.9,251.65,0,1,932.5,281.8
330,10983,2071378,932.4,281.8,929.5,221.1,930.95,251.45,0,1,932.4,281.8
330,10984,2071379,932.4,281.6,929.7,220.7,931.05,251.15,0,1,932.4,281.6
330,10985,2071380,932.5,281.4,929.7,220.4,931.1,250.9,0,1,932.5,281.4
330,10986,2071381,932.7,281.2,929.7,220.3,931.2,250.75,0,1,932.7,281.2
330,10987,2071382,932.9,281.1,929.7,220.4,931.3,250.75,0,1,932.9,281.1
330,10988,2071383,933.1,280.9,929.6,220.6,931.35,250.75,0,1,933.1,280.9
330,10989,2071384,933.2,280.7,929.6,220.8,931.4,250.75,0,1,933.2,280.7
330,10990,2071385,933.0,280.5,929.5,221.0,931.25,250.75,0,1,933.0,280.5
330,10991,2071386,932.8,280.2,929.5,221.1,931.15,250.65,0,1,932.8,280.2
330,10992,2071387,932.5,279.7,929.4,221.3,930.95,250.5,0,1,932.5,279.7
330,10993,2071388,932.1,279.2,929.1,221.4,930.6,250.3,0,1,932.1,279.2
330,10994,2071389,931.8,278.9,928.9,221.6,930.35,250.25,0,1,931.8,278.9
330,10995,2071390,931.6,278.6,928.6,221.6,930.1,250.1,0,1,931.6,278.6
330,10996,2071391,931.4,278.8,928.1,221.7,929.75,250.25,0,1,931.4,278.8
330,10997,2071392,931.5,279.1,927.7,221.8,929.6,250.45,0,1,931.5,279.1
330,10998,2071393,931.5,279.5,927.4,222.1,929.45,250.8,0,1,931.5,279.5
330,10999,2071394,931.6,280.3,927.3,222.4,929.45,251.35,0,1,931.6,280.3
330,11000,2071395,931.4,281.1,927.3,222.7,929.35,251.9,0,1,931.4,281.1
331,11001,2071396,931.3,281.8,927.4,223.0,929.35,252.4,0,1,931.3,281.8
331,11002,2071397,931.1,282.0,927.5,223.3,929.3,252.65,0,1,931.1,282.0
331,11003,2071398,931.0,281.7,927.7,223.5,929.35,252.6,0,1,931.0,281.7
331,11004,2071399,930.9,281.6,927.8,223.6,929.35,252.6,0,1,930.9,281.6
331,11005,2071400,931.0,281.5,927.7,223.7,929.35,252.6,0,1,931.0,281.5
331,11006,2071401,931.1,281.5,927.5,223.9,929.3,252.7,0,1,931.1,281.5
331,11007,2071402,931.3,281.4,927.3,224.2,929.3,252.8,0,1,931.3,281.4
331,11008,2071403,931.6,281.6,927.1,224.5,929.35,253.05,0,1,931.6,281.6
331,11009,2071404,931.9,282.0,926.9,224.9,929.4,253.45,0,1,931.9,282.0
331,11010,2071405,932.2,282.6,926.7,225.3,929.45,253.95,0,1,932.2,282.6
331,11011,2071406,932.4,283.0,926.6,225.6,929.5,254.3,0,1,932.4,283.0
331,11012,2071407,932.3,283.4,926.7,225.9,929.5,254.65,0,1,932.3,283.4
331,11013,2071408,932.4,283.6,926.7,226.0,929.55,254.8,0,1,932.4,283.6
331,11014,2071409,932.5,283.9,926.6,226.0,929.55,254.95,0,1,932.5,283.9
331,11015,2071410,932.6,284.0,926.5,225.6,929.55,254.8,0,1,932.6,284.0
331,11016,2071411,932.6,284.1,926.5,225.1,929.55,254.6,0,1,932.6,284.1
331,11017,2071412,932.7,284.2,926.4,224.5,929.55,254.35,0,1,932.7,284.2
331,11018,2071413,932.9,283.7,926.2,224.0,929.55,253.85,0,1,932.9,283.7
331,11019,2071414,933.1,283.3,926.1,223.5,929.6,253.4,0,1,933.1,283.3
331,11020,2071415,933.3,282.8,925.9,223.0,929.6,252.9,0,1,933.3,282.8
331,11021,2071416,933.3,282.8,925.8,222.8,929.55,252.8,0,1,933.3,282.8
331,11022,2071417,933.4,282.7,925.7,222.8,929.55,252.75,0,1,933.4,282.7
331,11023,2071418,933.5,282.7,925.7,222.9,929.6,252.8,0,1,933.5,282.7
331,11024,2071419,933.8,282.7,925.8,223.0,929.8,252.85,0,1,933.8,282.7
331,11025,2071420,934.0,283.0,925.9,222.9,929.95,252.95,0,1,934.0,283.0
331,11026,2071421,934.4,283.2,926.1,222.8,930.25,253.0,0,1,934.4,283.2
331,11027,2071422,935.0,283.3,926.2,222.7,930.6,253.0,0,1,935.0,283.3
331,11028,2071423,935.6,283.1,926.0,222.5,930.8,252.8,0,1,935.6,283.1
331,11029,2071424,936.2,282.9,925.7,222.3,930.95,252.6,0,1,936.2,282.9
331,11030,2071425,936.7,282.7,925.3,222.4,931.0,252.55,0,1,936.7,282.7
331,11031,2071426,937.0,282.8,924.9,222.5,930.95,252.65,0,1,937.0,282.8
331,11032,2071427,937.4,283.0,924.4,222.8,930.9,252.9,0,1,937.4,283.0
331,11033,2071428,937.6,283.2,923.9,223.2,930.75,253.2,0,1,937.6,283.2
332,11034,2071429,937.6,283.3,923.5,223.7,930.55,253.5,0,1,937.6,283.3
332,11035,2071430,937.6,283.4,923.5,224.1,930.55,253.75,0,1,937.6,283.4
332,11036,2071431,937.4,283.5,923.5,224.5,930.45,254.0,0,1,937.4,283.5
332,11037,2071432,937.2,283.3,923.5,224.5,930.35,253.9,0,1,937.2,283.3
332,11038,2071433,937.0,282.6,924.1,224.3,930.55,253.45,0,1,937.0,282.6
332,11039,2071434,936.6,282.0,924.6,224.0,930.6,253.0,0,1,936.6,282.0
332,11040,2071435,936.3,281.3,925.2,223.7,930.75,252.5,0,1,936.3,281.3
332,11041,2071436,935.9,280.8,925.7,223.4,930.8,252.1,0,1,935.9,280.8
332,11042,2071437,935.6,280.3,926.2,223.1,930.9,251.7,0,1,935.6,280.3
332,11043,2071438,935.5,280.0,926.7,223.0,931.1,251.5,0,1,935.5,280.0
332,11044,2071439,935.4,280.0,927.1,223.0,931.25,251.5,0,1,935.4,280.0
332,11045,2071440,935.3,281.3,927.0,223.2,931.15,252.25,0,1,935.3,281.3
332,11046,2071441,935.2,282.6,927.0,223.4,931.1,253.0,0,1,935.2,282.6
332,11047,2071442,935.3,283.9,927.0,223.9,931.15,253.9,0,1,935.3,283.9
332,11048,2071443,935.4,285.2,927.0,224.3,931.2,254.75,0,1,935.4,285.2
332,11049,2071444,936.0,286.4,927.0,224.6,931.5,255.5,0,1,936.0,286.4
332,11050,2071445,936.6,287.6,926.9,224.9,931.75,256.25,0,1,936.6,287.6
332,11051,2071446,937.2,288.2,926.9,225.2,932.05,256.7,0,1,937.2,288.2
332,11052,2071447,937.8,287.4,927.0,225.7,932.4,256.55,0,1,937.8,287.4
332,11053,2071448,938.3,286.6,927.1,226.3,932.7,256.45,0,1,938.3,286.6
332,11054,2071449,938.9,286.0,927.1,226.8,933.0,256.4,0,1,938.9,286.0
332,11055,2071450,939.3,285.3,927.1,227.2,933.2,256.25,0,1,939.3,285.3
332,11056,2071451,939.3,284.4,927.1,227.6,933.2,256.0,0,1,939.3,284.4
332,11057,2071452,939.2,283.4,927.2,228.0,933.2,255.7,0,1,939.2,283.4
332,11058,2071453,939.0,282.7,927.2,228.4,933.1,255.55,0,1,939.0,282.7
332,11059,2071454,938.9,282.3,927.2,228.5,933.05,255.4,0,1,938.9,282.3
332,11060,2071455,938.8,281.9,927.3,228.5,933.05,255.2,0,1,938.8,281.9
332,11061,2071456,938.6,281.4,927.5,228.3,933.05,254.85,0,1,938.6,281.4
332,11062,2071457,938.7,281.1,927.7,228.2,933.2,254.65,0,1,938.7,281.1
332,11063,2071458,938.7,281.2,927.9,228.1,933.3,254.65,0,1,938.7,281.2
332,11064,2071459,938.9,281.3,928.1,227.8,933.5,254.55,0,1,938.9,281.3
332,11065,2071460,938.9,281.6,928.4,227.3,933.65,254.45,0,1,938.9,281.6
332,11066,2071461,938.9,281.9,928.8,226.9,933.85,254.4,0,1,938.9,281.9
333,11067,2071462,938.8,282.2,929.1,226.6,933.95,254.4,0,1,938.8,282.2
333,11068,2071463,938.7,282.6,929.2,226.4,933.95,254.5,0,1,938.7,282.6
333,11069,2071464,938.4,282.9,929.0,226.1,933.7,254.5,0,1,938.4,282.9
333,11070,2071465,938.1,283.1,928.8,225.7,933.45,254.4,0,1,938.1,283.1
333,11071,2071466,937.7,283.2,928.6,225.5,933.15,254.35,0,1,937.7,283.2
333,11072,2071467,937.5,283.3,928.3,225.3,932.9,254.3,0,1,937.5,283.3
333,11073,2071468,937.3,283.5,928.0,224.9,932.65,254.2,0,1,937.3,283.5
333,11074,2071469,937.1,283.6,927.6,224.6,932.35,254.1,0,1,937.1,283.6
333,11075,2071470,937.0,283.8,927.4,224.3,932.2,254.05,0,1,937.0,283.8
333,11076,2071471,936.9,284.1,927.4,224.0,932.15,254.05,0,1,936.9,284.1
333,11077,2071472,936.9,284.2,927.4,223.9,932.15,254.05,0,1,936.9,284.2
333,11078,2071473,937.0,284.2,927.3,223.7,932.15,253.95,0,1,937.0,284.2
333,11079,2071474,937.1,283.6,927.2,223.7,932.15,253.65,0,1,937.1,283.6
333,11080,2071475,937.2,283.3,927.0,224.0,932.1,253.65,0,1,937.2,283.3
333,11081,2071476,937.4,283.3,927.1,224.3,932.25,253.8,0,1,937.4,283.3
333,11082,2071477,937.5,283.2,927.2,224.6,932.35,253.9,0,1,937.5,283.2
333,11083,2071478,937.5,283.2,927.3,224.9,932.4,254.05,0,1,937.5,283.2
333,11084,2071479,937.4,283.2,927.5,225.3,932.45,254.25,0,1,937.4,283.2
333,11085,2071480,937.3,283.2,927.8,225.4,932.55,254.3,0,1,937.3,283.2
333,11086,2071481,937.2,283.8,928.1,225.4,932.65,254.6,0,1,937.2,283.8
333,11087,2071482,937.0,284.2,928.5,225.4,932.75,254.8,0,1,937.0,284.2
333,11088,2071483,936.9,284.5,928.7,225.3,932.8,254.9,0,1,936.9,284.5
333,11089,2071484,936.6,284.7,928.9,225.1,932.75,254.9,0,1,936.6,284.7
333,11090,2071485,936.5,284.8,929.1,225.1,932.8,254.95,0,1,936.5,284.8
333,11091,2071486,936.4,285.0,929.3,225.2,932.85,255.1,0,1,936.4,285.0
333,11092,2071487,936.4,285.4,929.5,225.3,932.95,255.35,0,1,936.4,285.4
333,11093,2071488,936.4,285.7,929.6,225.5,933.0,255.6,0,1,936.4,285.7
333,11094,2071489,936.5,285.9,929.6,225.8,933.05,255.85,0,1,936.5,285.9
333,11095,2071490,936.6,285.9,929.6,226.0,933.1,255.95,0,1,936.6,285.9
333,11096,2071491,936.7,285.9,929.5,226.1,933.1,256.0,0,1,936.7,285.9
333,11097,2071492,936.9,285.8,929.4,226.0,933.15,255.9,0,1,936.9,285.8
333,11098,2071493,937.0,285.7,929.2,225.6,933.1,255.65,0,1,937.0,285.7
333,11099,2071494,937.0,285.7,929.5,225.2,933.25,255.45,0,1,937.0,285.7
333,11100,2071495,937.0,285.7,929.8,224.7,933.4,255.2,0,1,937.0,285.7
334,11101,2071496,936.9,285.6,930.1,224.1,933.5,254.85,0,1,936.9,285.6
334,11102,2071497,936.9,285.1,930.7,223.4,933.8,254.25,0,1,936.9,285.1
334,11103,2071498,936.8,284.6,931.1,222.7,933.95,253.65,0,1,936.8,284.6
334,11104,2071499,936.8,284.0,931.5,222.0,934.15,253.0,0,1,936.8,284.0
334,11105,2071500,936.8,283.4,931.8,221.7,934.3,252.55,0,1,936.8,283.4
334,11106,2071501,936.7,282.6,931.8,221.4,934.25,252.0,0,1,936.7,282.6
334,11107,2071502,936.5,281.9,931.8,221.2,934.15,251.55,0,1,936.5,281.9
334,11108,2071503,936.3,280.6,931.9,221.1,934.1,250.85,0,1,936.3,280.6
334,11109,2071504,936.1,279.7,931.8,221.0,933.95,250.35,0,1,936.1,279.7
334,11110,2071505,935.8,278.3,931.8,220.9,933.8,249.6,0,1,935.8,278.3
334,11111,2071506,935.1,276.6,931.9,220.8,933.5,248.7,0,1,935.1,276.6
334,11112,2071507,934.5,274.8,932.0,220.7,933.25,247.75,0,1,934.5,274.8
334,11113,2071508,933.8,273.3,932.0,220.6,932.9,246.95,0,1,933.8,273.3
334,11114,2071509,933.4,271.7,931.9,220.4,932.65,246.05,0,1,933.4,271.7
334,11115,2071510,933.0,271.0,931.8,220.3,932.4,245.65,0,1,933.0,271.0
334,11116,2071511,932.7,270.9,931.7,220.2,932.2,245.55,0,1,932.7,270.9
334,11117,2071512,932.3,271.4,931.6,220.4,931.95,245.9,0,1,932.3,271.4
334,11118,2071513,932.4,272.4,931.6,220.6,932.0,246.5,0,1,932.4,272.4
334,11119,2071514,932.5,273.3,931.6,220.9,932.05,247.1,0,1,932.5,273.3
334,11120,2071515,932.7,274.3,931.7,221.1,932.2,247.7,0,1,932.7,274.3
334,11121,2071516,932.8,275.1,931.8,221.2,932.3,248.15,0,1,932.8,275.1
334,11122,2071517,932.9,275.7,931.9,221.1,932.4,248.4,0,1,932.9,275.7
334,11123,2071518,933.1,275.3,931.9,221.1,932.5,248.2,0,1,933.1,275.3
334,11124,2071519,933.2,274.7,931.9,220.8,932.55,247.75,0,1,933.2,274.7
334,11125,2071520,933.4,273.9,932.0,220.5,932.7,247.2,0,1,933.4,273.9
334,11126,2071521,933.6,273.0,932.1,220.1,932.85,246.55,0,1,933.6,273.0
334,11127,2071522,933.8,272.2,932.2,219.7,933.0,245.95,0,1,933.8,272.2
334,11128,2071523,933.9,271.6,932.3,219.3,933.1,245.45,0,1,933.9,271.6
334,11129,2071524,933.9,272.5,932.4,219.1,933.15,245.8,0,1,933.9,272.5
334,11130,2071525,934.0,273.8,932.6,218.8,933.3,246.3,0,1,934.0,273.8
334,11131,2071526,934.0,274.9,932.8,218.6,933.4,246.75,0,1,934.0,274.9
334,11132,2071527,934.0,276.2,932.9,218.4,933.45,247.3,0,1,934.0,276.2
334,11133,2071528,933.9,277.4,932.9,218.4,933.4,247.9,0,1,933.9,277.4
335,11134,2071529,933.8,278.5,932.9,218.6,933.35,248.55,0,1,933.8,278.5
335,11135,2071530,933.7,279.5,933.0,218.9,933.35,249.2,0,1,933.7,279.5
335,11136,2071531,933.6,279.0,933.1,219.0,933.35,249.0,0,1,933.6,279.0
335,11137,2071532,933.5,278.7,933.5,219.1,933.5,248.9,0,1,933.5,278.7
335,11138,2071533,933.3,278.2,933.9,218.9,933.6,248.55,0,1,933.3,278.2
335,11139,2071534,933.1,277.6,934.4,218.7,933.75,248.15,0,1,933.1,277.6
335,11140,2071535,932.9,277.0,935.0,218.3,933.95,247.65,0,1,932.9,277.0
335,11141,2071536,932.7,276.6,935.5,218.1,934.1,247.35,0,1,932.7,276.6
335,11142,2071537,932.5,276.0,935.9,217.8,934.2,246.9,0,1,932.5,276.0
335,11143,2071538,932.4,275.5,936.3,217.4,934.35,246.45,0,1,932.4,275.5
335,11144,2071539,932.3,274.6,936.5,217.0,934.4,245.8,0,1,932.3,274.6
335,11145,2071540,932.1,273.9,936.6,216.8,934.35,245.35,0,1,932.1,273.9
335,11146,2071541,932.1,273.3,936.7,216.7,934.4,245.0,0,1,932.1,273.3
335,11147,2071542,932.1,272.6,936.7,216.5,934.4,244.55,0,1,932.1,272.6
335,11148,2071543,932.2,272.0,936.7,216.4,934.45,244.2,0,1,932.2,272.0
335,11149,2071544,932.2,271.4,936.8,216.3,934.5,243.85,0,1,932.2,271.4
335,11150,2071545,932.2,270.9,936.8,216.2,934.5,243.55,0,1,932.2,270.9
335,11151,2071546,932.1,270.6,936.8,216.3,934.45,243.45,0,1,932.1,270.6
335,11152,2071547,932.0,270.4,937.1,216.5,934.55,243.45,0,1,932.0,270.4
335,11153,2071548,931.9,270.3,937.5,216.5,934.7,243.4,0,1,931.9,270.3
335,11154,2071549,931.7,270.2,937.9,216.3,934.8,243.25,0,1,931.7,270.2
335,11155,2071550,931.5,270.1,938.3,216.1,934.9,243.1,0,1,931.5,270.1
335,11156,2071551,931.2,270.0,938.8,216.0,935.0,243.0,0,1,931.2,270.0
335,11157,2071552,931.0,269.9,939.3,216.0,935.15,242.95,0,1,931.0,269.9
335,11158,2071553,930.9,268.7,940.0,215.9,935.45,242.3,0,1,930.9,268.7
335,11159,2071554,930.9,267.6,940.7,215.8,935.8,241.7,0,1,930.9,267.6
335,11160,2071555,930.9,266.5,941.3,215.6,936.1,241.05,0,1,930.9,266.5
335,11161,2071556,931.0,265.4,941.8,215.4,936.4,240.4,0,1,931.0,265.4
335,11162,2071557,931.1,264.4,942.4,215.2,936.75,239.8,0,1,931.1,264.4
335,11163,2071558,931.2,263.3,943.0,215.0,937.1,239.15,0,1,931.2,263.3
335,11164,2071559,931.3,262.2,943.8,214.6,937.55,238.4,0,1,931.3,262.2
335,11165,2071560,931.3,262.5,944.4,214.4,937.85,238.45,0,1,931.3,262.5
335,11166,2071561,931.2,263.1,944.6,214.3,937.9,238.7,0,1,931.2,263.1
336,11167,2071562,931.1,264.6,944.9,214.5,938.0,239.55,0,1,931.1,264.6
336,11168,2071563,931.0,265.7,945.2,215.5,938.1,240.6,0,1,931.0,265.7
336,11169,2071564,931.0,266.4,945.5,216.5,938.25,241.45,0,1,931.0,266.4
336,11170,2071565,931.1,267.0,945.6,217.4,938.35,242.2,0,1,931.1,267.0
336,11171,2071566,931.6,267.4,945.4,218.1,938.5,242.75,0,1,931.6,267.4
336,11172,2071567,932.0,267.4,945.3,218.4,938.65,242.9,0,1,932.0,267.4
336,11173,2071568,932.4,267.2,945.4,218.7,938.9,242.95,0,1,932.4,267.2
336,11174,2071569,932.9,265.6,945.4,218.9,939.15,242.25,0,1,932.9,265.6
336,11175,2071570,933.4,264.3,945.5,218.3,939.45,241.3,0,1,933.4,264.3
336,11176,2071571,933.8,263.4,945.5,217.6,939.65,240.5,0,1,933.8,263.4
336,11177,2071572,934.1,262.6,945.8,216.4,939.95,239.5,0,1,934.1,262.6
336,11178,2071573,934.1,262.1,946.1,215.2,940.1,238.65,0,1,934.1,262.1
336,11179,2071574,934.6,261.3,946.4,214.3,940.5,237.8,0,1,934.6,261.3
336,11180,2071575,935.3,260.3,946.5,213.5,940.9,236.9,0,1,935.3,260.3
336,11181,2071576,936.0,258.3,946.6,212.9,941.3,235.6,0,1,936.0,258.3
336,11182,2071577,936.8,256.5,946.5,212.3,941.65,234.4,0,1,936.8,256.5
336,11183,2071578,937.9,254.6,946.1,211.9,942.0,233.25,0,1,937.9,254.6
336,11184,2071579,938.9,253.5,945.7,212.1,942.3,232.8,0,1,938.9,253.5
336,11185,2071580,940.3,252.5,945.1,212.6,942.7,232.55,0,1,940.3,252.5
336,11186,2071581,941.2,251.5,944.4,213.1,942.8,232.3,0,1,941.2,251.5
336,11187,2071582,942.0,250.8,943.8,213.5,942.9,232.15,0,1,942.0,250.8
336,11188,2071583,942.7,250.9,943.2,213.7,942.95,232.3,0,1,942.7,250.9
336,11189,2071584,943.7,250.9,942.9,214.0,943.3,232.45,0,1,943.7,250.9
336,11190,2071585,944.3,251.0,942.7,214.4,943.5,232.7,0,1,944.3,251.0
336,11191,2071586,945.3,250.3,942.5,214.7,943.9,232.5,0,1,945.3,250.3
336,11192,2071587,946.1,249.7,942.2,215.0,944.15,232.35,0,1,946.1,249.7
336,11193,2071588,947.0,249.1,941.9,215.4,944.45,232.25,0,1,947.0,249.1
336,11194,2071589,948.0,248.6,941.5,216.0,944.75,232.3,0,1,948.0,248.6
336,11195,2071590,948.9,248.5,941.0,216.6,944.95,232.55,0,1,948.9,248.5
336,11196,2071591,949.5,248.4,940.4,217.1,944.95,232.75,0,1,949.5,248.4
336,11197,2071592,950.0,248.4,939.9,217.5,944.95,232.95,0,1,950.0,248.4
336,11198,2071593,950.1,248.3,939.5,217.9,944.8,233.1,0,1,950.1,248.3
336,11199,2071594,950.0,248.3,939.1,218.4,944.55,233.35,0,1,950.0,248.3
336,11200,2071595,949.7,248.2,938.7,218.9,944.2,233.55,0,1,949.7,248.2
337,11201,2071596,949.4,248.1,938.6,219.1,944.0,233.6,0,1,949.4,248.1
337,11202,2071597,948.8,248.2,938.5,219.0,943.65,233.6,0,1,948.8,248.2
337,11203,2071598,948.3,248.1,938.5,219.0,943.4,233.55,0,1,948.3,248.1
337,11204,2071599,947.9,247.9,938.5,218.8,943.2,233.35,0,1,947.9,247.9
337,11205,2071600,947.7,247.4,938.5,218.6,943.1,233.0,0,1,947.7,247.4
337,11206,2071601,947.5,246.9,938.5,218.5,943.0,232.7,0,1,947.5,246.9
337,11207,2071602,947.3,246.5,938.5,218.3,942.9,232.4,0,1,947.3,246.5
337,11208,2071603,947.0,245.8,938.4,218.1,942.7,231.95,0,1,947.0,245.8
337,11209,2071604,947.0,245.0,938.2,217.6,942.6,231.3,0,1,947.0,245.0
337,11210,2071605,946.7,244.3,938.1,217.3,942.4,230.8,0,1,946.7,244.3
337,11211,2071606,946.2,243.7,938.2,217.1,942.2,230.4,0,1,946.2,243.7
337,11212,2071607,945.6,243.4,938.3,216.9,941.95,230.15,0,1,945.6,243.4
337,11213,2071608,945.0,243.1,938.6,216.6,941.8,229.85,0,1,945.0,243.1
337,11214,2071609,944.5,242.8,939.0,216.3,941.75,229.55,0,1,944.5,242.8
337,11215,2071610,944.0,242.7,939.3,216.1,941.65,229.4,0,1,944.0,242.7
337,11216,2071611,943.6,242.4,939.2,216.2,941.4,229.3,0,1,943.6,242.4
337,11217,2071612,943.3,242.0,939.1,216.3,941.2,229.15,0,1,943.3,242.0
337,11218,2071613,943.2,241.6,938.8,216.2,941.0,228.9,0,1,943.2,241.6
337,11219,2071614,943.0,241.1,938.8,216.0,940.9,228.55,0,1,943.0,241.1
337,11220,2071615,942.9,240.7,938.4,215.8,940.65,228.25,0,1,942.9,240.7
337,11221,2071616,942.9,240.4,938.2,215.8,940.55,228.1,0,1,942.9,240.4
337,11222,2071617,942.7,240.2,937.9,215.9,940.3,228.05,0,1,942.7,240.2
337,11223,2071618,942.6,240.1,937.9,216.1,940.25,228.1,0,1,942.6,240.1
337,11224,2071619,942.5,240.1,937.8,216.3,940.15,228.2,0,1,942.5,240.1
337,11225,2071620,942.5,240.1,937.8,216.6,940.15,228.35,0,1,942.5,240.1
337,11226,2071621,942.4,240.0,937.6,217.0,940.0,228.5,0,1,942.4,240.0
337,11227,2071622,942.1,239.8,937.4,217.5,939.75,228.65,0,1,942.1,239.8
337,11228,2071623,941.8,239.6,937.2,217.8,939.5,228.7,0,1,941.8,239.6
337,11229,2071624,941.5,239.3,937.1,218.0,939.3,228.65,0,1,941.5,239.3
337,11230,2071625,941.0,238.9,937.0,218.1,939.0,228.5,0,1,941.0,238.9
337,11231,2071626,940.3,238.6,936.7,218.1,938.5,228.35,0,1,940.3,238.6
337,11232,2071627,939.6,238.4,936.6,218.1,938.1,228.25,0,1,939.6,238.4
337,11233,2071628,939.0,238.4,936.6,217.9,937.8,228.15,0,1,939.0,238.4
338,11234,2071629,938.7,238.4,936.9,217.6,937.8,228.0,0,1,938.7,238.4
338,11235,2071630,938.4,238.3,937.3,217.5,937.85,227.9,0,1,938.4,238.3
338,11236,2071631,938.1,238.0,937.7,217.3,937.9,227.65,0,1,938.1,238.0
338,11237,2071632,938.0,237.8,938.1,217.2,938.05,227.5,0,1,938.0,237.8
338,11238,2071633,937.7,237.4,938.8,217.1,938.25,227.25,0,1,937.7,237.4
338,11239,2071634,937.5,236.8,939.5,217.1,938.5,226.95,0,1,937.5,236.8
338,11240,2071635,937.1,236.2,940.2,217.3,938.65,226.75,0,1,937.1,236.2
338,11241,2071636,936.7,235.6,940.6,217.4,938.65,226.5,0,1,936.7,235.6
338,11242,2071637,936.2,235.2,940.9,217.4,938.55,226.3,0,1,936.2,235.2
338,11243,2071638,935.7,234.8,941.5,217.3,938.6,226.05,0,1,935.7,234.8
338,11244,2071639,935.2,234.5,942.1,217.3,938.65,225.9,0,1,935.2,234.5
338,11245,2071640,935.1,234.2,942.7,217.2,938.9,225.7,0,1,935.1,234.2
338,11246,2071641,934.9,233.7,943.1,217.1,939.0,225.4,0,1,934.9,233.7
338,11247,2071642,934.9,233.2,943.5,216.8,939.2,225.0,0,1,934.9,233.2
338,11248,2071643,934.9,232.7,944.0,216.5,939.45,224.6,0,1,934.9,232.7
338,11249,2071644,934.8,232.2,944.6,216.3,939.7,224.25,0,1,934.8,232.2
338,11250,2071645,935.0,231.6,944.9,216.2,939.95,223.9,0,1,935.0,231.6
338,11251,2071646,935.3,231.1,945.2,216.1,940.25,223.6,0,1,935.3,231.1
338,11252,2071647,935.6,230.9,945.5,216.0,940.55,223.45,0,1,935.6,230.9
338,11253,2071648,936.0,230.9,945.8,215.9,940.9,223.4,0,1,936.0,230.9
338,11254,2071649,936.5,231.0,945.9,215.9,941.2,223.45,0,1,936.5,231.0
338,11255,2071650,937.0,231.1,946.1,216.1,941.55,223.6,0,1,937.0,231.1
338,11256,2071651,937.6,231.2,946.1,216.5,941.85,223.85,0,1,937.6,231.2
338,11257,2071652,938.2,231.2,946.1,216.8,942.15,224.0,0,1,938.2,231.2
338,11258,2071653,939.0,231.1,946.0,217.4,942.5,224.25,0,1,939.0,231.1
338,11259,2071654,940.2,231.0,945.9,217.9,943.05,224.45,0,1,940.2,231.0
338,11260,2071655,941.4,231.0,945.7,218.7,943.55,224.85,0,1,941.4,231.0
338,11261,2071656,942.5,231.1,945.5,219.4,944.0,225.25,0,1,942.5,231.1
338,11262,2071657,943.6,231.3,945.0,220.1,944.3,225.7,0,1,943.6,231.3
338,11263,2071658,944.8,231.6,944.3,220.5,944.55,226.05,0,1,944.8,231.6
338,11264,2071659,945.7,232.2,943.5,221.0,944.6,226.6,0,1,945.7,232.2
338,11265,2071660,946.4,232.7,942.6,221.2,944.5,226.95,0,1,946.4,232.7
338,11266,2071661,946.8,233.4,941.7,221.4,944.25,227.4,0,1,946.8,233.4
339,11267,2071662,947.1,233.9,940.9,221.3,944.0,227.6,0,1,947.1,233.9
339,11268,2071663,947.3,234.3,940.1,221.3,943.7,227.8,0,1,947.3,234.3
339,11269,2071664,947.6,234.7,939.8,221.2,943.7,227.95,0,1,947.6,234.7
339,11270,2071665,947.9,235.3,939.6,221.1,943.75,228.2,0,1,947.9,235.3
339,11271,2071666,948.1,235.8,939.7,221.1,943.9,228.45,0,1,948.1,235.8
339,11272,2071667,948.1,236.7,940.0,221.1,944.05,228.9,0,1,948.1,236.7
339,11273,2071668,948.1,237.6,940.4,221.0,944.25,229.3,0,1,948.1,237.6
339,11274,2071669,947.9,238.3,940.9,221.0,944.4,229.65,0,1,947.9,238.3
339,11275,2071670,947.6,239.1,941.2,221.0,944.4,230.05,0,1,947.6,239.1
339,11276,2071671,947.1,239.7,941.5,221.0,944.3,230.35,0,1,947.1,239.7
339,11277,2071672,946.3,240.2,941.7,221.0,944.0,230.6,0,1,946.3,240.2
339,11278,2071673,945.6,240.6,941.9,221.1,943.75,230.85,0,1,945.6,240.6
339,11279,2071674,944.9,240.5,941.8,221.3,943.35,230.9,0,1,944.9,240.5
339,11280,2071675,944.0,240.3,941.8,221.5,942.9,230.9,0,1,944.0,240.3
339,11281,2071676,943.0,240.0,941.6,221.7,942.3,230.85,0,1,943.0,240.0
339,11282,2071677,942.0,239.7,941.3,221.8,941.65,230.75,0,1,942.0,239.7
339,11283,2071678,941.2,239.4,941.2,222.0,941.2,230.7,0,1,941.2,239.4
339,11284,2071679,940.6,239.2,941.0,222.1,940.8,230.65,0,1,940.6,239.2
339,11285,2071680,939.9,238.9,940.8,222.1,940.35,230.5,1,1,939.9,238.9
339,11286,2071681,939.3,238.7,940.7,222.1,940.0,230.4,0,1,939.3,238.7
339,11287,2071682,938.3,238.4,940.5,222.0,939.4,230.2,0,1,938.3,238.4
339,11288,2071683,937.4,238.3,940.4,222.0,938.9,230.15,0,1,937.4,238.3
339,11289,2071684,936.6,238.0,940.6,222.1,938.6,230.05,0,1,936.6,238.0
339,11290,2071685,935.9,237.8,941.0,221.9,938.45,229.85,0,1,935.9,237.8
339,11291,2071686,935.5,237.6,941.4,221.6,938.45,229.6,0,1,935.5,237.6
339,11292,2071687,935.2,237.8,942.0,220.5,938.6,229.15,0,1,935.2,237.8
339,11293,2071688,934.9,237.9,942.7,219.4,938.8,228.65,0,1,934.9,237.9
339,11294,2071689,935.7,238.1,943.9,218.2,939.8,228.15,0,1,935.7,238.1
339,11295,2071690,936.5,238.4,945.2,217.0,940.85,227.7,1,1,936.5,238.4
339,11296,2071691,937.5,238.9,946.4,216.6,941.95,227.75,0,1,937.5,238.9
339,11297,2071692,938.5,239.3,947.5,216.4,943.0,227.85,0,1,938.5,239.3
339,11298,2071693,939.9,240.6,948.2,216.7,944.05,228.65,0,1,939.9,240.6
339,11299,2071694,942.2,241.8,948.7,217.9,945.45,229.85,0,1,942.2,241.8
339,11300,2071695,944.5,242.9,948.5,219.1,946.5,231.0,0,1,944.5,242.9
340,11301,2071696,946.3,243.9,947.6,220.3,946.95,232.1,0,1,946.3,243.9
340,11302,2071697,948.1,244.3,946.6,221.5,947.35,232.9,0,1,948.1,244.3
340,11303,2071698,949.8,244.7,945.0,221.9,947.4,233.3,0,1,949.8,244.7
340,11304,2071699,951.4,245.1,943.5,222.3,947.45,233.7,0,1,951.4,245.1
340,11305,2071700,952.1,244.3,941.8,222.4,946.95,233.35,0,1,952.1,244.3
340,11306,2071701,951.5,242.7,940.3,222.8,945.9,232.75,0,1,951.5,242.7
340,11307,2071702,950.6,241.2,939.4,223.6,945.0,232.4,0,1,950.6,241.2
340,11308,2071703,949.0,239.7,938.4,224.2,943.7,231.95,0,1,949.0,239.7
340,11309,2071704,947.4,238.6,936.9,224.9,942.15,231.75,0,1,947.4,238.6
340,11310,2071705,944.9,237.5,935.7,225.3,940.3,231.4,1,1,944.9,237.5
340,11311,2071706,942.5,235.7,934.5,225.3,938.5,230.5,0,1,942.5,235.7
340,11312,2071707,939.6,234.0,933.5,225.4,936.55,229.7,0,1,939.6,234.0
340,11313,2071708,937.1,232.9,932.5,224.6,934.8,228.75,0,1,937.1,232.9
340,11314,2071709,934.6,230.6,930.9,223.5,932.75,227.05,0,1,934.6,230.6
340,11315,2071710,931.9,228.2,929.5,222.5,930.7,225.35,0,1,931.9,228.2
340,11316,2071711,929.2,225.8,928.7,221.3,928.95,223.55,0,1,929.2,225.8
340,11317,2071712,927.4,223.5,928.0,220.0,927.7,221.75,0,1,927.4,223.5
340,11318,2071713,925.6,221.7,927.7,217.8,926.65,219.75,0,1,925.6,221.7
340,11319,2071714,924.3,219.8,927.3,215.7,925.8,217.75,1,1,924.3,219.8
340,11320,2071715,923.3,216.8,927.4,214.0,925.35,215.4,0,1,923.3,216.8
340,11321,2071716,923.0,214.9,928.2,212.2,925.6,213.55,0,1,923.0,214.9
340,11322,2071717,923.6,213.3,929.0,210.7,926.3,212.0,0,1,923.6,213.3
340,11323,2071718,925.0,211.7,930.6,209.5,927.8,210.6,0,1,925.0,211.7
340,11324,2071719,927.3,210.2,932.1,209.2,929.7,209.7,0,1,927.3,210.2
340,11325,2071720,930.0,209.2,933.4,210.1,931.7,209.65,0,1,930.0,209.2
340,11326,2071721,932.8,209.0,934.6,211.0,933.7,210.0,0,1,932.8,209.0
340,11327,2071722,935.9,210.6,935.3,212.1,935.6,211.35,0,1,935.9,210.6
340,11328,2071723,938.4,212.1,935.9,213.3,937.15,212.7,0,1,938.4,212.1
340,11329,2071724,940.9,213.6,936.4,215.0,938.65,214.3,0,1,940.9,213.6
340,11330,2071725,942.8,215.0,935.3,216.5,939.05,215.75,0,1,942.8,215.0
340,11331,2071726,943.6,216.1,934.2,217.6,938.9,216.85,0,1,943.6,216.1
340,11332,2071727,944.0,216.7,932.8,218.8,938.4,217.75,0,1,944.0,216.7
340,11333,2071728,944.2,216.5,931.5,220.1,937.85,218.3,1,1,944.2,216.5
341,11334,2071729,943.6,215.9,930.1,221.2,936.85,218.55,0,1,943.6,215.9
341,11335,2071730,943.1,215.2,928.8,222.1,935.95,218.65,0,1,943.1,215.2
341,11336,2071731,942.5,214.5,927.7,222.5,935.1,218.5,0,1,942.5,214.5
341,11337,2071732,941.9,213.9,927.4,222.8,934.65,218.35,0,1,941.9,213.9
341,11338,2071733,941.3,213.4,927.3,223.1,934.3,218.25,0,1,941.3,213.4
341,11339,2071734,940.7,213.1,927.6,223.4,934.15,218.25,0,1,940.7,213.1
341,11340,2071735,939.9,212.5,928.0,223.7,933.95,218.1,0,1,939.9,212.5
341,11341,2071736,939.5,211.9,929.0,224.0,934.25,217.95,0,1,939.5,211.9
341,11342,2071737,939.1,211.4,930.0,224.3,934.55,217.85,1,1,939.1,211.4
341,11343,2071738,938.8,210.9,931.0,224.6,934.9,217.75,0,1,938.8,210.9
341,11344,2071739,938.5,210.3,932.0,224.6,935.25,217.45,0,1,938.5,210.3
341,11345,2071740,938.3,209.8,933.1,224.5,935.7,217.15,0,1,938.3,209.8
341,11346,2071741,938.2,209.2,934.1,224.0,936.15,216.6,0,1,938.2,209.2
341,11347,2071742,938.4,209.0,935.1,223.4,936.75,216.2,0,1,938.4,209.0
341,11348,2071743,938.7,208.8,935.5,222.7,937.1,215.75,0,1,938.7,208.8
341,11349,2071744,939.1,208.7,935.8,222.0,937.45,215.35,0,1,939.1,208.7
341,11350,2071745,939.4,209.1,935.9,221.1,937.65,215.1,1,1,939.4,209.1
341,11351,2071746,940.2,210.1,935.8,220.2,938.0,215.15,0,1,940.2,210.1
341,11352,2071747,940.9,210.9,935.4,219.3,938.15,215.1,0,1,940.9,210.9
341,11353,2071748,941.6,211.8,935.0,218.6,938.3,215.2,0,1,941.6,211.8
341,11354,2071749,942.4,212.3,934.0,217.5,938.2,214.9,0,1,942.4,212.3
341,11355,2071750,943.0,212.8,932.5,216.6,937.75,214.7,0,1,943.0,212.8
341,11356,2071751,943.7,213.1,931.0,215.8,937.35,214.45,0,1,943.7,213.1
341,11357,2071752,944.4,213.0,929.6,215.4,937.0,214.2,1,1,944.4,213.0
341,11358,2071753,944.5,212.0,928.4,215.6,936.45,213.8,0,1,944.5,212.0
341,11359,2071754,944.5,211.1,927.3,216.0,935.9,213.55,0,1,944.5,211.1
341,11360,2071755,944.0,210.3,926.6,216.3,935.3,213.3,0,1,944.0,210.3
341,11361,2071756,943.1,209.8,926.3,217.2,934.7,213.5,0,1,943.1,209.8
341,11362,2071757,942.3,209.3,926.7,218.4,934.5,213.85,0,1,942.3,209.3
341,11363,2071758,941.5,208.8,927.1,219.3,934.3,214.05,0,1,941.5,208.8
341,11364,2071759,940.6,208.4,927.6,220.2,934.1,214.3,0,1,940.6,208.4
341,11365,2071760,939.7,208.1,928.1,220.5,933.9,214.3,1,1,939.7,208.1
341,11366,2071761,939.0,207.9,928.7,220.7,933.85,214.3,0,1,939.0,207.9
342,11367,2071762,938.7,207.8,929.0,220.7,933.85,214.25,0,1,938.7,207.8
342,11368,2071763,938.6,207.7,929.3,220.7,933.95,214.2,0,1,938.6,207.7
342,11369,2071764,938.7,207.8,929.6,220.3,934.15,214.05,0,1,938.7,207.8
342,11370,2071765,938.9,207.9,930.5,219.9,934.7,213.9,0,1,938.9,207.9
342,11371,2071766,939.8,208.2,931.4,219.7,935.6,213.95,0,1,939.8,208.2
342,11372,2071767,940.7,208.6,932.1,219.2,936.4,213.9,0,1,940.7,208.6
342,11373,2071768,941.9,209.3,932.4,218.8,937.15,214.05,0,1,941.9,209.3
342,11374,2071769,943.1,209.9,932.7,218.4,937.9,214.15,0,1,943.1,209.9
342,11375,2071770,944.3,211.3,933.0,218.1,938.65,214.7,0,1,944.3,211.3
342,11376,2071771,945.4,212.8,932.9,217.8,939.15,215.3,1,1,945.4,212.8
342,11377,2071772,946.4,214.3,932.0,217.6,939.2,215.95,0,1,946.4,214.3
342,11378,2071773,946.7,215.7,931.1,217.4,938.9,216.55,0,1,946.7,215.7
342,11379,2071774,946.9,217.3,929.6,217.3,938.25,217.3,0,1,946.9,217.3
342,11380,2071775,946.7,218.8,928.3,217.2,937.5,218.0,0,1,946.7,218.8
342,11381,2071776,946.3,220.5,927.0,217.1,936.65,218.8,0,1,946.3,220.5
342,11382,2071777,945.3,221.4,925.8,216.8,935.55,219.1,0,1,945.3,221.4
342,11383,2071778,944.3,222.2,925.2,216.2,934.75,219.2,1,1,944.3,222.2
342,11384,2071779,942.9,223.1,924.7,215.6,933.8,219.35,0,1,942.9,223.1
342,11385,2071780,941.5,223.9,924.3,215.1,932.9,219.5,0,1,941.5,223.9
342,11386,2071781,940.2,224.6,924.6,214.7,932.4,219.65,0,1,940.2,224.6
342,11387,2071782,939.0,225.2,925.0,214.4,932.0,219.8,0,1,939.0,225.2
342,11388,2071783,938.0,225.5,925.5,214.1,931.75,219.8,0,1,938.0,225.5
342,11389,2071784,937.7,225.8,925.9,214.1,931.8,219.95,0,1,937.7,225.8
342,11390,2071785,937.3,225.6,926.4,214.5,931.85,220.05,0,1,937.3,225.6
342,11391,2071786,937.5,225.2,927.2,214.7,932.35,219.95,1,1,937.5,225.2
342,11392,2071787,937.6,225.0,928.0,214.6,932.8,219.8,0,1,937.6,225.0
342,11393,2071788,938.0,224.6,928.8,214.4,933.4,219.5,0,1,938.0,224.6
342,11394,2071789,938.2,224.7,929.5,214.1,933.85,219.4,0,1,938.2,224.7
342,11395,2071790,938.5,224.7,930.5,213.8,934.5,219.25,0,1,938.5,224.7
342,11396,2071791,939.4,224.6,931.5,213.4,935.45,219.0,0,1,939.4,224.6
342,11397,2071792,940.3,225.1,932.3,212.9,936.3,219.0,0,1,940.3,225.1
342,11398,2071793,941.1,225.7,933.0,212.8,937.05,219.25,0,1,941.1,225.7
342,11399,2071794,941.9,226.2,933.5,213.2,937.7,219.7,1,1,941.9,226.2
342,11400,2071795,942.6,226.8,934.0,214.1,938.3,220.45,0,1,942.6,226.8
343,11401,2071796,943.2,227.0,934.3,215.4,938.75,221.2,0,1,943.2,227.0
343,11402,2071797,943.7,227.5,934.3,216.7,939.0,222.1,0,1,943.7,227.5
343,11403,2071798,943.4,228.0,934.1,218.0,938.75,223.0,0,1,943.4,228.0
343,11404,2071799,942.8,228.6,933.9,219.3,938.35,223.95,0,1,942.8,228.6
343,11405,2071800,942.2,229.0,933.1,220.4,937.65,224.7,0,1,942.2,229.0
343,11406,2071801,941.6,229.6,932.3,221.1,936.95,225.35,0,1,941.6,229.6
343,11407,2071802,940.9,230.0,931.6,221.3,936.25,225.65,0,1,940.9,230.0
343,11408,2071803,940.2,230.5,930.9,221.1,935.55,225.8,0,1,940.2,230.5
343,11409,2071804,939.4,231.8,930.3,221.0,934.85,226.4,0,1,939.4,231.8
343,11410,2071805,939.0,233.1,929.7,220.9,934.35,227.0,0,1,939.0,233.1
343,11411,2071806,938.7,234.4,929.1,221.0,933.9,227.7,0,1,938.7,234.4
343,11412,2071807,938.3,235.8,928.9,221.0,933.6,228.4,0,1,938.3,235.8
343,11413,2071808,937.9,237.2,928.8,221.4,933.35,229.3,1,1,937.9,237.2
343,11414,2071809,937.6,238.9,928.4,221.9,933.0,230.4,0,1,937.6,238.9
343,11415,2071810,937.4,241.3,928.1,222.3,932.75,231.8,0,1,937.4,241.3
343,11416,2071811,937.2,242.4,927.9,222.8,932.55,232.6,0,1,937.2,242.4
343,11417,2071812,937.0,244.5,927.8,223.4,932.4,233.95,0,1,937.0,244.5
343,11418,2071813,936.9,246.7,928.1,223.9,932.5,235.3,0,1,936.9,246.7
343,11419,2071814,937.3,249.0,928.4,224.4,932.85,236.7,0,1,937.3,249.0
343,11420,2071815,937.6,251.1,929.1,224.8,933.35,237.95,0,1,937.6,251.1
343,11421,2071816,938.4,253.0,930.1,225.1,934.25,239.05,0,1,938.4,253.0
343,11422,2071817,939.3,254.2,931.1,225.5,935.2,239.85,1,1,939.3,254.2
343,11423,2071818,940.2,255.5,932.1,225.7,936.15,240.6,0,1,940.2,255.5
343,11424,2071819,941.2,256.2,933.0,225.9,937.1,241.05,0,1,941.2,256.2
343,11425,2071820,942.1,256.7,933.5,226.2,937.8,241.45,0,1,942.1,256.7
343,11426,2071821,942.7,257.3,933.9,227.3,938.3,242.3,0,1,942.7,257.3
343,11427,2071822,943.3,258.0,934.0,228.3,938.65,243.15,0,1,943.3,258.0
343,11428,2071823,943.4,258.8,934.0,229.4,938.7,244.1,0,1,943.4,258.8
343,11429,2071824,943.0,259.6,934.2,230.0,938.6,244.8,0,1,943.0,259.6
343,11430,2071825,942.3,260.3,934.2,230.6,938.25,245.45,0,1,942.3,260.3
343,11431,2071826,941.5,261.0,934.2,231.1,937.85,246.05,1,1,941.5,261.0
343,11432,2071827,940.7,262.0,934.2,231.4,937.45,246.7,0,1,940.7,262.0
343,11433,2071828,939.8,263.0,934.1,231.1,936.95,247.05,0,1,939.8,263.0
344,11434,2071829,938.8,264.0,933.9,230.8,936.35,247.4,0,1,938.8,264.0
344,11435,2071830,937.6,265.5,933.7,230.5,935.65,248.0,0,1,937.6,265.5
344,11436,2071831,936.8,266.8,933.2,230.7,935.0,248.75,0,1,936.8,266.8
344,11437,2071832,936.2,267.9,932.6,231.0,934.4,249.45,0,1,936.2,267.9
344,11438,2071833,935.7,268.9,932.1,231.3,933.9,250.1,0,1,935.7,268.9
344,11439,2071834,935.1,269.6,931.0,232.1,933.05,250.85,0,1,935.1,269.6
344,11440,2071835,934.8,270.1,930.1,232.8,932.45,251.45,0,1,934.8,270.1
344,11441,2071836,934.4,270.2,929.2,233.6,931.8,251.9,0,1,934.4,270.2
344,11442,2071837,934.3,269.7,928.3,234.5,931.3,252.1,0,1,934.3,269.7
344,11443,2071838,934.3,269.3,927.5,235.4,930.9,252.35,0,1,934.3,269.3
344,11444,2071839,934.2,269.0,926.8,236.0,930.5,252.5,0,1,934.2,269.0
344,11445,2071840,934.2,268.6,926.1,236.6,930.15,252.6,0,1,934.2,268.6
344,11446,2071841,934.2,268.1,925.9,237.1,930.05,252.6,0,1,934.2,268.1
344,11447,2071842,934.2,267.6,925.6,237.7,929.9,252.65,0,1,934.2,267.6
344,11448,2071843,934.6,267.2,925.4,238.3,930.0,252.75,0,1,934.6,267.2
344,11449,2071844,935.2,267.0,925.3,238.6,930.25,252.8,0,1,935.2,267.0
344,11450,2071845,935.8,266.7,925.3,239.3,930.55,253.0,0,1,935.8,266.7
344,11451,2071846,936.6,266.5,925.9,240.1,931.25,253.3,0,1,936.6,266.5
344,11452,2071847,937.4,266.4,926.5,241.5,931.95,253.95,0,1,937.4,266.4
344,11453,2071848,938.2,266.4,927.5,242.9,932.85,254.65,0,1,938.2,266.4
344,11454,2071849,939.1,266.5,928.6,243.9,933.85,255.2,0,1,939.1,266.5
344,11455,2071850,939.5,266.5,929.7,245.0,934.6,255.75,0,1,939.5,266.5
344,11456,2071851,939.7,266.5,930.8,246.0,935.25,256.25,0,1,939.7,266.5
344,11457,2071852,940.0,266.5,931.7,246.8,935.85,256.65,0,1,940.0,266.5
344,11458,2071853,940.1,266.6,932.0,247.8,936.05,257.2,0,1,940.1,266.6
344,11459,2071854,940.1,266.5,932.4,248.2,936.25,257.35,0,1,940.1,266.5
344,11460,2071855,940.1,266.3,932.6,249.4,936.35,257.85,0,1,940.1,266.3
344,11461,2071856,940.1,266.0,932.6,250.4,936.35,258.2,0,1,940.1,266.0
344,11462,2071857,940.1,265.6,932.6,251.6,936.35,258.6,0,1,940.1,265.6
344,11463,2071858,940.1,265.1,932.5,252.9,936.3,259.0,0,1,940.1,265.1
344,11464,2071859,940.3,264.8,932.3,254.3,936.3,259.55,0,1,940.3,264.8
344,11465,2071860,940.5,264.6,931.9,255.5,936.2,260.05,0,1,940.5,264.6
344,11466,2071861,940.8,264.9,931.5,256.6,936.15,260.75,0,1,940.8,264.9
345,11467,2071862,941.0,265.4,931.1,256.9,936.05,261.15,0,1,941.0,265.4
345,11468,2071863,941.1,266.0,930.7,257.1,935.9,261.55,0,1,941.1,266.0
345,11469,2071864,941.2,266.7,930.2,257.3,935.7,262.0,0,1,941.2,266.7
345,11470,2071865,941.2,267.2,929.7,257.4,935.45,262.3,0,1,941.2,267.2
345,11471,2071866,941.1,267.6,929.4,257.4,935.25,262.5,0,1,941.1,267.6
345,11472,2071867,940.9,267.6,929.3,257.2,935.1,262.4,0,1,940.9,267.6
345,11473,2071868,940.7,266.8,929.2,256.5,934.95,261.65,0,1,940.7,266.8
345,11474,2071869,940.4,266.0,929.1,255.8,934.75,260.9,0,1,940.4,266.0
345,11475,2071870,940.2,264.8,929.1,255.1,934.65,259.95,0,1,940.2,264.8
345,11476,2071871,939.8,263.7,929.0,254.3,934.4,259.0,0,1,939.8,263.7
345,11477,2071872,939.4,262.7,929.0,253.5,934.2,258.1,0,1,939.4,262.7
345,11478,2071873,939.0,261.6,928.9,252.8,933.95,257.2,0,1,939.0,261.6
345,11479,2071874,938.6,261.0,928.9,252.2,933.75,256.6,0,1,938.6,261.0
345,11480,2071875,938.3,260.7,928.8,252.0,933.55,256.35,0,1,938.3,260.7
345,11481,2071876,938.2,260.0,928.5,251.7,933.35,255.85,0,1,938.2,260.0
345,11482,2071877,938.2,259.5,928.4,251.4,933.3,255.45,0,1,938.2,259.5
345,11483,2071878,938.5,258.9,928.3,251.1,933.4,255.0,0,1,938.5,258.9
345,11484,2071879,938.9,258.4,928.6,250.8,933.75,254.6,0,1,938.9,258.4
345,11485,2071880,939.3,257.9,928.9,250.5,934.1,254.2,0,1,939.3,257.9
345,11486,2071881,939.6,257.3,929.3,250.1,934.45,253.7,0,1,939.6,257.3
345,11487,2071882,939.9,256.4,929.9,249.8,934.9,253.1,0,1,939.9,256.4
345,11488,2071883,940.1,255.9,930.6,249.4,935.35,252.65,0,1,940.1,255.9
345,11489,2071884,940.5,255.3,931.2,249.3,935.85,252.3,0,1,940.5,255.3
345,11490,2071885,940.8,254.7,931.7,249.6,936.25,252.15,0,1,940.8,254.7
345,11491,2071886,941.1,254.1,931.9,249.9,936.5,252.0,0,1,941.1,254.1
345,11492,2071887,941.3,253.5,932.0,250.4,936.65,251.95,0,1,941.3,253.5
345,11493,2071888,941.5,253.9,932.1,251.1,936.8,252.5,0,1,941.5,253.9
345,11494,2071889,941.7,254.4,932.1,251.8,936.9,253.1,0,1,941.7,254.4
345,11495,2071890,941.9,254.8,932.2,252.6,937.05,253.7,0,1,941.9,254.8
345,11496,2071891,941.8,255.5,932.4,253.1,937.1,254.3,0,1,941.8,255.5
345,11497,2071892,941.7,255.9,932.6,253.4,937.15,254.65,0,1,941.7,255.9
345,11498,2071893,941.6,256.2,932.9,253.6,937.25,254.9,0,1,941.6,256.2
345,11499,2071894,941.4,256.5,933.1,253.8,937.25,255.15,0,1,941.4,256.5
345,11500,2071895,941.4,255.8,933.3,253.7,937.35,254.75,0,1,941.4,255.8
346,11501,2071896,941.3,255.0,933.5,253.6,937.4,254.3,0,1,941.3,255.0
346,11502,2071897,941.3,254.1,933.5,253.7,937.4,253.9,0,1,941.3,254.1
346,11503,2071898,941.4,253.3,933.5,253.9,937.45,253.6,0,1,941.4,253.3
346,11504,2071899,941.5,252.8,933.5,254.2,937.5,253.5,0,1,941.5,252.8
346,11505,2071900,941.7,252.4,933.9,254.5,937.8,253.45,0,1,941.7,252.4
346,11506,2071901,941.9,251.9,934.3,255.1,938.1,253.5,0,1,941.9,251.9
346,11507,2071902,942.1,251.6,934.7,255.6,938.4,253.6,0,1,942.1,251.6
346,11508,2071903,942.2,251.5,935.1,256.2,938.65,253.85,0,1,942.2,251.5
346,11509,2071904,942.3,251.5,935.4,256.6,938.85,254.05,0,1,942.3,251.5
346,11510,2071905,942.4,251.6,935.8,256.8,939.1,254.2,0,1,942.4,251.6
346,11511,2071906,942.5,252.4,935.4,256.9,938.95,254.65,0,1,942.5,252.4
346,11512,2071907,942.5,253.3,934.7,256.5,938.6,254.9,0,1,942.5,253.3
346,11513,2071908,942.6,254.0,934.0,255.9,938.3,254.95,0,1,942.6,254.0
346,11514,2071909,942.6,254.7,933.3,254.9,937.95,254.8,0,1,942.6,254.7
346,11515,2071910,942.7,254.9,932.5,253.3,937.6,254.1,0,1,942.7,254.9
346,11516,2071911,942.8,254.5,931.7,251.6,937.25,253.05,0,1,942.8,254.5
346,11517,2071912,942.8,254.1,930.4,250.0,936.6,252.05,0,1,942.8,254.1
346,11518,2071913,942.6,253.0,929.7,248.4,936.15,250.7,0,1,942.6,253.0
346,11519,2071914,942.1,251.0,928.9,247.0,935.5,249.0,0,1,942.1,251.0
346,11520,2071915,941.5,249.2,927.9,245.6,934.7,247.4,0,1,941.5,249.2
346,11521,2071916,940.7,247.4,926.7,244.7,933.7,246.05,0,1,940.7,247.4
346,11522,2071917,939.7,245.7,925.5,243.8,932.6,244.75,0,1,939.7,245.7
346,11523,2071918,938.5,244.5,924.6,243.0,931.55,243.75,0,1,938.5,244.5
346,11524,2071919,937.4,243.3,924.2,240.9,930.8,242.1,0,1,937.4,243.3
346,11525,2071920,936.6,242.1,924.0,238.8,930.3,240.45,0,1,936.6,242.1
346,11526,2071921,935.9,241.7,923.9,236.9,929.9,239.3,0,1,935.9,241.7
346,11527,2071922,935.2,241.2,923.9,235.0,929.55,238.1,0,1,935.2,241.2
346,11528,2071923,934.7,240.6,924.7,233.2,929.7,236.9,0,1,934.7,240.6
346,11529,2071924,934.1,239.8,925.5,231.9,929.8,235.85,0,1,934.1,239.8
346,11530,2071925,933.6,239.0,926.5,230.5,930.05,234.75,0,1,933.6,239.0
346,11531,2071926,933.1,238.2,927.7,230.3,930.4,234.25,0,1,933.1,238.2
346,11532,2071927,932.7,237.2,929.5,229.7,931.1,233.45,0,1,932.7,237.2
346,11533,2071928,932.2,235.9,931.5,229.2,931.85,232.55,0,1,932.2,235.9
347,11534,2071929,931.9,234.6,933.4,228.7,932.65,231.65,0,1,931.9,234.6
347,11535,2071930,931.6,233.5,935.0,227.3,933.3,230.4,0,1,931.6,233.5
347,11536,2071931,931.9,232.8,936.6,225.9,934.25,229.35,0,1,931.9,232.8
347,11537,2071932,932.5,232.1,937.8,224.5,935.15,228.3,0,1,932.5,232.1
347,11538,2071933,933.0,231.4,938.8,223.4,935.9,227.4,0,1,933.0,231.4
347,11539,2071934,933.7,230.8,938.8,222.6,936.25,226.7,0,1,933.7,230.8
347,11540,2071935,934.3,230.4,938.5,222.0,936.4,226.2,0,1,934.3,230.4
347,11541,2071936,935.2,230.1,938.0,221.5,936.6,225.8,0,1,935.2,230.1
347,11542,2071937,936.0,229.7,937.2,222.0,936.6,225.85,0,1,936.0,229.7
347,11543,2071938,936.6,229.7,936.4,222.4,936.5,226.05,0,1,936.6,229.7
347,11544,2071939,937.0,229.6,935.5,222.6,936.25,226.1,0,1,937.0,229.6
347,11545,2071940,937.3,229.5,934.7,222.3,936.0,225.9,0,1,937.3,229.5
347,11546,2071941,937.7,229.6,933.6,221.7,935.65,225.65,0,1,937.7,229.6
347,11547,2071942,938.0,229.8,932.9,221.2,935.45,225.5,0,1,938.0,229.8
347,11548,2071943,938.2,230.1,932.3,220.6,935.25,225.35,0,1,938.2,230.1
347,11549,2071944,938.1,230.4,931.6,220.8,934.85,225.6,0,1,938.1,230.4
347,11550,2071945,937.6,230.4,930.8,221.1,934.2,225.75,0,1,937.6,230.4
347,11551,2071946,937.1,230.3,930.1,221.5,933.6,225.9,0,1,937.1,230.3
347,11552,2071947,936.5,230.2,929.3,222.4,932.9,226.3,0,1,936.5,230.2
347,11553,2071948,935.9,230.1,928.7,223.5,932.3,226.8,0,1,935.9,230.1
347,11554,2071949,935.3,229.6,927.7,224.4,931.5,227.0,0,1,935.3,229.6
347,11555,2071950,934.6,229.2,926.8,225.2,930.7,227.2,0,1,934.6,229.2
347,11556,2071951,934.2,228.8,926.0,225.3,930.1,227.05,0,1,934.2,228.8
347,11557,2071952,934.2,228.4,925.6,225.4,929.9,226.9,0,1,934.2,228.4
347,11558,2071953,934.1,228.2,925.2,225.4,929.65,226.8,0,1,934.1,228.2
347,11559,2071954,933.9,227.9,924.8,225.7,929.35,226.8,0,1,933.9,227.9
347,11560,2071955,933.3,227.6,925.0,225.9,929.15,226.75,0,1,933.3,227.6
347,11561,2071956,932.6,227.3,925.6,226.2,929.1,226.75,0,1,932.6,227.3
347,11562,2071957,931.9,226.9,926.3,226.5,929.1,226.7,0,1,931.9,226.9
347,11563,2071958,931.2,225.7,927.3,226.7,929.25,226.2,0,1,931.2,225.7
347,11564,2071959,930.5,224.5,928.6,226.9,929.55,225.7,0,1,930.5,224.5
347,11565,2071960,930.4,223.4,929.9,227.0,930.15,225.2,0,1,930.4,223.4
347,11566,2071961,930.3,222.2,931.3,226.9,930.8,224.55,0,1,930.3,222.2
348,11567,2071962,930.8,221.9,932.1,226.7,931.45,224.3,0,1,930.8,221.9
348,11568,2071963,932.1,221.7,932.8,226.8,932.45,224.25,0,1,932.1,221.7
348,11569,2071964,933.4,221.7,933.4,227.1,933.4,224.4,0,1,933.4,221.7
348,11570,2071965,934.7,222.5,933.5,227.5,934.1,225.0,0,1,934.7,222.5
348,11571,2071966,936.0,223.2,933.2,228.0,934.6,225.6,0,1,936.0,223.2
348,11572,2071967,936.9,224.0,932.9,229.0,934.9,226.5,0,1,936.9,224.0
348,11573,2071968,937.6,224.7,932.5,230.0,935.05,227.35,0,1,937.6,224.7
348,11574,2071969,938.1,224.7,932.1,231.5,935.1,228.1,0,1,938.1,224.7
348,11575,2071970,937.8,224.7,931.6,233.0,934.7,228.85,0,1,937.8,224.7
348,11576,2071971,937.5,224.7,931.1,234.4,934.3,229.55,0,1,937.5,224.7
348,11577,2071972,937.0,224.8,930.2,236.2,933.6,230.5,0,1,937.0,224.8
348,11578,2071973,936.3,225.1,929.1,238.1,932.7,231.6,0,1,936.3,225.1
348,11579,2071974,935.0,225.3,927.9,240.1,931.45,232.7,0,1,935.0,225.3
348,11580,2071975,933.5,225.5,926.8,242.3,930.15,233.9,0,1,933.5,225.5
348,11581,2071976,932.1,225.8,925.6,244.7,928.85,235.25,0,1,932.1,225.8
348,11582,2071977,930.8,226.2,924.5,247.5,927.65,236.85,0,1,930.8,226.2
348,11583,2071978,929.4,226.5,923.5,250.3,926.45,238.4,0,1,929.4,226.5
348,11584,2071979,928.2,226.8,922.9,253.0,925.55,239.9,0,1,928.2,226.8
348,11585,2071980,927.1,227.0,922.6,255.4,924.85,241.2,0,1,927.1,227.0
348,11586,2071981,926.8,227.4,922.8,257.3,924.8,242.35,0,1,926.8,227.4
348,11587,2071982,926.6,227.8,923.2,259.0,924.9,243.4,0,1,926.6,227.8
348,11588,2071983,927.7,228.1,923.9,260.1,925.8,244.1,0,1,927.7,228.1
348,11589,2071984,928.7,228.6,925.5,260.5,927.1,244.55,0,1,928.7,228.6
348,11590,2071985,929.8,229.3,927.3,260.9,928.55,245.1,0,1,929.8,229.3
348,11591,2071986,931.1,230.0,929.1,260.8,930.1,245.4,0,1,931.1,230.0
348,11592,2071987,932.5,230.7,930.9,260.9,931.7,245.8,0,1,932.5,230.7
348,11593,2071988,934.1,231.1,932.2,261.5,933.15,246.3,0,1,934.1,231.1
348,11594,2071989,935.7,231.5,933.4,262.4,934.55,246.95,0,1,935.7,231.5
348,11595,2071990,936.3,231.9,934.3,263.4,935.3,247.65,0,1,936.3,231.9
348,11596,2071991,936.9,232.1,934.4,264.4,935.65,248.25,0,1,936.9,232.1
348,11597,2071992,937.4,232.0,934.0,265.5,935.7,248.75,0,1,937.4,232.0
348,11598,2071993,937.8,232.0,933.3,266.7,935.55,249.35,0,1,937.8,232.0
348,11599,2071994,938.0,231.9,932.5,268.2,935.25,250.05,0,1,938.0,231.9
348,11600,2071995,937.8,231.7,931.7,269.0,934.75,250.35,0,1,937.8,231.7
349,11601,2071996,937.6,231.7,930.8,269.6,934.2,250.65,0,1,937.6,231.7
349,11602,2071997,937.3,231.7,930.0,270.0,933.65,250.85,0,1,937.3,231.7
349,11603,2071998,937.0,231.6,928.9,270.5,932.95,251.05,0,1,937.0,231.6
349,11604,2071999,936.7,231.5,928.1,271.0,932.4,251.25,0,1,936.7,231.5
349,11605,2072000,936.4,231.3,927.2,271.5,931.8,251.4,0,1,936.4,231.3
349,11606,2072001,935.9,231.0,926.1,271.8,931.0,251.4,0,1,935.9,231.0
349,11607,2072002,935.3,230.7,924.9,272.3,930.1,251.5,0,1,935.3,230.7
349,11608,2072003,934.7,230.4,923.8,272.8,929.25,251.6,0,1,934.7,230.4
349,11609,2072004,933.9,230.0,922.7,273.3,928.3,251.65,0,1,933.9,230.0
349,11610,2072005,933.2,229.7,921.9,273.8,927.55,251.75,0,1,933.2,229.7
349,11611,2072006,932.5,229.7,921.7,274.3,927.1,252.0,0,1,932.5,229.7
349,11612,2072007,931.8,229.8,922.0,274.4,926.9,252.1,0,1,931.8,229.8
349,11613,2072008,931.3,230.0,923.0,274.9,927.15,252.45,0,1,931.3,230.0
349,11614,2072009,931.2,230.4,924.2,275.5,927.7,252.95,0,1,931.2,230.4
349,11615,2072010,931.1,230.9,925.3,276.2,928.2,253.55,0,1,931.1,230.9
349,11616,2072011,931.2,232.1,926.8,276.8,929.0,254.45,0,1,931.2,232.1
349,11617,2072012,931.4,233.2,928.2,277.5,929.8,255.35,0,1,931.4,233.2
349,11618,2072013,932.4,234.1,928.9,278.3,930.65,256.2,0,1,932.4,234.1
349,11619,2072014,933.3,235.0,929.8,278.9,931.55,256.95,0,1,933.3,235.0
349,11620,2072015,934.3,236.0,930.4,279.2,932.35,257.6,0,1,934.3,236.0
349,11621,2072016,935.3,236.8,930.8,279.0,933.05,257.9,0,1,935.3,236.8
349,11622,2072017,936.1,237.5,930.9,278.2,933.5,257.85,0,1,936.1,237.5
349,11623,2072018,936.8,237.7,930.9,277.3,933.85,257.5,0,1,936.8,237.7
349,11624,2072019,936.8,237.9,930.8,276.5,933.8,257.2,0,1,936.8,237.9
349,11625,2072020,935.9,238.2,930.7,275.7,933.3,256.95,0,1,935.9,238.2
349,11626,2072021,935.1,238.4,930.5,275.2,932.8,256.8,0,1,935.1,238.4
349,11627,2072022,934.2,238.6,930.3,275.2,932.25,256.9,0,1,934.2,238.6
349,11628,2072023,933.3,238.6,930.5,275.3,931.9,256.95,0,1,933.3,238.6
349,11629,2072024,932.5,238.7,930.9,276.1,931.7,257.4,0,1,932.5,238.7
349,11630,2072025,931.9,238.8,931.2,276.8,931.55,257.8,0,1,931.9,238.8
349,11631,2072026,931.9,238.9,931.5,277.5,931.7,258.2,0,1,931.9,238.9
349,11632,2072027,931.8,238.7,931.7,278.1,931.75,258.4,0,1,931.8,238.7
349,11633,2072028,931.7,238.0,931.8,278.6,931.75,258.3,0,1,931.7,238.0
350,11634,2072029,931.5,237.3,931.4,278.6,931.45,257.95,0,1,931.5,237.3
350,11635,2072030,931.2,236.7,930.8,278.7,931.0,257.7,0,1,931.2,236.7
350,11636,2072031,930.9,236.2,930.1,278.7,930.5,257.45,0,1,930.9,236.2
350,11637,2072032,930.6,235.5,929.5,278.9,930.05,257.2,0,1,930.6,235.5
350,11638,2072033,930.3,234.9,928.9,278.5,929.6,256.7,0,1,930.3,234.9
350,11639,2072034,930.0,234.5,928.4,278.1,929.2,256.3,0,1,930.0,234.5
350,11640,2072035,929.7,234.8,928.1,277.8,928.9,256.3,0,1,929.7,234.8
350,11641,2072036,929.9,235.1,928.3,277.4,929.1,256.25,0,1,929.9,235.1
350,11642,2072037,930.2,235.4,928.4,277.2,929.3,256.3,0,1,930.2,235.4
350,11643,2072038,930.5,235.6,928.5,277.4,929.5,256.5,0,1,930.5,235.6
350,11644,2072039,931.0,235.8,928.7,277.6,929.85,256.7,0,1,931.0,235.8
350,11645,2072040,931.5,235.9,928.7,278.2,930.1,257.05,0,1,931.5,235.9
350,11646,2072041,932.3,236.1,928.8,278.8,930.55,257.45,0,1,932.3,236.1
350,11647,2072042,933.3,236.2,928.8,279.3,931.05,257.75,0,1,933.3,236.2
350,11648,2072043,933.9,236.2,928.8,279.7,931.35,257.95,0,1,933.9,236.2
350,11649,2072044,934.6,236.2,928.9,279.6,931.75,257.9,0,1,934.6,236.2
350,11650,2072045,935.4,236.1,929.1,279.1,932.25,257.6,0,1,935.4,236.1
350,11651,2072046,936.1,235.9,929.2,278.5,932.65,257.2,0,1,936.1,235.9
350,11652,2072047,936.7,235.9,929.6,278.1,933.15,257.0,0,1,936.7,235.9
350,11653,2072048,937.0,235.8,930.2,277.8,933.6,256.8,0,1,937.0,235.8
350,11654,2072049,937.2,235.6,931.0,277.6,934.1,256.6,0,1,937.2,235.6
350,11655,2072050,937.3,235.4,931.7,277.4,934.5,256.4,0,1,937.3,235.4
350,11656,2072051,937.4,234.9,932.5,277.5,934.95,256.2,0,1,937.4,234.9
350,11657,2072052,937.2,234.1,933.2,277.6,935.2,255.85,0,1,937.2,234.1
350,11658,2072053,936.9,233.4,933.9,277.8,935.4,255.6,0,1,936.9,233.4
350,11659,2072054,936.2,232.7,934.5,278.0,935.35,255.35,0,1,936.2,232.7
350,11660,2072055,935.6,232.0,934.8,278.4,935.2,255.2,0,1,935.6,232.0
350,11661,2072056,934.9,231.4,934.7,278.8,934.8,255.1,0,1,934.9,231.4
350,11662,2072057,934.2,230.9,934.6,279.1,934.4,255.0,0,1,934.2,230.9
350,11663,2072058,933.4,230.4,934.2,279.5,933.8,254.95,0,1,933.4,230.4
350,11664,2072059,932.6,229.9,933.8,280.2,933.2,255.05,0,1,932.6,229.9
350,11665,2072060,931.4,229.5,933.4,280.6,932.4,255.05,0,1,931.4,229.5
350,11666,2072061,930.1,229.1,932.9,280.8,931.5,254.95,0,1,930.1,229.1
351,11667,2072062,928.8,228.8,932.4,280.1,930.6,254.45,0,1,928.8,228.8
351,11668,2072063,927.6,228.4,932.0,279.4,929.8,253.9,0,1,927.6,228.4
351,11669,2072064,926.5,227.8,931.5,278.5,929.0,253.15,0,1,926.5,227.8
351,11670,2072065,925.5,227.5,931.3,277.3,928.4,252.4,0,1,925.5,227.5
351,11671,2072066,924.6,227.5,931.1,276.0,927.85,251.75,0,1,924.6,227.5
351,11672,2072067,924.2,227.5,931.0,275.0,927.6,251.25,0,1,924.2,227.5
351,11673,2072068,924.3,226.6,931.0,274.2,927.65,250.4,0,1,924.3,226.6
351,11674,2072069,924.5,225.8,930.8,274.4,927.65,250.1,0,1,924.5,225.8
351,11675,2072070,925.3,225.0,930.6,274.6,927.95,249.8,0,1,925.3,225.0
351,11676,2072071,926.1,224.4,930.5,275.1,928.3,249.75,0,1,926.1,224.4
351,11677,2072072,926.8,223.9,930.4,275.4,928.6,249.65,0,1,926.8,223.9
351,11678,2072073,928.4,223.4,930.4,275.6,929.4,249.5,0,1,928.4,223.4
351,11679,2072074,930.1,223.0,930.4,275.9,930.25,249.45,0,1,930.1,223.0
351,11680,2072075,931.9,223.5,930.3,276.4,931.1,249.95,0,1,931.9,223.5
351,11681,2072076,933.7,224.0,930.5,276.5,932.1,250.25,0,1,933.7,224.0
351,11682,2072077,934.6,224.3,930.9,276.7,932.75,250.5,0,1,934.6,224.3
351,11683,2072078,935.5,224.4,931.3,276.9,933.4,250.65,0,1,935.5,224.4
351,11684,2072079,936.4,224.4,931.6,277.2,934.0,250.8,0,1,936.4,224.4
351,11685,2072080,936.4,224.5,931.9,277.7,934.15,251.1,0,1,936.4,224.5
351,11686,2072081,936.3,224.6,932.2,278.0,934.25,251.3,0,1,936.3,224.6
351,11687,2072082,936.0,225.0,932.4,278.4,934.2,251.7,0,1,936.0,225.0
351,11688,2072083,935.9,225.4,932.6,279.1,934.25,252.25,0,1,935.9,225.4
351,11689,2072084,935.6,225.8,932.6,279.8,934.1,252.8,0,1,935.6,225.8
351,11690,2072085,935.1,226.0,932.6,280.3,933.85,253.15,0,1,935.1,226.0
351,11691,2072086,934.5,226.2,932.6,280.9,933.55,253.55,0,1,934.5,226.2
351,11692,2072087,934.0,226.3,932.7,281.5,933.35,253.9,0,1,934.0,226.3
351,11693,2072088,933.4,226.4,932.7,282.0,933.05,254.2,0,1,933.4,226.4
351,11694,2072089,932.9,226.3,932.8,282.4,932.85,254.35,0,1,932.9,226.3
351,11695,2072090,932.3,226.4,932.8,282.5,932.55,254.45,0,1,932.3,226.4
351,11696,2072091,931.9,226.9,932.9,282.8,932.4,254.85,0,1,931.9,226.9
351,11697,2072092,931.7,227.7,932.9,283.2,932.3,255.45,0,1,931.7,227.7
351,11698,2072093,931.5,228.8,932.9,283.7,932.2,256.25,0,1,931.5,228.8
351,11699,2072094,930.9,230.5,932.8,284.1,931.85,257.3,0,1,930.9,230.5
351,11700,2072095,930.1,232.2,932.6,284.5,931.35,258.35,0,1,930.1,232.2
352,11701,2072096,929.2,233.6,932.4,285.1,930.8,259.35,0,1,929.2,233.6
352,11702,2072097,928.3,235.0,932.2,285.5,930.25,260.25,0,1,928.3,235.0
352,11703,2072098,927.2,236.0,932.3,285.7,929.75,260.85,0,1,927.2,236.0
352,11704,2072099,926.2,236.8,932.3,285.8,929.25,261.3,0,1,926.2,236.8
352,11705,2072100,925.2,238.1,932.3,285.6,928.75,261.85,0,1,925.2,238.1
352,11706,2072101,924.8,239.3,932.4,285.2,928.6,262.25,0,1,924.8,239.3
352,11707,2072102,924.5,240.5,932.5,284.7,928.5,262.6,0,1,924.5,240.5
352,11708,2072103,924.4,241.8,932.7,284.2,928.55,263.0,0,1,924.4,241.8
352,11709,2072104,924.3,243.2,932.7,283.6,928.5,263.4,0,1,924.3,243.2
352,11710,2072105,924.5,244.5,932.4,283.2,928.45,263.85,0,1,924.5,244.5
352,11711,2072106,924.9,245.8,931.8,282.8,928.35,264.3,0,1,924.9,245.8
352,11712,2072107,925.4,246.5,931.1,282.8,928.25,264.65,0,1,925.4,246.5
352,11713,2072108,925.7,246.7,930.4,283.0,928.05,264.85,0,1,925.7,246.7
352,11714,2072109,926.1,247.7,929.7,283.2,927.9,265.45,0,1,926.1,247.7
352,11715,2072110,926.4,248.6,929.1,283.3,927.75,265.95,0,1,926.4,248.6
352,11716,2072111,927.0,249.5,928.5,283.4,927.75,266.45,0,1,927.0,249.5
352,11717,2072112,927.6,250.4,928.1,283.6,927.85,267.0,0,1,927.6,250.4
352,11718,2072113,928.1,251.2,928.3,283.7,928.2,267.45,0,1,928.1,251.2
352,11719,2072114,928.5,251.8,928.8,283.7,928.65,267.75,0,1,928.5,251.8
352,11720,2072115,928.9,252.3,929.2,283.8,929.05,268.05,0,1,928.9,252.3
352,11721,2072116,929.3,252.8,929.8,283.8,929.55,268.3,0,1,929.3,252.8
352,11722,2072117,929.7,253.4,930.3,284.0,930.0,268.7,0,1,929.7,253.4
352,11723,2072118,929.9,254.0,931.0,284.1,930.45,269.05,0,1,929.9,254.0
352,11724,2072119,930.0,254.6,931.5,283.8,930.75,269.2,0,1,930.0,254.6
352,11725,2072120,930.3,255.3,931.9,283.5,931.1,269.4,0,1,930.3,255.3
352,11726,2072121,930.5,256.1,931.9,283.1,931.2,269.6,0,1,930.5,256.1
352,11727,2072122,930.7,256.9,931.7,282.7,931.2,269.8,0,1,930.7,256.9
352,11728,2072123,931.0,257.1,931.5,282.1,931.25,269.6,0,1,931.0,257.1
352,11729,2072124,931.5,257.2,931.4,281.5,931.45,269.35,0,1,931.5,257.2
352,11730,2072125,932.3,257.3,931.5,281.1,931.9,269.2,0,1,932.3,257.3
352,11731,2072126,933.1,257.8,931.6,281.3,932.35,269.55,0,1,933.1,257.8
352,11732,2072127,933.7,258.6,931.7,281.5,932.7,270.05,0,1,933.7,258.6
352,11733,2072128,934.4,259.5,931.9,281.8,933.15,270.65,0,1,934.4,259.5
353,11734,2072129,935.0,260.5,932.3,282.1,933.65,271.3,0,1,935.0,260.5
353,11735,2072130,935.5,261.5,932.7,282.4,934.1,271.95,0,1,935.5,261.5
353,11736,2072131,935.8,262.4,933.3,282.5,934.55,272.45,0,1,935.8,262.4
353,11737,2072132,935.8,263.3,933.7,282.4,934.75,272.85,0,1,935.8,263.3
353,11738,2072133,935.8,263.7,934.1,282.1,934.95,272.9,0,1,935.8,263.7
353,11739,2072134,935.8,264.2,934.6,281.7,935.2,272.95,0,1,935.8,264.2
353,11740,2072135,935.9,265.0,935.2,281.3,935.55,273.15,0,1,935.9,265.0
353,11741,2072136,936.0,265.7,935.8,280.9,935.9,273.3,0,1,936.0,265.7
353,11742,2072137,936.1,266.4,936.5,280.5,936.3,273.45,0,1,936.1,266.4
353,11743,2072138,936.1,267.9,936.8,280.4,936.45,274.15,0,1,936.1,267.9
353,11744,2072139,936.1,269.4,937.1,280.2,936.6,274.8,0,1,936.1,269.4
353,11745,2072140,935.9,270.9,937.4,279.8,936.65,275.35,0,1,935.9,270.9
353,11746,2072141,935.3,272.1,937.5,279.4,936.4,275.75,0,1,935.3,272.1
353,11747,2072142,934.0,273.0,937.3,279.0,935.65,276.0,0,1,934.0,273.0
353,11748,2072143,932.7,273.9,937.1,278.5,934.9,276.2,0,1,932.7,273.9
353,11749,2072144,931.3,275.0,936.8,278.0,934.05,276.5,0,1,931.3,275.0
353,11750,2072145,930.1,275.4,936.5,277.2,933.3,276.3,0,1,930.1,275.4
353,11751,2072146,928.9,275.9,936.3,276.6,932.6,276.25,0,1,928.9,275.9
353,11752,2072147,927.8,276.3,936.1,276.0,931.95,276.15,0,1,927.8,276.3
353,11753,2072148,927.0,276.7,936.1,275.5,931.55,276.1,0,1,927.0,276.7
353,11754,2072149,926.6,277.1,936.1,275.1,931.35,276.1,0,1,926.6,277.1
353,11755,2072150,926.2,277.5,936.2,274.7,931.2,276.1,0,1,926.2,277.5
353,11756,2072151,925.8,277.4,936.6,273.9,931.2,275.65,0,1,925.8,277.4
353,11757,2072152,925.5,277.1,937.0,273.5,931.25,275.3,0,1,925.5,277.1
353,11758,2072153,925.2,276.8,937.4,273.1,931.3,274.95,0,1,925.2,276.8
353,11759,2072154,925.1,276.5,937.7,272.8,931.4,274.65,0,1,925.1,276.5
353,11760,2072155,925.2,276.2,938.0,272.7,931.6,274.45,0,1,925.2,276.2
353,11761,2072156,925.7,276.0,938.3,272.5,932.0,274.25,0,1,925.7,276.0
353,11762,2072157,926.1,275.9,938.6,272.4,932.35,274.15,0,1,926.1,275.9
353,11763,2072158,926.6,276.1,938.6,272.6,932.6,274.35,0,1,926.6,276.1
353,11764,2072159,927.1,277.2,938.6,272.6,932.85,274.9,0,1,927.1,277.2
353,11765,2072160,927.5,278.2,938.5,272.3,933.0,275.25,0,1,927.5,278.2
353,11766,2072161,927.8,279.7,938.2,272.0,933.0,275.85,0,1,927.8,279.7
354,11767,2072162,928.0,281.0,937.9,271.4,932.95,276.2,0,1,928.0,281.0
354,11768,2072163,928.2,282.3,937.8,270.7,933.0,276.5,0,1,928.2,282.3
354,11769,2072164,928.3,283.5,937.7,269.7,933.0,276.6,0,1,928.3,283.5
354,11770,2072165,928.4,284.6,937.5,268.9,932.95,276.75,0,1,928.4,284.6
354,11771,2072166,928.6,285.0,937.5,268.1,933.05,276.55,0,1,928.6,285.0
354,11772,2072167,928.7,285.5,937.5,267.5,933.1,276.5,0,1,928.7,285.5
354,11773,2072168,928.9,285.5,937.9,266.9,933.4,276.2,0,1,928.9,285.5
354,11774,2072169,928.9,285.5,938.3,266.4,933.6,275.95,0,1,928.9,285.5
354,11775,2072170,929.0,285.6,938.7,265.4,933.85,275.5,0,1,929.0,285.6
354,11776,2072171,929.1,285.7,938.9,264.7,934.0,275.2,0,1,929.1,285.7
354,11777,2072172,929.2,285.8,939.2,263.9,934.2,274.85,0,1,929.2,285.8
354,11778,2072173,929.4,286.1,939.4,263.2,934.4,274.65,0,1,929.4,286.1
354,11779,2072174,929.6,286.3,939.5,262.6,934.55,274.45,0,1,929.6,286.3
354,11780,2072175,930.0,286.6,939.5,262.3,934.75,274.45,0,1,930.0,286.6
354,11781,2072176,930.3,286.8,939.4,262.1,934.85,274.45,0,1,930.3,286.8
354,11782,2072177,930.7,287.1,939.2,262.4,934.95,274.75,0,1,930.7,287.1
354,11783,2072178,931.0,287.3,939.1,262.7,935.05,275.0,0,1,931.0,287.3
354,11784,2072179,931.2,287.5,938.8,263.0,935.0,275.25,0,1,931.2,287.5
354,11785,2072180,931.3,287.4,938.7,263.4,935.0,275.4,0,1,931.3,287.4
354,11786,2072181,931.3,286.8,938.6,263.8,934.95,275.3,0,1,931.3,286.8
354,11787,2072182,931.1,286.2,938.7,263.9,934.9,275.05,0,1,931.1,286.2
354,11788,2072183,930.7,285.5,938.8,263.9,934.75,274.7,0,1,930.7,285.5
354,11789,2072184,930.4,284.8,938.9,263.8,934.65,274.3,0,1,930.4,284.8
354,11790,2072185,930.1,284.2,938.8,263.5,934.45,273.85,0,1,930.1,284.2
354,11791,2072186,929.8,283.6,938.8,263.2,934.3,273.4,0,1,929.8,283.6
354,11792,2072187,929.7,283.2,938.7,262.8,934.2,273.0,0,1,929.7,283.2
354,11793,2072188,929.7,283.0,938.7,262.4,934.2,272.7,0,1,929.7,283.0
354,11794,2072189,929.7,282.9,938.6,261.5,934.15,272.2,0,1,929.7,282.9
354,11795,2072190,929.8,282.9,938.7,260.6,934.25,271.75,0,1,929.8,282.9
354,11796,2072191,930.0,283.5,938.8,259.5,934.4,271.5,0,1,930.0,283.5
354,11797,2072192,930.2,284.0,938.9,258.6,934.55,271.3,0,1,930.2,284.0
354,11798,2072193,930.6,284.4,939.1,257.7,934.85,271.05,0,1,930.6,284.4
354,11799,2072194,931.0,284.9,939.4,256.9,935.2,270.9,0,1,931.0,284.9
354,11800,2072195,931.3,285.7,939.7,256.0,935.5,270.85,0,1,931.3,285.7
355,11801,2072196,931.7,286.5,939.9,255.7,935.8,271.1,0,1,931.7,286.5
355,11802,2072197,932.1,287.1,940.1,254.8,936.1,270.95,0,1,932.1,287.1
355,11803,2072198,932.5,287.1,940.2,254.2,936.35,270.65,0,1,932.5,287.1
355,11804,2072199,932.9,287.2,940.2,253.5,936.55,270.35,0,1,932.9,287.2
355,11805,2072200,933.0,287.0,939.8,252.7,936.4,269.85,0,1,933.0,287.0
355,11806,2072201,933.1,286.9,939.3,252.0,936.2,269.45,0,1,933.1,286.9
355,11807,2072202,933.2,286.7,938.7,251.2,935.95,268.95,0,1,933.2,286.7
355,11808,2072203,933.3,286.3,937.8,250.4,935.55,268.35,0,1,933.3,286.3
355,11809,2072204,933.2,285.9,936.6,250.1,934.9,268.0,0,1,933.2,285.9
355,11810,2072205,933.0,285.5,935.4,249.8,934.2,267.65,0,1,933.0,285.5
355,11811,2072206,932.7,285.2,934.3,249.5,933.5,267.35,0,1,932.7,285.2
355,11812,2072207,932.4,285.1,933.3,249.2,932.85,267.15,0,1,932.4,285.1
355,11813,2072208,932.1,285.2,932.5,248.7,932.3,266.95,0,1,932.1,285.2
355,11814,2072209,931.7,285.4,931.7,248.2,931.7,266.8,0,1,931.7,285.4
355,11815,2072210,931.1,285.9,931.0,247.7,931.05,266.8,0,1,931.1,285.9
355,11816,2072211,930.4,286.5,930.7,247.5,930.55,267.0,0,1,930.4,286.5
355,11817,2072212,929.9,286.9,930.2,247.2,930.05,267.05,0,1,929.9,286.9
355,11818,2072213,929.3,287.2,929.8,247.2,929.55,267.2,0,1,929.3,287.2
355,11819,2072214,928.8,287.3,929.6,247.2,929.2,267.25,0,1,928.8,287.3
355,11820,2072215,928.3,287.3,929.4,247.5,928.85,267.4,0,1,928.3,287.3
355,11821,2072216,927.7,287.4,929.3,247.7,928.5,267.55,0,1,927.7,287.4
355,11822,2072217,927.2,287.7,929.4,248.0,928.3,267.85,0,1,927.2,287.7
355,11823,2072218,926.7,288.3,929.4,248.0,928.05,268.15,0,1,926.7,288.3
355,11824,2072219,926.2,289.0,929.6,248.1,927.9,268.55,0,1,926.2,289.0
355,11825,2072220,925.7,289.8,929.8,248.2,927.75,269.0,0,1,925.7,289.8
355,11826,2072221,925.2,290.4,930.1,248.3,927.65,269.35,0,1,925.2,290.4
355,11827,2072222,924.8,291.0,930.6,248.4,927.7,269.7,0,1,924.8,291.0
355,11828,2072223,924.2,291.4,931.5,248.4,927.85,269.9,0,1,924.2,291.4
355,11829,2072224,923.8,291.5,932.3,248.5,928.05,270.0,0,1,923.8,291.5
355,11830,2072225,923.6,291.9,933.1,248.6,928.35,270.25,0,1,923.6,291.9
355,11831,2072226,923.3,292.5,934.0,248.6,928.65,270.55,0,1,923.3,292.5
355,11832,2072227,923.1,293.0,934.8,248.5,928.95,270.75,0,1,923.1,293.0
355,11833,2072228,922.9,293.7,935.7,248.4,929.3,271.05,0,1,922.9,293.7
356,11834,2072229,922.8,294.4,936.3,248.3,929.55,271.35,0,1,922.8,294.4
356,11835,2072230,923.2,294.7,936.9,248.2,930.05,271.45,0,1,923.2,294.7
356,11836,2072231,923.6,295.0,937.6,248.0,930.6,271.5,0,1,923.6,295.0
356,11837,2072232,924.1,294.5,938.2,247.9,931.15,271.2,0,1,924.1,294.5
356,11838,2072233,924.7,293.7,938.9,247.7,931.8,270.7,0,1,924.7,293.7
356,11839,2072234,925.3,292.6,939.5,247.4,932.4,270.0,0,1,925.3,292.6
356,11840,2072235,926.0,291.6,940.2,247.1,933.1,269.35,0,1,926.0,291.6
356,11841,2072236,926.6,290.6,940.8,246.9,933.7,268.75,0,1,926.6,290.6
356,11842,2072237,926.8,289.9,940.9,246.7,933.85,268.3,0,1,926.8,289.9
356,11843,2072238,927.0,289.1,940.8,246.7,933.9,267.9,0,1,927.0,289.1
356,11844,2072239,927.0,288.3,940.8,246.6,933.9,267.45,0,1,927.0,288.3
356,11845,2072240,927.0,287.9,940.9,246.4,933.95,267.15,0,1,927.0,287.9
356,11846,2072241,926.9,287.7,941.3,246.3,934.1,267.0,0,1,926.9,287.7
356,11847,2072242,926.7,287.6,941.8,246.1,934.25,266.85,0,1,926.7,287.6
356,11848,2072243,926.5,287.4,942.2,245.6,934.35,266.5,0,1,926.5,287.4
356,11849,2072244,926.3,287.3,942.5,245.1,934.4,266.2,0,1,926.3,287.3
356,11850,2072245,926.2,287.1,942.9,244.4,934.55,265.75,0,1,926.2,287.1
356,11851,2072246,926.3,287.0,943.3,243.8,934.8,265.4,0,1,926.3,287.0
356,11852,2072247,926.6,286.8,943.5,243.3,935.05,265.05,0,1,926.6,286.8
356,11853,2072248,926.9,287.5,943.4,243.0,935.15,265.25,0,1,926.9,287.5
356,11854,2072249,927.3,288.3,943.4,242.8,935.35,265.55,0,1,927.3,288.3
356,11855,2072250,927.7,289.3,943.4,242.9,935.55,266.1,0,1,927.7,289.3
356,11856,2072251,927.9,290.3,943.6,243.0,935.75,266.65,0,1,927.9,290.3
356,11857,2072252,928.2,291.1,944.1,243.1,936.15,267.1,0,1,928.2,291.1
356,11858,2072253,928.5,291.3,944.6,243.0,936.55,267.15,0,1,928.5,291.3
356,11859,2072254,928.9,291.4,945.0,242.8,936.95,267.1,0,1,928.9,291.4
356,11860,2072255,929.4,290.7,945.4,242.6,937.4,266.65,0,1,929.4,290.7
356,11861,2072256,929.8,290.0,945.7,242.4,937.75,266.2,0,1,929.8,290.0
356,11862,2072257,930.3,289.1,945.6,242.3,937.95,265.7,0,1,930.3,289.1
356,11863,2072258,930.8,288.3,945.4,242.2,938.1,265.25,0,1,930.8,288.3
356,11864,2072259,931.3,287.7,944.8,242.1,938.05,264.9,0,1,931.3,287.7
356,11865,2072260,931.6,287.9,944.3,242.2,937.95,265.05,0,1,931.6,287.9
356,11866,2072261,932.0,288.0,943.6,242.4,937.8,265.2,0,1,932.0,288.0
357,11867,2072262,932.4,288.1,943.0,242.7,937.7,265.4,0,1,932.4,288.1
357,11868,2072263,932.7,288.3,942.4,243.2,937.55,265.75,0,1,932.7,288.3
357,11869,2072264,933.1,288.2,941.9,243.6,937.5,265.9,0,1,933.1,288.2
357,11870,2072265,933.4,287.9,941.6,243.9,937.5,265.9,0,1,933.4,287.9
357,11871,2072266,933.6,287.6,941.2,244.1,937.4,265.85,0,1,933.6,287.6
357,11872,2072267,933.9,287.2,940.8,244.3,937.35,265.75,0,1,933.9,287.2
357,11873,2072268,933.8,286.9,940.3,244.5,937.05,265.7,0,1,933.8,286.9
357,11874,2072269,933.2,286.7,939.5,244.6,936.35,265.65,0,1,933.2,286.7
357,11875,2072270,932.4,286.6,938.8,244.4,935.6,265.5,0,1,932.4,286.6
357,11876,2072271,931.7,286.6,938.0,244.1,934.85,265.35,0,1,931.7,286.6
357,11877,2072272,930.6,286.7,937.4,243.7,934.0,265.2,0,1,930.6,286.7
357,11878,2072273,929.5,286.8,936.8,243.6,933.15,265.2,0,1,929.5,286.8
357,11879,2072274,928.4,286.9,936.2,243.5,932.3,265.2,0,1,928.4,286.9
357,11880,2072275,927.2,286.6,935.8,243.5,931.5,265.05,0,1,927.2,286.6
357,11881,2072276,926.6,286.2,935.9,243.4,931.25,264.8,0,1,926.6,286.2
357,11882,2072277,926.2,285.4,936.1,243.4,931.15,264.4,0,1,926.2,285.4
357,11883,2072278,925.9,284.1,936.2,243.4,931.05,263.75,0,1,925.9,284.1
357,11884,2072279,925.7,282.8,936.4,243.5,931.05,263.15,0,1,925.7,282.8
357,11885,2072280,925.5,281.5,936.6,243.5,931.05,262.5,0,1,925.5,281.5
357,11886,2072281,925.4,280.1,936.8,243.7,931.1,261.9,0,1,925.4,280.1
357,11887,2072282,925.3,279.0,937.2,244.1,931.25,261.55,0,1,925.3,279.0
357,11888,2072283,925.3,277.9,937.5,244.6,931.4,261.25,0,1,925.3,277.9
357,11889,2072284,925.3,277.3,937.9,245.1,931.6,261.2,0,1,925.3,277.3
357,11890,2072285,925.3,277.1,938.6,245.6,931.95,261.35,0,1,925.3,277.1
357,11891,2072286,925.4,277.0,939.3,246.2,932.35,261.6,0,1,925.4,277.0
357,11892,2072287,925.3,276.9,939.9,246.8,932.6,261.85,0,1,925.3,276.9
357,11893,2072288,925.2,277.0,940.6,247.1,932.9,262.05,0,1,925.2,277.0
357,11894,2072289,925.0,277.3,941.2,247.0,933.1,262.15,0,1,925.0,277.3
357,11895,2072290,924.7,277.9,941.7,247.0,933.2,262.45,0,1,924.7,277.9
357,11896,2072291,924.5,278.6,942.1,246.8,933.3,262.7,0,1,924.5,278.6
357,11897,2072292,924.3,279.3,942.3,246.7,933.3,263.0,0,1,924.3,279.3
357,11898,2072293,924.3,280.0,942.5,246.6,933.4,263.3,0,1,924.3,280.0
357,11899,2072294,924.5,280.6,942.7,246.5,933.6,263.55,0,1,924.5,280.6
357,11900,2072295,924.7,281.2,943.1,246.2,933.9,263.7,0,1,924.7,281.2
358,11901,2072296,925.0,281.6,943.4,245.9,934.2,263.75,0,1,925.0,281.6
358,11902,2072297,925.5,281.6,943.9,245.6,934.7,263.6,0,1,925.5,281.6
358,11903,2072298,926.0,281.7,944.3,245.3,935.15,263.5,0,1,926.0,281.7
358,11904,2072299,926.8,281.9,944.8,245.1,935.8,263.5,0,1,926.8,281.9
358,11905,2072300,927.5,283.0,945.2,244.8,936.35,263.9,0,1,927.5,283.0
358,11906,2072301,928.2,284.4,945.7,244.7,936.95,264.55,0,1,928.2,284.4
358,11907,2072302,929.0,285.7,946.0,245.0,937.5,265.35,0,1,929.0,285.7
358,11908,2072303,930.1,286.9,946.2,245.5,938.15,266.2,0,1,930.1,286.9
358,11909,2072304,931.1,287.6,946.1,245.9,938.6,266.75,0,1,931.1,287.6
358,11910,2072305,932.1,288.1,946.0,246.4,939.05,267.25,0,1,932.1,288.1
358,11911,2072306,932.8,288.4,945.9,246.7,939.35,267.55,0,1,932.8,288.4
358,11912,2072307,933.4,287.9,945.8,247.0,939.6,267.45,0,1,933.4,287.9
358,11913,2072308,934.3,286.9,945.7,247.2,940.0,267.05,0,1,934.3,286.9
358,11914,2072309,935.2,286.0,945.7,247.1,940.45,266.55,0,1,935.2,286.0
358,11915,2072310,935.6,284.3,945.8,247.1,940.7,265.7,0,1,935.6,284.3
358,11916,2072311,936.1,283.2,946.0,247.0,941.05,265.1,0,1,936.1,283.2
358,11917,2072312,936.6,282.1,946.3,247.0,941.45,264.55,0,1,936.6,282.1
358,11918,2072313,937.1,281.0,946.6,247.0,941.85,264.0,0,1,937.1,281.0
358,11919,2072314,937.6,280.1,946.9,247.2,942.25,263.65,0,1,937.6,280.1
358,11920,2072315,937.8,279.3,947.2,247.4,942.5,263.35,0,1,937.8,279.3
358,11921,2072316,937.9,278.3,947.3,247.6,942.6,262.95,0,1,937.9,278.3
358,11922,2072317,938.3,278.2,947.5,247.8,942.9,263.0,0,1,938.3,278.2
358,11923,2072318,938.7,278.1,947.6,248.2,943.15,263.15,0,1,938.7,278.1
358,11924,2072319,939.0,277.8,947.6,248.6,943.3,263.2,0,1,939.0,277.8
358,11925,2072320,939.3,277.6,947.3,249.0,943.3,263.3,0,1,939.3,277.6
358,11926,2072321,939.6,276.4,947.1,249.6,943.35,263.0,0,1,939.6,276.4
358,11927,2072322,939.9,275.1,946.8,250.2,943.35,262.65,0,1,939.9,275.1
358,11928,2072323,940.1,273.8,946.4,250.7,943.25,262.25,0,1,940.1,273.8
358,11929,2072324,939.9,272.7,946.0,251.2,942.95,261.95,0,1,939.9,272.7
358,11930,2072325,939.6,271.6,945.4,251.6,942.5,261.6,0,1,939.6,271.6
358,11931,2072326,939.1,270.6,944.7,251.9,941.9,261.25,0,1,939.1,270.6
358,11932,2072327,938.5,269.4,944.2,252.5,941.35,260.95,0,1,938.5,269.4
358,11933,2072328,937.9,268.9,943.7,253.2,940.8,261.05,0,1,937.9,268.9
359,11934,2072329,937.3,268.6,943.2,253.8,940.25,261.2,0,1,937.3,268.6
359,11935,2072330,936.8,268.4,942.7,254.8,939.75,261.6,0,1,936.8,268.4
359,11936,2072331,936.3,268.5,942.3,255.7,939.3,262.1,0,1,936.3,268.5
359,11937,2072332,936.0,268.5,942.0,256.6,939.0,262.55,0,1,936.0,268.5
359,11938,2072333,935.8,268.4,941.1,257.5,938.45,262.95,0,1,935.8,268.4
359,11939,2072334,935.7,268.0,940.3,258.2,938.0,263.1,0,1,935.7,268.0
359,11940,2072335,935.6,267.8,939.6,258.5,937.6,263.15,0,1,935.6,267.8
359,11941,2072336,935.5,267.4,938.7,258.8,937.1,263.1,0,1,935.5,267.4
359,11942,2072337,935.3,267.0,937.9,258.8,936.6,262.9,0,1,935.3,267.0
359,11943,2072338,935.1,266.1,937.1,258.8,936.1,262.45,0,1,935.1,266.1
359,11944,2072339,934.8,265.3,936.4,258.7,935.6,262.0,0,1,934.8,265.3
359,11945,2072340,934.6,264.6,936.4,258.1,935.5,261.35,0,1,934.6,264.6
359,11946,2072341,934.3,264.0,936.5,257.5,935.4,260.75,0,1,934.3,264.0
359,11947,2072342,934.0,263.5,936.5,257.0,935.25,260.25,0,1,934.0,263.5
359,11948,2072343,933.8,263.0,936.7,256.5,935.25,259.75,0,1,933.8,263.0
359,11949,2072344,933.6,262.5,936.8,255.9,935.2,259.2,0,1,933.6,262.5
359,11950,2072345,933.3,262.0,936.7,255.4,935.0,258.7,0,1,933.3,262.0
359,11951,2072346,933.2,261.4,936.6,255.1,934.9,258.25,0,1,933.2,261.4
359,11952,2072347,933.1,260.9,936.4,255.2,934.75,258.05,0,1,933.1,260.9
359,11953,2072348,932.9,260.6,936.1,255.2,934.5,257.9,0,1,932.9,260.6
359,11954,2072349,932.8,260.4,935.4,254.9,934.1,257.65,0,1,932.8,260.4
359,11955,2072350,932.4,260.2,934.7,254.7,933.55,257.45,0,1,932.4,260.2
359,11956,2072351,931.9,260.0,934.1,254.2,933.0,257.1,0,1,931.9,260.0
359,11957,2072352,931.3,259.7,933.7,253.4,932.5,256.55,0,1,931.3,259.7
359,11958,2072353,930.8,259.6,933.4,252.6,932.1,256.1,0,1,930.8,259.6
359,11959,2072354,930.3,259.5,933.2,251.8,931.75,255.65,0,1,930.3,259.5
359,11960,2072355,929.8,259.4,933.0,251.0,931.4,255.2,0,1,929.8,259.4
359,11961,2072356,929.3,259.3,933.2,250.4,931.25,254.85,0,1,929.3,259.3
359,11962,2072357,929.3,259.2,933.4,249.7,931.35,254.45,0,1,929.3,259.2
359,11963,2072358,929.2,259.2,933.6,249.4,931.4,254.3,0,1,929.2,259.2
359,11964,2072359,929.2,259.4,933.6,249.3,931.4,254.35,0,1,929.2,259.4
359,11965,2072360,929.2,259.7,933.7,249.2,931.45,254.45,0,1,929.2,259.7
359,11966,2072361,929.1,260.0,933.7,249.1,931.4,254.55,0,1,929.1,260.0
360,11967,2072362,929.1,260.3,933.8,249.2,931.45,254.75,0,1,929.1,260.3
360,11968,2072363,929.0,260.6,934.0,249.4,931.5,255.0,0,1,929.0,260.6
360,11969,2072364,928.9,260.9,934.1,249.8,931.5,255.35,0,1,928.9,260.9
360,11970,2072365,928.8,261.0,934.4,250.2,931.6,255.6,0,1,928.8,261.0
360,11971,2072366,928.7,261.0,934.8,250.6,931.75,255.8,0,1,928.7,261.0
360,11972,2072367,928.7,261.1,935.2,251.0,931.95,256.05,0,1,928.7,261.1
360,11973,2072368,928.5,261.3,935.7,251.4,932.1,256.35,0,1,928.5,261.3
360,11974,2072369,928.1,261.5,936.1,251.9,932.1,256.7,0,1,928.1,261.5
360,11975,2072370,927.6,261.8,936.5,252.2,932.05,257.0,0,1,927.6,261.8
360,11976,2072371,927.0,262.2,937.1,252.7,932.05,257.45,0,1,927.0,262.2
360,11977,2072372,926.4,262.5,937.7,253.5,932.05,258.0,0,1,926.4,262.5
360,11978,2072373,925.9,262.6,938.2,254.3,932.05,258.45,0,1,925.9,262.6
360,11979,2072374,925.3,262.4,938.7,255.0,932.0,258.7,0,1,925.3,262.4
360,11980,2072375,924.9,262.0,939.1,255.6,932.0,258.8,0,1,924.9,262.0
360,11981,2072376,924.7,261.4,939.6,256.2,932.15,258.8,0,1,924.7,261.4
360,11982,2072377,924.8,260.9,940.2,256.5,932.5,258.7,0,1,924.8,260.9
360,11983,2072378,924.9,260.3,940.8,255.8,932.85,258.05,0,1,924.9,260.3
360,11984,2072379,925.4,259.8,941.3,254.9,933.35,257.35,0,1,925.4,259.8
360,11985,2072380,925.8,259.4,941.7,254.1,933.75,256.75,0,1,925.8,259.4
360,11986,2072381,926.3,259.2,942.9,253.5,934.6,256.35,0,1,926.3,259.2
360,11987,2072382,926.7,259.1,943.9,252.9,935.3,256.0,0,1,926.7,259.1
360,11988,2072383,927.2,259.1,944.9,252.5,936.05,255.8,0,1,927.2,259.1
360,11989,2072384,927.6,259.2,945.6,252.2,936.6,255.7,0,1,927.6,259.2
360,11990,2072385,927.9,259.8,946.0,252.6,936.95,256.2,0,1,927.9,259.8
360,11991,2072386,928.0,260.3,946.1,252.6,937.05,256.45,0,1,928.0,260.3
360,11992,2072387,928.5,260.9,946.2,252.6,937.35,256.75,0,1,928.5,260.9
360,11993,2072388,929.0,261.4,945.6,252.1,937.3,256.75,0,1,929.0,261.4
360,11994,2072389,929.6,261.8,945.0,251.8,937.3,256.8,0,1,929.6,261.8
360,11995,2072390,930.2,262.2,944.4,251.5,937.3,256.85,0,1,930.2,262.2
360,11996,2072391,930.8,262.5,943.8,251.6,937.3,257.05,0,1,930.8,262.5
360,11997,2072392,931.5,262.2,943.5,251.9,937.5,257.05,0,1,931.5,262.2
360,11998,2072393,932.0,262.0,943.6,252.4,937.8,257.2,0,1,932.0,262.0
360,11999,2072394,932.5,261.7,944.1,253.0,938.3,257.35,0,1,932.5,261.7
360,12000,2072395,933.0,261.4,944.6,253.8,938.8,257.6,0,1,933.0,261.4
361,12001,2072396,933.4,261.2,945.0,254.5,939.2,257.85,0,1,933.4,261.2
361,12002,2072397,933.9,260.9,945.4,255.0,939.65,257.95,0,1,933.9,260.9
361,12003,2072398,934.5,260.5,945.8,254.9,940.15,257.7,0,1,934.5,260.5
361,12004,2072399,935.0,260.1,946.1,254.3,940.55,257.2,0,1,935.0,260.1
361,12005,2072400,936.1,259.8,946.3,253.5,941.2,256.65,0,1,936.1,259.8
361,12006,2072401,936.8,259.5,946.2,252.7,941.5,256.1,0,1,936.8,259.5
361,12007,2072402,937.6,259.2,946.2,251.8,941.9,255.5,0,1,937.6,259.2
361,12008,2072403,938.6,258.9,946.1,250.9,942.35,254.9,0,1,938.6,258.9
361,12009,2072404,939.6,258.4,946.2,250.0,942.9,254.2,0,1,939.6,258.4
361,12010,2072405,940.4,257.7,946.4,248.9,943.4,253.3,0,1,940.4,257.7
361,12011,2072406,941.2,257.0,946.5,248.2,943.85,252.6,0,1,941.2,257.0
361,12012,2072407,941.5,256.1,946.8,247.5,944.15,251.8,0,1,941.5,256.1
361,12013,2072408,941.8,255.2,947.0,246.7,944.4,250.95,0,1,941.8,255.2
361,12014,2072409,942.1,254.3,947.1,246.0,944.6,250.15,0,1,942.1,254.3
361,12015,2072410,942.1,253.5,947.2,245.4,944.65,249.45,0,1,942.1,253.5
361,12016,2072411,942.0,253.0,947.2,244.5,944.6,248.75,0,1,942.0,253.0
361,12017,2072412,942.0,253.0,947.1,243.6,944.55,248.3,0,1,942.0,253.0
361,12018,2072413,942.0,252.9,947.0,242.9,944.5,247.9,0,1,942.0,252.9
361,12019,2072414,942.1,253.0,946.8,242.2,944.45,247.6,0,1,942.1,253.0
361,12020,2072415,942.1,253.2,946.6,241.1,944.35,247.15,0,1,942.1,253.2
361,12021,2072416,942.1,253.5,946.3,240.0,944.2,246.75,0,1,942.1,253.5
361,12022,2072417,942.1,253.7,946.2,239.0,944.15,246.35,0,1,942.1,253.7
361,12023,2072418,942.2,253.9,946.0,238.3,944.1,246.1,0,1,942.2,253.9
361,12024,2072419,942.2,254.1,945.9,237.8,944.05,245.95,0,1,942.2,254.1
361,12025,2072420,942.2,254.3,945.1,237.1,943.65,245.7,0,1,942.2,254.3
361,12026,2072421,942.2,254.6,944.3,236.3,943.25,245.45,0,1,942.2,254.6
361,12027,2072422,942.2,254.8,943.6,235.8,942.9,245.3,0,1,942.2,254.8
361,12028,2072423,942.2,255.0,943.0,235.2,942.6,245.1,0,1,942.2,255.0
361,12029,2072424,942.2,255.3,942.6,234.6,942.4,244.95,0,1,942.2,255.3
361,12030,2072425,942.2,255.6,942.3,234.0,942.25,244.8,0,1,942.2,255.6
361,12031,2072426,942.2,256.0,942.1,233.5,942.15,244.75,0,1,942.2,256.0
361,12032,2072427,942.0,256.2,942.5,234.2,942.25,245.2,0,1,942.0,256.2
361,12033,2072428,941.9,256.6,942.8,234.9,942.35,245.75,0,1,941.9,256.6
362,12034,2072429,941.7,257.1,943.1,235.7,942.4,246.4,0,1,941.7,257.1
362,12035,2072430,941.6,257.5,943.3,236.4,942.45,246.95,0,1,941.6,257.5
362,12036,2072431,941.4,257.8,943.3,237.0,942.35,247.4,0,1,941.4,257.8
362,12037,2072432,941.2,257.8,943.4,237.5,942.3,247.65,0,1,941.2,257.8
362,12038,2072433,940.8,257.9,943.4,237.3,942.1,247.6,0,1,940.8,257.9
362,12039,2072434,940.6,257.9,943.5,236.1,942.05,247.0,0,1,940.6,257.9
362,12040,2072435,940.3,257.7,943.5,234.9,941.9,246.3,0,1,940.3,257.7
362,12041,2072436,940.0,257.5,943.4,233.8,941.7,245.65,0,1,940.0,257.5
362,12042,2072437,939.7,257.3,943.4,233.1,941.55,245.2,0,1,939.7,257.3
362,12043,2072438,939.3,257.1,943.2,232.6,941.25,244.85,0,1,939.3,257.1
362,12044,2072439,939.1,257.1,943.0,232.3,941.05,244.7,0,1,939.1,257.1
362,12045,2072440,939.0,257.2,942.7,233.1,940.85,245.15,0,1,939.0,257.2
362,12046,2072441,939.1,257.3,942.4,233.9,940.75,245.6,0,1,939.1,257.3
362,12047,2072442,939.4,257.4,941.6,234.4,940.5,245.9,0,1,939.4,257.4
362,12048,2072443,939.9,257.5,941.0,234.7,940.45,246.1,0,1,939.9,257.5
362,12049,2072444,940.4,257.6,940.3,234.8,940.35,246.2,0,1,940.4,257.6
362,12050,2072445,940.9,257.7,939.7,234.8,940.3,246.25,0,1,940.9,257.7
362,12051,2072446,941.2,257.8,939.2,234.7,940.2,246.25,0,1,941.2,257.8
362,12052,2072447,941.6,257.9,938.7,234.1,940.15,246.0,0,1,941.6,257.9
362,12053,2072448,941.9,257.9,938.2,233.4,940.05,245.65,0,1,941.9,257.9
362,12054,2072449,942.0,257.8,938.4,232.8,940.2,245.3,0,1,942.0,257.8
362,12055,2072450,941.9,257.7,938.5,232.5,940.2,245.1,0,1,941.9,257.7
362,12056,2072451,941.8,257.6,938.5,232.2,940.15,244.9,0,1,941.8,257.6
362,12057,2072452,941.7,257.6,938.6,231.9,940.15,244.75,0,1,941.7,257.6
362,12058,2072453,941.8,257.5,938.6,231.6,940.2,244.55,0,1,941.8,257.5
362,12059,2072454,941.8,257.7,938.4,231.4,940.1,244.55,0,1,941.8,257.7
362,12060,2072455,941.7,258.0,938.3,231.4,940.0,244.7,0,1,941.7,258.0
362,12061,2072456,941.6,258.6,938.2,231.3,939.9,244.95,0,1,941.6,258.6
362,12062,2072457,941.4,259.1,938.2,231.3,939.8,245.2,0,1,941.4,259.1
362,12063,2072458,941.3,259.6,938.3,231.3,939.8,245.45,0,1,941.3,259.6
362,12064,2072459,941.1,260.0,938.3,231.4,939.7,245.7,0,1,941.1,260.0
362,12065,2072460,940.9,260.4,938.3,231.5,939.6,245.95,0,1,940.9,260.4
362,12066,2072461,940.5,260.6,938.5,231.5,939.5,246.05,0,1,940.5,260.6
363,12067,2072462,940.2,260.8,938.6,231.4,939.4,246.1,0,1,940.2,260.8
363,12068,2072463,940.0,260.9,938.6,231.0,939.3,245.95,0,1,940.0,260.9
363,12069,2072464,939.9,260.9,938.4,230.6,939.15,245.75,0,1,939.9,260.9
363,12070,2072465,940.0,260.9,938.3,230.1,939.15,245.5,0,1,940.0,260.9
363,12071,2072466,940.3,260.8,938.1,229.7,939.2,245.25,0,1,940.3,260.8
363,12072,2072467,940.6,260.6,937.9,229.4,939.25,245.0,0,1,940.6,260.6
363,12073,2072468,941.1,260.6,937.8,229.2,939.45,244.9,0,1,941.1,260.6
363,12074,2072469,941.7,260.7,937.8,229.1,939.75,244.9,0,1,941.7,260.7
363,12075,2072470,942.3,260.9,937.8,229.3,940.05,245.1,0,1,942.3,260.9
363,12076,2072471,942.6,261.0,938.1,229.6,940.35,245.3,0,1,942.6,261.0
363,12077,2072472,943.1,261.1,938.5,229.9,940.8,245.5,0,1,943.1,261.1
363,12078,2072473,943.4,261.2,939.1,230.2,941.25,245.7,0,1,943.4,261.2
363,12079,2072474,943.9,261.3,939.6,230.2,941.75,245.75,0,1,943.9,261.3
363,12080,2072475,944.3,261.3,940.2,230.4,942.25,245.85,0,1,944.3,261.3
363,12081,2072476,944.6,261.4,940.6,230.8,942.6,246.1,0,1,944.6,261.4
363,12082,2072477,944.9,262.2,941.0,231.2,942.95,246.7,0,1,944.9,262.2
363,12083,2072478,945.2,263.1,941.4,231.6,943.3,247.35,0,1,945.2,263.1
363,12084,2072479,945.4,264.1,941.7,232.0,943.55,248.05,0,1,945.4,264.1
363,12085,2072480,945.2,264.5,941.9,232.4,943.55,248.45,0,1,945.2,264.5
363,12086,2072481,945.0,264.4,942.1,232.9,943.55,248.65,0,1,945.0,264.4
363,12087,2072482,944.8,264.2,942.4,233.2,943.6,248.7,0,1,944.8,264.2
363,12088,2072483,944.8,263.7,942.9,233.3,943.85,248.5,0,1,944.8,263.7
363,12089,2072484,944.8,262.4,943.4,233.3,944.1,247.85,0,1,944.8,262.4
363,12090,2072485,944.8,261.2,943.8,233.2,944.3,247.2,0,1,944.8,261.2
363,12091,2072486,944.9,260.2,944.3,233.0,944.6,246.6,0,1,944.9,260.2
363,12092,2072487,945.3,260.8,944.7,232.8,945.0,246.8,0,1,945.3,260.8
363,12093,2072488,945.8,261.8,945.0,232.5,945.4,247.15,0,1,945.8,261.8
363,12094,2072489,946.2,262.9,945.3,232.4,945.75,247.65,0,1,946.2,262.9
363,12095,2072490,946.6,264.1,945.3,232.3,945.95,248.2,0,1,946.6,264.1
363,12096,2072491,947.1,265.3,945.4,232.2,946.25,248.75,0,1,947.1,265.3
363,12097,2072492,947.4,266.4,945.4,232.1,946.4,249.25,0,1,947.4,266.4
363,12098,2072493,947.8,267.3,945.3,232.1,946.55,249.7,0,1,947.8,267.3
363,12099,2072494,948.2,267.6,945.4,232.0,946.8,249.8,0,1,948.2,267.6
363,12100,2072495,948.5,268.0,945.5,231.9,947.0,249.95,0,1,948.5,268.0
364,12101,2072496,948.8,268.3,945.7,231.9,947.25,250.1,0,1,948.8,268.3
364,12102,2072497,949.0,269.0,946.0,231.8,947.5,250.4,0,1,949.0,269.0
364,12103,2072498,949.2,269.5,946.2,231.9,947.7,250.7,0,1,949.2,269.5
364,12104,2072499,949.3,269.9,946.2,232.3,947.75,251.1,0,1,949.3,269.9
364,12105,2072500,949.4,269.9,946.3,232.5,947.85,251.2,0,1,949.4,269.9
364,12106,2072501,949.5,270.0,946.4,232.5,947.95,251.25,0,1,949.5,270.0
364,12107,2072502,949.6,269.8,946.6,232.6,948.1,251.2,0,1,949.6,269.8
364,12108,2072503,949.6,269.6,946.7,232.6,948.15,251.1,0,1,949.6,269.6
364,12109,2072504,949.6,269.1,946.8,232.8,948.2,250.95,0,1,949.6,269.1
364,12110,2072505,949.6,268.6,947.1,232.9,948.35,250.75,0,1,949.6,268.6
364,12111,2072506,949.6,268.1,947.5,232.7,948.55,250.4,0,1,949.6,268.1
364,12112,2072507,949.6,267.7,948.2,232.9,948.9,250.3,0,1,949.6,267.7
364,12113,2072508,949.6,266.7,948.8,233.2,949.2,249.95,0,1,949.6,266.7
364,12114,2072509,949.5,265.8,949.3,233.4,949.4,249.6,0,1,949.5,265.8
364,12115,2072510,949.1,264.8,949.7,233.5,949.4,249.15,0,1,949.1,264.8
364,12116,2072511,948.1,263.4,950.0,233.5,949.05,248.45,0,1,948.1,263.4
364,12117,2072512,947.0,262.0,949.8,233.5,948.4,247.75,0,1,947.0,262.0
364,12118,2072513,946.0,260.7,949.6,233.5,947.8,247.1,0,1,946.0,260.7
364,12119,2072514,944.9,259.6,948.9,233.4,946.9,246.5,0,1,944.9,259.6
364,12120,2072515,943.8,258.9,948.1,233.3,945.95,246.1,0,1,943.8,258.9
364,12121,2072516,942.7,258.2,947.3,233.2,945.0,245.7,0,1,942.7,258.2
364,12122,2072517,941.9,257.4,946.5,233.0,944.2,245.2,0,1,941.9,257.4
364,12123,2072518,941.4,257.0,945.7,232.8,943.55,244.9,0,1,941.4,257.0
364,12124,2072519,941.0,256.7,945.0,232.4,943.0,244.55,0,1,941.0,256.7
364,12125,2072520,940.6,256.4,944.4,232.1,942.5,244.25,0,1,940.6,256.4
364,12126,2072521,940.2,256.7,944.0,231.8,942.1,244.25,0,1,940.2,256.7
364,12127,2072522,939.8,257.5,943.7,231.4,941.75,244.45,0,1,939.8,257.5
364,12128,2072523,939.4,258.4,943.4,231.2,941.4,244.8,0,1,939.4,258.4
364,12129,2072524,939.1,259.4,943.0,231.2,941.05,245.3,0,1,939.1,259.4
364,12130,2072525,939.0,260.5,942.6,231.3,940.8,245.9,0,1,939.0,260.5
364,12131,2072526,938.9,261.6,942.2,231.4,940.55,246.5,0,1,938.9,261.6
364,12132,2072527,938.4,262.6,941.8,231.8,940.1,247.2,0,1,938.4,262.6
364,12133,2072528,937.9,262.9,941.5,232.1,939.7,247.5,0,1,937.9,262.9
365,12134,2072529,937.5,263.0,941.1,232.5,939.3,247.75,0,1,937.5,263.0
365,12135,2072530,937.0,262.9,940.7,232.9,938.85,247.9,0,1,937.0,262.9
365,12136,2072531,936.5,262.6,940.5,233.3,938.5,247.95,0,1,936.5,262.6
365,12137,2072532,936.0,262.4,940.5,233.7,938.25,248.05,0,1,936.0,262.4
365,12138,2072533,935.4,262.2,940.7,234.1,938.05,248.15,0,1,935.4,262.2
365,12139,2072534,935.3,261.5,940.8,234.2,938.05,247.85,0,1,935.3,261.5
365,12140,2072535,935.2,260.8,940.6,234.3,937.9,247.55,0,1,935.2,260.8
365,12141,2072536,934.9,260.1,940.3,234.4,937.6,247.25,0,1,934.9,260.1
365,12142,2072537,934.8,259.5,940.0,234.3,937.4,246.9,0,1,934.8,259.5
365,12143,2072538,934.8,259.0,939.6,234.1,937.2,246.55,0,1,934.8,259.0
365,12144,2072539,934.8,258.4,939.2,234.0,937.0,246.2,0,1,934.8,258.4
365,12145,2072540,934.8,257.9,938.9,234.5,936.85,246.2,0,1,934.8,257.9
365,12146,2072541,934.9,257.8,938.7,235.1,936.8,246.45,0,1,934.9,257.8
365,12147,2072542,934.9,257.5,938.9,235.8,936.9,246.65,0,1,934.9,257.5
365,12148,2072543,935.1,257.3,939.1,236.5,937.1,246.9,0,1,935.1,257.3
365,12149,2072544,935.3,256.9,939.2,237.8,937.25,247.35,0,1,935.3,256.9
365,12150,2072545,935.3,256.6,939.2,239.2,937.25,247.9,0,1,935.3,256.6
365,12151,2072546,935.3,256.0,939.2,240.5,937.25,248.25,0,1,935.3,256.0
365,12152,2072547,935.1,255.2,939.2,241.1,937.15,248.15,0,1,935.1,255.2
365,12153,2072548,934.9,254.5,939.2,241.6,937.05,248.05,0,1,934.9,254.5
365,12154,2072549,934.7,253.9,939.2,242.1,936.95,248.0,0,1,934.7,253.9
365,12155,2072550,934.7,253.4,939.1,242.8,936.9,248.1,0,1,934.7,253.4
365,12156,2072551,934.7,253.0,939.1,243.1,936.9,248.05,0,1,934.7,253.0
365,12157,2072552,935.1,252.6,939.1,243.3,937.1,247.95,0,1,935.1,252.6
365,12158,2072553,935.5,252.7,939.1,243.7,937.3,248.2,0,1,935.5,252.7
365,12159,2072554,936.1,253.0,939.1,244.2,937.6,248.6,0,1,936.1,253.0
365,12160,2072555,936.7,253.3,939.0,245.1,937.85,249.2,0,1,936.7,253.3
365,12161,2072556,937.2,253.5,938.9,245.9,938.05,249.7,0,1,937.2,253.5
365,12162,2072557,937.4,253.8,938.8,246.6,938.1,250.2,0,1,937.4,253.8
365,12163,2072558,937.4,254.0,938.6,247.1,938.0,250.55,0,1,937.4,254.0
365,12164,2072559,937.1,253.8,938.5,247.6,937.8,250.7,0,1,937.1,253.8
365,12165,2072560,936.9,253.6,937.7,248.0,937.3,250.8,0,1,936.9,253.6
365,12166,2072561,936.6,253.3,936.8,248.7,936.7,251.0,0,1,936.6,253.3
366,12167,2072562,936.4,252.9,936.0,249.0,936.2,250.95,0,1,936.4,252.9
366,12168,2072563,936.3,252.5,935.2,249.4,935.75,250.95,0,1,936.3,252.5
366,12169,2072564,936.4,252.2,934.4,249.8,935.4,251.0,0,1,936.4,252.2
366,12170,2072565,936.6,252.2,933.8,249.9,935.2,251.05,0,1,936.6,252.2
366,12171,2072566,936.8,252.4,933.4,250.0,935.1,251.2,0,1,936.8,252.4
366,12172,2072567,936.9,252.6,933.8,249.8,935.35,251.2,0,1,936.9,252.6
366,12173,2072568,937.6,252.8,934.3,249.5,935.95,251.15,0,1,937.6,252.8
366,12174,2072569,938.2,253.0,934.8,249.1,936.5,251.05,0,1,938.2,253.0
366,12175,2072570,938.7,253.1,935.2,248.6,936.95,250.85,0,1,938.7,253.1
366,12176,2072571,939.1,253.1,935.6,248.3,937.35,250.7,0,1,939.1,253.1
366,12177,2072572,939.6,251.7,935.9,248.6,937.75,250.15,0,1,939.6,251.7
366,12178,2072573,940.0,250.3,935.7,249.4,937.85,249.85,0,1,940.0,250.3
366,12179,2072574,940.7,248.9,935.3,250.5,938.0,249.7,0,1,940.7,248.9
366,12180,2072575,941.1,247.7,934.8,251.7,937.95,249.7,0,1,941.1,247.7
366,12181,2072576,941.5,247.1,934.5,252.9,938.0,250.0,0,1,941.5,247.1
366,12182,2072577,942.1,246.6,934.1,254.4,938.1,250.5,0,1,942.1,246.6
366,12183,2072578,942.7,246.2,933.7,256.0,938.2,251.1,0,1,942.7,246.2
366,12184,2072579,943.3,247.1,933.6,257.5,938.45,252.3,0,1,943.3,247.1
366,12185,2072580,943.9,248.0,933.6,258.5,938.75,253.25,0,1,943.9,248.0
366,12186,2072581,944.2,248.9,934.0,259.4,939.1,254.15,0,1,944.2,248.9
366,12187,2072582,944.3,249.5,934.3,260.0,939.3,254.75,0,1,944.3,249.5
366,12188,2072583,944.5,249.6,934.5,260.6,939.5,255.1,0,1,944.5,249.6
366,12189,2072584,944.6,249.4,934.8,260.9,939.7,255.15,0,1,944.6,249.4
366,12190,2072585,944.7,249.2,935.0,260.7,939.85,254.95,0,1,944.7,249.2
366,12191,2072586,944.9,249.0,935.1,260.6,940.0,254.8,0,1,944.9,249.0
366,12192,2072587,945.2,248.7,935.1,260.4,940.15,254.55,0,1,945.2,248.7
366,12193,2072588,945.4,248.6,935.2,260.3,940.3,254.45,0,1,945.4,248.6
366,12194,2072589,945.6,248.8,935.3,260.2,940.45,254.5,0,1,945.6,248.8
366,12195,2072590,945.1,248.9,935.3,260.0,940.2,254.45,0,1,945.1,248.9
366,12196,2072591,944.5,249.3,935.3,259.6,939.9,254.45,0,1,944.5,249.3
366,12197,2072592,943.9,249.6,935.3,259.3,939.6,254.45,0,1,943.9,249.6
366,12198,2072593,943.3,249.9,935.2,259.1,939.25,254.5,0,1,943.3,249.9
366,12199,2072594,942.5,249.9,935.2,259.1,938.85,254.5,0,1,942.5,249.9
366,12200,2072595,941.8,249.8,935.1,259.1,938.45,254.45,0,1,941.8,249.8
367,12201,2072596,941.1,249.3,935.0,259.1,938.05,254.2,0,1,941.1,249.3
367,12202,2072597,941.2,248.6,935.0,259.2,938.1,253.9,0,1,941.2,248.6
367,12203,2072598,941.3,247.8,934.9,259.3,938.1,253.55,0,1,941.3,247.8
367,12204,2072599,941.5,247.0,934.8,259.6,938.15,253.3,0,1,941.5,247.0
367,12205,2072600,941.6,246.4,934.8,259.9,938.2,253.15,0,1,941.6,246.4
367,12206,2072601,941.8,245.8,934.9,260.3,938.35,253.05,0,1,941.8,245.8
367,12207,2072602,941.9,245.4,935.0,260.7,938.45,253.05,0,1,941.9,245.4
367,12208,2072603,942.0,245.1,935.5,261.1,938.75,253.1,0,1,942.0,245.1
367,12209,2072604,942.0,245.1,936.0,261.3,939.0,253.2,0,1,942.0,245.1
367,12210,2072605,942.1,245.2,936.5,261.5,939.3,253.35,0,1,942.1,245.2
367,12211,2072606,942.1,245.1,936.9,261.7,939.5,253.4,0,1,942.1,245.1
367,12212,2072607,942.1,244.9,937.4,261.6,939.75,253.25,0,1,942.1,244.9
367,12213,2072608,942.1,244.8,937.8,261.1,939.95,252.95,0,1,942.1,244.8
367,12214,2072609,942.2,244.8,938.2,260.7,940.2,252.75,0,1,942.2,244.8
367,12215,2072610,942.3,244.7,938.0,260.4,940.15,252.55,0,1,942.3,244.7
367,12216,2072611,942.4,244.5,937.9,260.4,940.15,252.45,0,1,942.4,244.5
367,12217,2072612,942.4,244.4,937.7,260.4,940.05,252.4,0,1,942.4,244.4
367,12218,2072613,942.3,244.8,937.7,260.5,940.0,252.65,0,1,942.3,244.8
367,12219,2072614,942.3,245.3,937.8,260.7,940.05,253.0,0,1,942.3,245.3
367,12220,2072615,942.3,245.7,937.8,260.9,940.05,253.3,0,1,942.3,245.7
367,12221,2072616,942.3,246.1,938.0,261.1,940.15,253.6,0,1,942.3,246.1
367,12222,2072617,942.5,246.5,938.2,261.2,940.35,253.85,0,1,942.5,246.5
367,12223,2072618,942.7,247.2,938.5,261.2,940.6,254.2,0,1,942.7,247.2
367,12224,2072619,943.0,248.6,938.8,261.3,940.9,254.95,0,1,943.0,248.6
367,12225,2072620,943.4,249.8,939.1,261.2,941.25,255.5,0,1,943.4,249.8
367,12226,2072621,943.7,251.0,939.2,261.2,941.45,256.1,0,1,943.7,251.0
367,12227,2072622,944.0,251.4,939.3,261.0,941.65,256.2,0,1,944.0,251.4
367,12228,2072623,944.3,251.7,939.7,260.9,942.0,256.3,0,1,944.3,251.7
367,12229,2072624,944.3,251.8,940.1,260.6,942.2,256.2,0,1,944.3,251.8
367,12230,2072625,944.2,252.1,940.4,260.5,942.3,256.3,0,1,944.2,252.1
367,12231,2072626,944.1,251.4,940.8,260.5,942.45,255.95,0,1,944.1,251.4
367,12232,2072627,944.0,251.0,941.1,260.6,942.55,255.8,0,1,944.0,251.0
367,12233,2072628,943.8,250.7,941.5,260.6,942.65,255.65,0,1,943.8,250.7
368,12234,2072629,943.6,251.1,941.9,260.5,942.75,255.8,0,1,943.6,251.1
368,12235,2072630,943.3,251.7,942.1,260.4,942.7,256.05,0,1,943.3,251.7
368,12236,2072631,943.1,252.3,942.3,260.2,942.7,256.25,0,1,943.1,252.3
368,12237,2072632,942.9,252.9,942.5,259.9,942.7,256.4,0,1,942.9,252.9
368,12238,2072633,942.7,253.6,942.7,259.5,942.7,256.55,0,1,942.7,253.6
368,12239,2072634,942.4,253.9,942.9,259.2,942.65,256.55,0,1,942.4,253.9
368,12240,2072635,942.2,254.3,943.1,258.8,942.65,256.55,0,1,942.2,254.3
368,12241,2072636,941.9,254.6,943.2,258.6,942.55,256.6,0,1,941.9,254.6
368,12242,2072637,941.8,254.7,943.2,258.4,942.5,256.55,0,1,941.8,254.7
368,12243,2072638,941.7,254.7,943.0,258.2,942.35,256.45,0,1,941.7,254.7
368,12244,2072639,941.6,254.7,943.0,258.2,942.3,256.45,0,1,941.6,254.7
368,12245,2072640,941.7,254.5,942.9,258.5,942.3,256.5,0,1,941.7,254.5
368,12246,2072641,941.8,254.2,942.9,258.8,942.35,256.5,0,1,941.8,254.2
368,12247,2072642,941.9,253.8,942.9,259.3,942.4,256.55,0,1,941.9,253.8
368,12248,2072643,942.0,253.5,942.8,259.7,942.4,256.6,0,1,942.0,253.5
368,12249,2072644,942.2,253.3,942.8,260.2,942.5,256.75,0,1,942.2,253.3
368,12250,2072645,942.4,253.1,942.9,260.9,942.65,257.0,0,1,942.4,253.1
368,12251,2072646,942.7,253.3,942.9,261.5,942.8,257.4,0,1,942.7,253.3
368,12252,2072647,942.8,253.5,942.8,261.8,942.8,257.65,0,1,942.8,253.5
368,12253,2072648,942.9,253.8,942.5,262.1,942.7,257.95,0,1,942.9,253.8
368,12254,2072649,943.1,254.0,942.1,262.2,942.6,258.1,0,1,943.1,254.0
368,12255,2072650,943.3,254.1,941.8,262.1,942.55,258.1,0,1,943.3,254.1
368,12256,2072651,943.3,254.1,941.4,261.8,942.35,257.95,0,1,943.3,254.1
368,12257,2072652,943.3,254.3,941.1,261.5,942.2,257.9,0,1,943.3,254.3
368,12258,2072653,943.2,254.5,940.8,261.1,942.0,257.8,0,1,943.2,254.5
368,12259,2072654,943.1,254.6,940.6,260.5,941.85,257.55,0,1,943.1,254.6
368,12260,2072655,943.1,254.8,940.5,259.9,941.8,257.35,0,1,943.1,254.8
368,12261,2072656,943.0,254.9,940.5,259.3,941.75,257.1,0,1,943.0,254.9
368,12262,2072657,942.9,255.4,940.5,258.9,941.7,257.15,0,1,942.9,255.4
368,12263,2072658,942.9,255.8,940.6,258.6,941.75,257.2,0,1,942.9,255.8
368,12264,2072659,943.0,256.3,940.7,258.3,941.85,257.3,0,1,943.0,256.3
368,12265,2072660,943.2,256.4,940.8,257.8,942.0,257.1,0,1,943.2,256.4
368,12266,2072661,943.5,256.5,940.9,257.2,942.2,256.85,0,1,943.5,256.5
369,12267,2072662,943.9,256.6,940.9,256.6,942.4,256.6,0,1,943.9,256.6
369,12268,2072663,944.4,256.7,940.9,256.1,942.65,256.4,0,1,944.4,256.7
369,12269,2072664,944.9,256.7,940.7,255.7,942.8,256.2,0,1,944.9,256.7
369,12270,2072665,945.3,256.8,940.6,255.4,942.95,256.1,0,1,945.3,256.8
369,12271,2072666,945.7,256.8,940.4,255.5,943.05,256.15,0,1,945.7,256.8
369,12272,2072667,945.9,257.0,940.2,255.8,943.05,256.4,0,1,945.9,257.0
369,12273,2072668,946.2,257.3,939.9,256.3,943.05,256.8,0,1,946.2,257.3
369,12274,2072669,946.2,257.6,939.5,256.5,942.85,257.05,0,1,946.2,257.6
369,12275,2072670,946.1,258.2,939.1,256.6,942.6,257.4,0,1,946.1,258.2
369,12276,2072671,945.9,258.9,938.8,255.5,942.35,257.2,0,1,945.9,258.9
369,12277,2072672,945.9,259.4,938.3,254.4,942.1,256.9,0,1,945.9,259.4
369,12278,2072673,945.9,259.8,938.0,252.5,941.95,256.15,0,1,945.9,259.8
369,12279,2072674,946.4,259.9,937.7,250.7,942.05,255.3,0,1,946.4,259.9
369,12280,2072675,946.9,260.0,937.4,248.8,942.15,254.4,0,1,946.9,260.0
369,12281,2072676,947.4,260.1,937.2,247.1,942.3,253.6,0,1,947.4,260.1
369,12282,2072677,948.0,260.1,937.3,245.5,942.65,252.8,0,1,948.0,260.1
369,12283,2072678,948.6,260.1,937.4,244.8,943.0,252.45,0,1,948.6,260.1
369,12284,2072679,949.1,260.2,938.0,244.2,943.55,252.2,0,1,949.1,260.2
369,12285,2072680,949.1,260.6,938.6,243.8,943.85,252.2,0,1,949.1,260.6
369,12286,2072681,948.8,260.9,939.2,243.4,944.0,252.15,0,1,948.8,260.9
369,12287,2072682,948.4,261.2,939.8,242.8,944.1,252.0,0,1,948.4,261.2
369,12288,2072683,948.0,261.6,940.1,242.4,944.05,252.0,0,1,948.0,261.6
369,12289,2072684,947.2,261.8,940.5,241.9,943.85,251.85,0,1,947.2,261.8
369,12290,2072685,946.3,261.9,940.7,241.5,943.5,251.7,0,1,946.3,261.9
369,12291,2072686,945.4,262.0,940.5,241.1,942.95,251.55,0,1,945.4,262.0
369,12292,2072687,944.7,262.0,940.3,240.9,942.5,251.45,0,1,944.7,262.0
369,12293,2072688,944.1,262.1,940.0,241.2,942.05,251.65,0,1,944.1,262.1
369,12294,2072689,943.5,262.2,939.9,241.7,941.7,251.95,0,1,943.5,262.2
369,12295,2072690,943.0,262.3,939.8,242.3,941.4,252.3,0,1,943.0,262.3
369,12296,2072691,943.1,262.5,939.9,243.1,941.5,252.8,0,1,943.1,262.5
369,12297,2072692,943.4,262.8,940.1,244.0,941.75,253.4,0,1,943.4,262.8
369,12298,2072693,943.7,263.0,940.5,244.8,942.1,253.9,0,1,943.7,263.0
369,12299,2072694,943.9,263.1,940.9,244.8,942.4,253.95,0,1,943.9,263.1
369,12300,2072695,944.2,263.0,941.4,243.9,942.8,253.45,0,1,944.2,263.0
370,12301,2072696,944.4,262.9,941.9,242.7,943.15,252.8,0,1,944.4,262.9
370,12302,2072697,944.6,262.6,942.5,240.9,943.55,251.75,0,1,944.6,262.6
370,12303,2072698,944.6,262.3,942.9,239.2,943.75,250.75,0,1,944.6,262.3
370,12304,2072699,944.5,261.9,943.3,237.4,943.9,249.65,0,1,944.5,261.9
370,12305,2072700,944.5,261.5,944.0,235.6,944.25,248.55,0,1,944.5,261.5
370,12306,2072701,944.5,262.2,944.5,234.8,944.5,248.5,0,1,944.5,262.2
370,12307,2072702,944.6,263.1,945.1,234.2,944.85,248.65,0,1,944.6,263.1
370,12308,2072703,944.5,263.9,945.5,233.9,945.0,248.9,0,1,944.5,263.9
370,12309,2072704,944.3,264.7,945.8,234.0,945.05,249.35,0,1,944.3,264.7
370,12310,2072705,943.9,265.4,945.9,234.1,944.9,249.75,0,1,943.9,265.4
370,12311,2072706,943.5,266.3,946.1,234.2,944.8,250.25,0,1,943.5,266.3
370,12312,2072707,943.0,267.2,945.9,234.4,944.45,250.8,0,1,943.0,267.2
370,12313,2072708,942.6,267.5,945.8,234.6,944.2,251.05,0,1,942.6,267.5
370,12314,2072709,942.1,267.8,945.6,234.7,943.85,251.25,0,1,942.1,267.8
370,12315,2072710,941.7,268.1,945.6,234.8,943.65,251.45,0,1,941.7,268.1
370,12316,2072711,941.4,268.5,945.6,234.9,943.5,251.7,0,1,941.4,268.5
370,12317,2072712,941.4,269.3,945.6,235.0,943.5,252.15,0,1,941.4,269.3
370,12318,2072713,941.5,269.9,945.5,235.1,943.5,252.5,0,1,941.5,269.9
370,12319,2072714,941.8,270.4,945.3,235.1,943.55,252.75,0,1,941.8,270.4
370,12320,2072715,942.1,270.2,945.2,235.0,943.65,252.6,0,1,942.1,270.2
370,12321,2072716,942.4,270.0,945.0,234.8,943.7,252.4,0,1,942.4,270.0
370,12322,2072717,942.7,269.7,944.8,234.5,943.75,252.1,0,1,942.7,269.7
370,12323,2072718,942.9,269.3,944.6,234.2,943.75,251.75,0,1,942.9,269.3
370,12324,2072719,943.1,268.6,944.6,233.9,943.85,251.25,0,1,943.1,268.6
370,12325,2072720,943.2,268.1,945.2,233.7,944.2,250.9,0,1,943.2,268.1
370,12326,2072721,943.3,267.7,945.9,233.4,944.6,250.55,0,1,943.3,267.7
370,12327,2072722,943.4,267.6,946.5,233.3,944.95,250.45,0,1,943.4,267.6
370,12328,2072723,943.5,267.6,947.1,233.3,945.3,250.45,0,1,943.5,267.6
370,12329,2072724,943.6,267.7,947.6,233.3,945.6,250.5,0,1,943.6,267.7
370,12330,2072725,943.6,268.3,948.0,233.2,945.8,250.75,0,1,943.6,268.3
370,12331,2072726,943.5,269.2,948.5,233.2,946.0,251.2,0,1,943.5,269.2
370,12332,2072727,943.4,271.3,948.3,233.1,945.85,252.2,0,1,943.4,271.3
370,12333,2072728,943.2,273.4,948.1,233.0,945.65,253.2,0,1,943.2,273.4
371,12334,2072729,943.0,275.7,948.1,232.9,945.55,254.3,0,1,943.0,275.7
371,12335,2072730,942.8,278.0,948.1,232.9,945.45,255.45,0,1,942.8,278.0
371,12336,2072731,942.5,280.0,947.9,233.0,945.2,256.5,0,1,942.5,280.0
371,12337,2072732,942.3,281.7,947.8,233.0,945.05,257.35,0,1,942.3,281.7
371,12338,2072733,941.9,283.0,947.7,233.0,944.8,258.0,0,1,941.9,283.0
371,12339,2072734,941.6,282.6,947.7,232.8,944.65,257.7,0,1,941.6,282.6
371,12340,2072735,941.3,282.3,947.6,232.5,944.45,257.4,0,1,941.3,282.3
371,12341,2072736,941.0,281.9,947.6,232.3,944.3,257.1,0,1,941.0,281.9
371,12342,2072737,940.4,281.8,947.6,231.9,944.0,256.85,0,1,940.4,281.8
371,12343,2072738,939.5,281.7,947.8,231.3,943.65,256.5,0,1,939.5,281.7
371,12344,2072739,938.7,282.0,947.9,230.8,943.3,256.4,0,1,938.7,282.0
371,12345,2072740,938.1,282.5,948.0,230.3,943.05,256.4,0,1,938.1,282.5
371,12346,2072741,937.5,283.5,948.0,230.0,942.75,256.75,0,1,937.5,283.5
371,12347,2072742,936.9,284.6,948.0,229.6,942.45,257.1,0,1,936.9,284.6
371,12348,2072743,936.3,285.6,948.0,229.3,942.15,257.45,0,1,936.3,285.6
371,12349,2072744,936.1,286.4,948.1,229.1,942.1,257.75,0,1,936.1,286.4
371,12350,2072745,936.3,287.0,948.4,228.9,942.35,257.95,0,1,936.3,287.0
371,12351,2072746,936.5,287.1,948.7,229.8,942.6,258.45,0,1,936.5,287.1
371,12352,2072747,936.9,287.4,948.9,230.7,942.9,259.05,0,1,936.9,287.4
371,12353,2072748,937.2,287.7,949.3,231.7,943.25,259.7,0,1,937.2,287.7
371,12354,2072749,937.6,288.6,949.6,233.6,943.6,261.1,0,1,937.6,288.6
371,12355,2072750,938.1,289.5,949.9,235.4,944.0,262.45,0,1,938.1,289.5
371,12356,2072751,938.6,290.4,950.0,237.3,944.3,263.85,0,1,938.6,290.4
371,12357,2072752,939.1,291.5,949.9,239.2,944.5,265.35,0,1,939.1,291.5
371,12358,2072753,939.7,292.8,950.5,240.1,945.1,266.45,0,1,939.7,292.8
371,12359,2072754,940.4,293.9,951.2,241.0,945.8,267.45,0,1,940.4,293.9
371,12360,2072755,941.3,294.7,951.8,242.0,946.55,268.35,0,1,941.3,294.7
371,12361,2072756,942.0,294.5,952.6,242.2,947.3,268.35,0,1,942.0,294.5
371,12362,2072757,942.8,294.4,953.3,242.3,948.05,268.35,0,1,942.8,294.4
371,12363,2072758,943.3,294.2,954.1,242.4,948.7,268.3,0,1,943.3,294.2
371,12364,2072759,943.9,293.9,954.8,242.6,949.35,268.25,0,1,943.9,293.9
371,12365,2072760,944.3,293.4,955.1,242.7,949.7,268.05,0,1,944.3,293.4
371,12366,2072761,944.5,292.7,955.1,243.0,949.8,267.85,0,1,944.5,292.7
372,12367,2072762,944.5,292.1,955.0,243.6,949.75,267.85,0,1,944.5,292.1
372,12368,2072763,944.5,291.6,954.8,244.3,949.65,267.95,0,1,944.5,291.6
372,12369,2072764,944.4,291.2,954.6,244.9,949.5,268.05,0,1,944.4,291.2
372,12370,2072765,944.3,291.1,954.1,245.5,949.2,268.3,0,1,944.3,291.1
372,12371,2072766,944.2,290.9,953.7,246.2,948.95,268.55,0,1,944.2,290.9
372,12372,2072767,944.1,291.0,953.2,246.8,948.65,268.9,0,1,944.1,291.0
372,12373,2072768,944.1,291.1,952.9,247.4,948.5,269.25,0,1,944.1,291.1
372,12374,2072769,944.0,291.3,952.6,247.6,948.3,269.45,0,1,944.0,291.3
372,12375,2072770,944.0,291.6,952.4,247.8,948.2,269.7,0,1,944.0,291.6
372,12376,2072771,944.1,292.1,952.2,247.9,948.15,270.0,0,1,944.1,292.1
372,12377,2072772,944.2,292.6,952.0,248.2,948.1,270.4,0,1,944.2,292.6
372,12378,2072773,944.4,293.2,951.8,248.4,948.1,270.8,0,1,944.4,293.2
372,12379,2072774,944.6,294.0,951.7,248.6,948.15,271.3,0,1,944.6,294.0
372,12380,2072775,944.7,294.8,951.4,248.7,948.05,271.75,0,1,944.7,294.8
372,12381,2072776,944.9,295.6,950.9,249.7,947.9,272.65,0,1,944.9,295.6
372,12382,2072777,945.0,296.2,949.9,250.7,947.45,273.45,0,1,945.0,296.2
372,12383,2072778,945.1,296.6,948.9,251.6,947.0,274.1,0,1,945.1,296.6
372,12384,2072779,945.1,297.1,947.9,252.6,946.5,274.85,0,1,945.1,297.1
372,12385,2072780,945.0,297.5,947.0,253.5,946.0,275.5,0,1,945.0,297.5
372,12386,2072781,944.9,297.8,946.0,254.2,945.45,276.0,0,1,944.9,297.8
372,12387,2072782,944.7,298.5,945.0,254.9,944.85,276.7,0,1,944.7,298.5
372,12388,2072783,945.3,299.7,944.1,254.6,944.7,277.15,0,1,945.3,299.7
372,12389,2072784,945.9,300.9,943.7,254.4,944.8,277.65,0,1,945.9,300.9
372,12390,2072785,946.6,302.1,943.2,255.1,944.9,278.6,0,1,946.6,302.1
372,12391,2072786,947.4,303.2,942.9,255.9,945.15,279.55,0,1,947.4,303.2
372,12392,2072787,948.2,304.3,941.9,256.8,945.05,280.55,0,1,948.2,304.3
372,12393,2072788,949.2,305.5,940.9,257.7,945.05,281.6,0,1,949.2,305.5
372,12394,2072789,950.1,306.1,940.1,258.5,945.1,282.3,0,1,950.1,306.1
372,12395,2072790,950.3,306.4,939.4,258.8,944.85,282.6,0,1,950.3,306.4
372,12396,2072791,950.5,306.5,938.7,259.0,944.6,282.75,0,1,950.5,306.5
372,12397,2072792,950.7,306.6,938.1,258.3,944.4,282.45,0,1,950.7,306.6
372,12398,2072793,950.9,306.6,937.3,257.8,944.1,282.2,0,1,950.9,306.6
372,12399,2072794,951.1,306.5,937.2,257.6,944.15,282.05,0,1,951.1,306.5
372,12400,2072795,951.0,306.3,937.1,258.3,944.05,282.3,0,1,951.0,306.3
373,12401,2072796,950.9,306.2,936.9,259.1,943.9,282.65,0,1,950.9,306.2
373,12402,2072797,950.7,306.0,936.8,260.6,943.75,283.3,0,1,950.7,306.0
373,12403,2072798,950.0,305.8,937.0,262.2,943.5,284.0,0,1,950.0,305.8
373,12404,2072799,949.3,305.6,937.4,263.8,943.35,284.7,0,1,949.3,305.6
373,12405,2072800,948.6,305.4,937.9,265.2,943.25,285.3,0,1,948.6,305.4
373,12406,2072801,948.0,305.2,938.5,266.5,943.25,285.85,0,1,948.0,305.2
373,12407,2072802,947.4,304.9,939.1,267.1,943.25,286.0,0,1,947.4,304.9
373,12408,2072803,946.9,304.5,939.7,267.9,943.3,286.2,0,1,946.9,304.5
373,12409,2072804,946.5,304.3,940.4,268.6,943.45,286.45,0,1,946.5,304.3
373,12410,2072805,946.3,304.1,941.3,269.2,943.8,286.65,0,1,946.3,304.1
373,12411,2072806,946.1,303.9,942.0,269.8,944.05,286.85,0,1,946.1,303.9
373,12412,2072807,945.9,303.8,942.7,270.2,944.3,287.0,0,1,945.9,303.8
373,12413,2072808,945.6,303.7,943.4,270.6,944.5,287.15,0,1,945.6,303.7
373,12414,2072809,945.3,303.7,944.0,270.9,944.65,287.3,0,1,945.3,303.7
373,12415,2072810,944.8,303.5,944.4,271.4,944.6,287.45,0,1,944.8,303.5
373,12416,2072811,944.2,303.2,944.7,271.9,944.45,287.55,0,1,944.2,303.2
373,12417,2072812,943.8,303.0,944.6,272.3,944.2,287.65,0,1,943.8,303.0
373,12418,2072813,943.4,302.8,944.7,273.0,944.05,287.9,0,1,943.4,302.8
373,12419,2072814,943.0,302.6,945.2,273.9,944.1,288.25,0,1,943.0,302.6
373,12420,2072815,942.5,302.5,945.8,275.1,944.15,288.8,0,1,942.5,302.5
373,12421,2072816,942.0,302.3,946.4,276.2,944.2,289.25,0,1,942.0,302.3
373,12422,2072817,941.8,302.2,947.2,277.0,944.5,289.6,0,1,941.8,302.2
373,12423,2072818,941.5,302.2,948.1,277.8,944.8,290.0,0,1,941.5,302.2
373,12424,2072819,941.3,302.3,948.8,278.7,945.05,290.5,0,1,941.3,302.3
373,12425,2072820,941.2,302.2,949.4,279.3,945.3,290.75,0,1,941.2,302.2
373,12426,2072821,941.0,301.8,949.4,279.6,945.2,290.7,0,1,941.0,301.8
373,12427,2072822,941.1,300.9,949.2,279.7,945.15,290.3,0,1,941.1,300.9
373,12428,2072823,941.3,300.0,949.0,279.8,945.15,289.9,0,1,941.3,300.0
373,12429,2072824,941.4,299.3,948.7,280.0,945.05,289.65,0,1,941.4,299.3
373,12430,2072825,941.8,298.6,948.5,280.1,945.15,289.35,0,1,941.8,298.6
373,12431,2072826,942.1,298.0,948.2,279.9,945.15,288.95,0,1,942.1,298.0
373,12432,2072827,942.4,297.8,948.1,279.2,945.25,288.5,0,1,942.4,297.8
373,12433,2072828,942.7,297.8,948.1,278.6,945.4,288.2,0,1,942.7,297.8
374,12434,2072829,942.9,298.5,948.3,278.0,945.6,288.25,0,1,942.9,298.5
374,12435,2072830,943.0,299.5,948.6,277.5,945.8,288.5,0,1,943.0,299.5
374,12436,2072831,943.2,300.4,948.8,277.0,946.0,288.7,0,1,943.2,300.4
374,12437,2072832,943.3,301.3,949.0,276.6,946.15,288.95,0,1,943.3,301.3
374,12438,2072833,943.5,302.0,949.2,276.5,946.35,289.25,0,1,943.5,302.0
374,12439,2072834,943.8,302.5,949.4,276.7,946.6,289.6,0,1,943.8,302.5
374,12440,2072835,944.1,303.0,949.5,276.9,946.8,289.95,0,1,944.1,303.0
374,12441,2072836,944.5,303.3,949.5,277.0,947.0,290.15,0,1,944.5,303.3
374,12442,2072837,944.9,303.2,949.5,277.0,947.2,290.1,0,1,944.9,303.2
374,12443,2072838,945.2,303.1,949.5,276.9,947.35,290.0,0,1,945.2,303.1
374,12444,2072839,945.5,303.0,949.5,276.7,947.5,289.85,0,1,945.5,303.0
374,12445,2072840,945.7,302.9,949.4,276.5,947.55,289.7,0,1,945.7,302.9
374,12446,2072841,945.9,302.8,949.4,276.4,947.65,289.6,0,1,945.9,302.8
374,12447,2072842,946.1,302.6,949.5,276.3,947.8,289.45,0,1,946.1,302.6
374,12448,2072843,946.3,302.4,949.8,276.1,948.05,289.25,0,1,946.3,302.4
374,12449,2072844,946.6,302.2,950.0,276.1,948.3,289.15,0,1,946.6,302.2
374,12450,2072845,947.0,302.2,950.3,275.3,948.65,288.75,0,1,947.0,302.2
374,12451,2072846,947.3,302.4,950.6,274.6,948.95,288.5,0,1,947.3,302.4
374,12452,2072847,947.8,302.6,950.9,273.9,949.35,288.25,0,1,947.8,302.6
374,12453,2072848,948.2,302.8,951.2,273.0,949.7,287.9,0,1,948.2,302.8
374,12454,2072849,948.6,303.2,951.5,272.0,950.05,287.6,0,1,948.6,303.2
374,12455,2072850,948.9,303.6,951.7,270.9,950.3,287.25,0,1,948.9,303.6
374,12456,2072851,949.2,304.0,952.1,269.9,950.65,286.95,0,1,949.2,304.0
374,12457,2072852,949.3,304.1,952.4,269.9,950.85,287.0,0,1,949.3,304.1
374,12458,2072853,949.4,303.6,952.8,269.8,951.1,286.7,0,1,949.4,303.6
374,12459,2072854,949.4,302.7,953.3,269.7,951.35,286.2,0,1,949.4,302.7
374,12460,2072855,949.3,301.9,953.8,270.0,951.55,285.95,0,1,949.3,301.9
374,12461,2072856,949.3,301.1,954.2,270.3,951.75,285.7,0,1,949.3,301.1
374,12462,2072857,949.3,300.2,954.1,270.6,951.7,285.4,0,1,949.3,300.2
374,12463,2072858,949.3,299.4,953.9,271.0,951.6,285.2,0,1,949.3,299.4
374,12464,2072859,949.4,298.9,953.5,271.0,951.45,284.95,0,1,949.4,298.9
374,12465,2072860,949.4,298.7,952.8,271.1,951.1,284.9,0,1,949.4,298.7
374,12466,2072861,949.4,298.9,952.2,271.4,950.8,285.15,0,1,949.4,298.9
375,12467,2072862,949.4,299.0,951.7,271.5,950.55,285.25,0,1,949.4,299.0
375,12468,2072863,949.4,298.9,951.0,271.5,950.2,285.2,0,1,949.4,298.9
375,12469,2072864,949.4,298.6,950.6,271.1,950.0,284.85,0,1,949.4,298.6
375,12470,2072865,949.5,298.3,950.4,270.8,949.95,284.55,0,1,949.5,298.3
375,12471,2072866,949.7,297.7,950.2,270.6,949.95,284.15,0,1,949.7,297.7
375,12472,2072867,950.0,297.1,950.1,270.5,950.05,283.8,0,1,950.0,297.1
375,12473,2072868,950.3,296.4,949.8,270.9,950.05,283.65,0,1,950.3,296.4
375,12474,2072869,950.6,295.7,949.4,271.3,950.0,283.5,0,1,950.6,295.7
375,12475,2072870,950.6,295.2,949.1,271.8,949.85,283.5,0,1,950.6,295.2
375,12476,2072871,950.6,294.9,948.8,272.5,949.7,283.7,0,1,950.6,294.9
375,12477,2072872,950.4,294.5,948.6,273.1,949.5,283.8,0,1,950.4,294.5
375,12478,2072873,950.1,294.1,948.4,273.3,949.25,283.7,0,1,950.1,294.1
375,12479,2072874,949.8,293.2,948.3,273.0,949.05,283.1,0,1,949.8,293.2
375,12480,2072875,949.4,292.4,948.2,272.3,948.8,282.35,0,1,949.4,292.4
375,12481,2072876,949.0,291.5,948.1,271.6,948.55,281.55,0,1,949.0,291.5
375,12482,2072877,948.8,290.8,947.9,271.2,948.35,281.0,0,1,948.8,290.8
375,12483,2072878,948.7,290.3,947.7,270.9,948.2,280.6,0,1,948.7,290.3
375,12484,2072879,948.2,290.0,947.5,270.6,947.85,280.3,0,1,948.2,290.0
375,12485,2072880,947.5,290.0,947.3,270.7,947.4,280.35,0,1,947.5,290.0
375,12486,2072881,946.8,290.4,947.2,270.9,947.0,280.65,0,1,946.8,290.4
375,12487,2072882,946.2,290.9,947.1,270.7,946.65,280.8,0,1,946.2,290.9
375,12488,2072883,945.5,291.4,947.2,270.5,946.35,280.95,0,1,945.5,291.4
375,12489,2072884,944.9,291.6,947.3,269.9,946.1,280.75,0,1,944.9,291.6
375,12490,2072885,944.3,291.5,947.6,269.3,945.95,280.4,0,1,944.3,291.5
375,12491,2072886,944.1,291.0,947.9,268.7,946.0,279.85,0,1,944.1,291.0
375,12492,2072887,944.1,290.4,948.1,267.9,946.1,279.15,0,1,944.1,290.4
375,12493,2072888,944.0,289.8,948.3,266.8,946.15,278.3,0,1,944.0,289.8
375,12494,2072889,944.1,289.1,948.2,266.0,946.15,277.55,0,1,944.1,289.1
375,12495,2072890,944.2,288.3,948.2,265.0,946.2,276.65,0,1,944.2,288.3
375,12496,2072891,944.4,287.2,948.2,263.3,946.3,275.25,0,1,944.4,287.2
375,12497,2072892,944.7,286.2,948.1,261.7,946.4,273.95,0,1,944.7,286.2
375,12498,2072893,945.0,285.4,948.2,260.1,946.6,272.75,0,1,945.0,285.4
375,12499,2072894,945.3,284.6,948.3,259.1,946.8,271.85,0,1,945.3,284.6
375,12500,2072895,945.6,283.8,948.3,258.6,946.95,271.2,0,1,945.6,283.8
376,12501,2072896,945.9,283.1,948.7,258.2,947.3,270.65,0,1,945.9,283.1
376,12502,2072897,946.2,282.4,949.0,258.0,947.6,270.2,0,1,946.2,282.4
376,12503,2072898,946.5,282.2,949.3,258.4,947.9,270.3,0,1,946.5,282.2
376,12504,2072899,946.7,282.1,949.7,258.9,948.2,270.5,0,1,946.7,282.1
376,12505,2072900,946.8,282.4,950.4,259.4,948.6,270.9,0,1,946.8,282.4
376,12506,2072901,947.0,282.7,951.1,259.5,949.05,271.1,0,1,947.0,282.7
376,12507,2072902,947.2,283.0,951.7,259.6,949.45,271.3,0,1,947.2,283.0
376,12508,2072903,947.3,283.4,952.4,259.6,949.85,271.5,0,1,947.3,283.4
376,12509,2072904,947.4,283.6,953.0,259.6,950.2,271.6,0,1,947.4,283.6
376,12510,2072905,947.4,282.5,953.7,259.6,950.55,271.05,0,1,947.4,282.5
376,12511,2072906,947.5,281.4,954.0,259.4,950.75,270.4,0,1,947.5,281.4
376,12512,2072907,947.6,279.9,954.0,259.0,950.8,269.45,0,1,947.6,279.9
376,12513,2072908,947.6,278.3,954.0,258.4,950.8,268.35,0,1,947.6,278.3
376,12514,2072909,947.6,277.0,954.0,258.0,950.8,267.5,0,1,947.6,277.0
376,12515,2072910,947.7,275.8,954.0,257.4,950.85,266.6,0,1,947.7,275.8
376,12516,2072911,947.7,274.8,954.1,256.7,950.9,265.75,0,1,947.7,274.8
376,12517,2072912,947.7,275.1,954.4,256.1,951.05,265.6,0,1,947.7,275.1
376,12518,2072913,947.8,275.5,955.1,255.6,951.45,265.55,0,1,947.8,275.5
376,12519,2072914,947.9,275.9,955.8,255.3,951.85,265.6,0,1,947.9,275.9
376,12520,2072915,948.4,276.5,956.5,255.0,952.45,265.75,0,1,948.4,276.5
376,12521,2072916,948.9,276.7,957.1,254.7,953.0,265.7,0,1,948.9,276.7
376,12522,2072917,949.3,276.6,957.6,254.6,953.45,265.6,0,1,949.3,276.6
376,12523,2072918,949.7,275.8,958.1,254.4,953.9,265.1,0,1,949.7,275.8
376,12524,2072919,950.0,275.0,958.4,254.1,954.2,264.55,0,1,950.0,275.0
376,12525,2072920,950.3,274.3,958.2,253.2,954.25,263.75,0,1,950.3,274.3
376,12526,2072921,950.8,273.6,958.1,252.0,954.45,262.8,0,1,950.8,273.6
376,12527,2072922,950.9,272.7,958.0,250.8,954.45,261.75,0,1,950.9,272.7
376,12528,2072923,951.1,272.0,957.9,249.5,954.5,260.75,0,1,951.1,272.0
376,12529,2072924,951.3,271.4,957.9,248.1,954.6,259.75,0,1,951.3,271.4
376,12530,2072925,951.6,271.7,957.9,246.8,954.75,259.25,0,1,951.6,271.7
376,12531,2072926,951.8,272.1,958.0,245.6,954.9,258.85,0,1,951.8,272.1
376,12532,2072927,952.1,272.4,958.1,245.1,955.1,258.75,0,1,952.1,272.4
376,12533,2072928,952.2,272.5,958.2,244.6,955.2,258.55,0,1,952.2,272.5
377,12534,2072929,952.3,272.6,958.3,244.1,955.3,258.35,0,1,952.3,272.6
377,12535,2072930,952.5,272.6,958.4,243.6,955.45,258.1,0,1,952.5,272.6
377,12536,2072931,952.6,272.4,958.5,243.3,955.55,257.85,0,1,952.6,272.4
377,12537,2072932,952.7,272.2,958.5,242.9,955.6,257.55,0,1,952.7,272.2
377,12538,2072933,952.9,271.5,958.4,242.5,955.65,257.0,0,1,952.9,271.5
377,12539,2072934,953.0,270.8,958.3,241.8,955.65,256.3,0,1,953.0,270.8
377,12540,2072935,953.0,270.2,958.2,241.3,955.6,255.75,0,1,953.0,270.2
377,12541,2072936,953.0,269.6,958.0,240.7,955.5,255.15,0,1,953.0,269.6
377,12542,2072937,952.8,268.9,957.9,240.0,955.35,254.45,0,1,952.8,268.9
377,12543,2072938,952.4,267.7,957.8,239.2,955.1,253.45,0,1,952.4,267.7
377,12544,2072939,952.0,266.4,957.9,238.6,954.95,252.5,0,1,952.0,266.4
377,12545,2072940,951.7,265.3,958.2,238.0,954.95,251.65,0,1,951.7,265.3
377,12546,2072941,951.3,264.2,958.5,237.7,954.9,250.95,0,1,951.3,264.2
377,12547,2072942,950.9,263.2,959.0,237.2,954.95,250.2,0,1,950.9,263.2
377,12548,2072943,950.7,262.2,959.6,236.3,955.15,249.25,0,1,950.7,262.2
377,12549,2072944,950.9,261.4,960.1,235.5,955.5,248.45,0,1,950.9,261.4
377,12550,2072945,951.3,261.2,960.6,234.9,955.95,248.05,0,1,951.3,261.2
377,12551,2072946,951.7,261.1,961.0,234.5,956.35,247.8,0,1,951.7,261.1
377,12552,2072947,952.1,261.2,961.2,234.1,956.65,247.65,0,1,952.1,261.2
377,12553,2072948,952.4,261.2,961.3,233.8,956.85,247.5,0,1,952.4,261.2
377,12554,2072949,952.7,261.0,961.3,233.7,957.0,247.35,0,1,952.7,261.0
377,12555,2072950,952.8,260.9,961.2,234.1,957.0,247.5,0,1,952.8,260.9
377,12556,2072951,952.7,260.7,961.1,234.4,956.9,247.55,0,1,952.7,260.7
377,12557,2072952,952.3,260.5,961.1,234.2,956.7,247.35,0,1,952.3,260.5
377,12558,2072953,952.0,260.2,961.1,233.8,956.55,247.0,0,1,952.0,260.2
377,12559,2072954,951.6,260.0,961.1,233.5,956.35,246.75,0,1,951.6,260.0
377,12560,2072955,951.4,259.9,961.3,233.0,956.35,246.45,0,1,951.4,259.9
377,12561,2072956,951.2,259.9,961.4,232.7,956.3,246.3,0,1,951.2,259.9
377,12562,2072957,951.1,259.9,961.4,232.4,956.25,246.15,0,1,951.1,259.9
377,12563,2072958,951.0,260.0,961.3,232.2,956.15,246.1,0,1,951.0,260.0
377,12564,2072959,951.2,260.0,961.1,232.4,956.15,246.2,0,1,951.2,260.0
377,12565,2072960,951.2,259.9,960.8,232.5,956.0,246.2,0,1,951.2,259.9
377,12566,2072961,951.1,259.8,960.2,232.8,955.65,246.3,0,1,951.1,259.8
378,12567,2072962,950.9,259.6,959.6,233.1,955.25,246.35,0,1,950.9,259.6
378,12568,2072963,950.1,258.9,959.1,233.5,954.6,246.2,0,1,950.1,258.9
378,12569,2072964,949.2,258.0,958.0,233.7,953.6,245.85,0,1,949.2,258.0
378,12570,2072965,948.2,257.1,957.1,234.0,952.65,245.55,0,1,948.2,257.1
378,12571,2072966,947.3,256.3,956.3,234.3,951.8,245.3,0,1,947.3,256.3
378,12572,2072967,946.4,255.7,955.5,234.6,950.95,245.15,0,1,946.4,255.7
378,12573,2072968,945.7,255.0,954.9,234.6,950.3,244.8,0,1,945.7,255.0
378,12574,2072969,945.1,254.2,954.4,234.6,949.75,244.4,0,1,945.1,254.2
378,12575,2072970,945.3,253.9,953.8,234.5,949.55,244.2,0,1,945.3,253.9
378,12576,2072971,945.6,253.7,953.8,234.5,949.7,244.1,0,1,945.6,253.7
378,12577,2072972,946.1,253.3,953.8,234.4,949.95,243.85,0,1,946.1,253.3
378,12578,2072973,946.5,253.0,953.8,234.4,950.15,243.7,0,1,946.5,253.0
378,12579,2072974,946.9,252.7,953.7,234.4,950.3,243.55,0,1,946.9,252.7
378,12580,2072975,947.2,252.8,953.6,234.4,950.4,243.6,0,1,947.2,252.8
378,12581,2072976,947.4,253.8,953.5,234.4,950.45,244.1,0,1,947.4,253.8
378,12582,2072977,947.4,254.8,953.3,234.4,950.35,244.6,0,1,947.4,254.8
378,12583,2072978,947.3,256.1,953.1,234.5,950.2,245.3,0,1,947.3,256.1
378,12584,2072979,947.3,257.6,952.9,234.6,950.1,246.1,0,1,947.3,257.6
378,12585,2072980,947.2,259.0,952.8,234.8,950.0,246.9,0,1,947.2,259.0
378,12586,2072981,947.2,260.3,952.5,235.0,949.85,247.65,0,1,947.2,260.3
378,12587,2072982,947.2,261.1,952.2,235.2,949.7,248.15,0,1,947.2,261.1
378,12588,2072983,947.2,261.0,951.9,235.5,949.55,248.25,0,1,947.2,261.0
378,12589,2072984,947.3,261.0,951.6,236.1,949.45,248.55,0,1,947.3,261.0
378,12590,2072985,947.3,260.7,951.3,236.6,949.3,248.65,0,1,947.3,260.7
378,12591,2072986,947.4,260.5,950.9,237.1,949.15,248.8,0,1,947.4,260.5
378,12592,2072987,947.6,260.8,950.5,237.6,949.05,249.2,0,1,947.6,260.8
378,12593,2072988,947.8,261.1,950.1,238.7,948.95,249.9,0,1,947.8,261.1
378,12594,2072989,948.1,261.6,949.9,239.6,949.0,250.6,0,1,948.1,261.6
378,12595,2072990,948.3,262.2,949.7,240.5,949.0,251.35,0,1,948.3,262.2
378,12596,2072991,948.6,262.9,949.5,241.1,949.05,252.0,0,1,948.6,262.9
378,12597,2072992,948.9,263.4,949.0,241.8,948.95,252.6,0,1,948.9,263.4
378,12598,2072993,949.0,263.9,948.6,242.4,948.8,253.15,0,1,949.0,263.9
378,12599,2072994,948.9,263.9,948.3,242.9,948.6,253.4,0,1,948.9,263.9
378,12600,2072995,948.8,264.0,947.9,243.1,948.35,253.55,0,1,948.8,264.0
379,12601,2072996,948.5,264.1,947.6,243.2,948.05,253.65,0,1,948.5,264.1
379,12602,2072997,948.1,264.1,947.2,243.5,947.65,253.8,0,1,948.1,264.1
379,12603,2072998,947.4,264.0,946.9,243.6,947.15,253.8,0,1,947.4,264.0
379,12604,2072999,946.7,263.7,946.8,243.8,946.75,253.75,0,1,946.7,263.7
379,12605,2073000,946.1,263.3,946.8,243.9,946.45,253.6,0,1,946.1,263.3
379,12606,2073001,945.6,262.9,946.7,244.0,946.15,253.45,0,1,945.6,262.9
379,12607,2073002,945.2,262.4,946.7,244.1,945.95,253.25,0,1,945.2,262.4
379,12608,2073003,945.0,261.9,946.7,244.2,945.85,253.05,0,1,945.0,261.9
379,12609,2073004,944.9,261.4,946.6,244.3,945.75,252.85,0,1,944.9,261.4
379,12610,2073005,945.1,260.9,946.6,244.5,945.85,252.7,0,1,945.1,260.9
379,12611,2073006,945.3,260.6,946.4,245.1,945.85,252.85,0,1,945.3,260.6
379,12612,2073007,945.5,260.5,946.2,245.6,945.85,253.05,0,1,945.5,260.5
379,12613,2073008,945.6,260.5,946.0,246.3,945.8,253.4,0,1,945.6,260.5
379,12614,2073009,945.6,260.5,945.8,246.9,945.7,253.7,0,1,945.6,260.5
379,12615,2073010,945.7,260.6,945.6,247.7,945.65,254.15,0,1,945.7,260.6
379,12616,2073011,945.8,260.7,945.4,248.4,945.6,254.55,0,1,945.8,260.7
379,12617,2073012,946.1,262.4,945.2,250.0,945.65,256.2,0,1,946.1,262.4
379,12618,2073013,946.4,264.5,945.1,251.3,945.75,257.9,0,1,946.4,264.5
379,12619,2073014,946.7,266.5,945.0,252.7,945.85,259.6,0,1,946.7,266.5
379,12620,2073015,946.8,268.4,944.9,254.2,945.85,261.3,0,1,946.8,268.4
379,12621,2073016,946.9,270.3,944.6,255.8,945.75,263.05,0,1,946.9,270.3
379,12622,2073017,946.8,272.1,944.4,257.2,945.6,264.65,0,1,946.8,272.1
379,12623,2073018,946.5,273.9,944.1,258.7,945.3,266.3,0,1,946.5,273.9
379,12624,2073019,946.1,273.8,944.0,259.1,945.05,266.45,0,1,946.1,273.8
379,12625,2073020,945.7,273.3,944.2,259.5,944.95,266.4,0,1,945.7,273.3
379,12626,2073021,945.3,272.7,944.7,259.7,945.0,266.2,0,1,945.3,272.7
379,12627,2073022,945.1,271.9,945.3,259.6,945.2,265.75,0,1,945.1,271.9
379,12628,2073023,945.0,271.0,945.9,259.5,945.45,265.25,0,1,945.0,271.0
379,12629,2073024,944.9,270.2,946.5,259.3,945.7,264.75,0,1,944.9,270.2
379,12630,2073025,945.1,269.6,947.0,260.1,946.05,264.85,0,1,945.1,269.6
379,12631,2073026,945.2,269.5,947.4,260.9,946.3,265.2,0,1,945.2,269.5
379,12632,2073027,945.4,269.9,947.6,261.7,946.5,265.8,0,1,945.4,269.9
379,12633,2073028,945.7,270.5,947.5,262.5,946.6,266.5,0,1,945.7,270.5
380,12634,2073029,946.0,271.3,947.5,263.4,946.75,267.35,0,1,946.0,271.3
380,12635,2073030,946.3,272.2,947.7,264.3,947.0,268.25,0,1,946.3,272.2
380,12636,2073031,946.5,273.1,947.8,265.2,947.15,269.15,0,1,946.5,273.1
380,12637,2073032,946.7,273.9,948.1,265.1,947.4,269.5,0,1,946.7,273.9
380,12638,2073033,946.8,274.5,948.3,264.8,947.55,269.65,0,1,946.8,274.5
380,12639,2073034,946.8,274.5,948.5,264.6,947.65,269.55,0,1,946.8,274.5
380,12640,2073035,946.7,274.7,948.7,264.6,947.7,269.65,0,1,946.7,274.7
380,12641,2073036,946.8,274.9,948.7,264.9,947.75,269.9,0,1,946.8,274.9
380,12642,2073037,946.8,275.2,948.8,265.2,947.8,270.2,0,1,946.8,275.2
380,12643,2073038,946.9,275.6,949.0,265.5,947.95,270.55,0,1,946.9,275.6
380,12644,2073039,947.0,276.1,949.4,265.9,948.2,271.0,0,1,947.0,276.1
380,12645,2073040,947.0,276.5,949.7,266.9,948.35,271.7,0,1,947.0,276.5
380,12646,2073041,947.1,277.0,950.1,267.8,948.6,272.4,0,1,947.1,277.0
380,12647,2073042,947.2,277.4,950.8,268.5,949.0,272.95,0,1,947.2,277.4
380,12648,2073043,947.0,277.8,951.4,268.7,949.2,273.25,0,1,947.0,277.8
380,12649,2073044,946.9,278.8,952.0,268.9,949.45,273.85,0,1,946.9,278.8
380,12650,2073045,946.8,279.9,952.4,269.0,949.6,274.45,0,1,946.8,279.9
380,12651,2073046,946.8,281.1,952.7,269.2,949.75,275.15,0,1,946.8,281.1
380,12652,2073047,947.0,282.5,952.9,268.9,949.95,275.7,0,1,947.0,282.5
380,12653,2073048,947.1,284.0,953.2,268.0,950.15,276.0,0,1,947.1,284.0
380,12654,2073049,947.3,285.5,953.4,267.2,950.35,276.35,0,1,947.3,285.5
380,12655,2073050,947.4,287.1,953.8,266.6,950.6,276.85,0,1,947.4,287.1
380,12656,2073051,947.5,287.8,954.3,266.0,950.9,276.9,0,1,947.5,287.8
380,12657,2073052,947.4,288.4,954.7,266.1,951.05,277.25,0,1,947.4,288.4
380,12658,2073053,947.2,288.8,955.2,266.2,951.2,277.5,0,1,947.2,288.8
380,12659,2073054,946.8,289.1,955.6,266.5,951.2,277.8,0,1,946.8,289.1
380,12660,2073055,946.4,289.1,955.9,267.2,951.15,278.15,0,1,946.4,289.1
380,12661,2073056,946.1,289.3,955.8,267.9,950.95,278.6,0,1,946.1,289.3
380,12662,2073057,945.9,289.5,955.6,268.5,950.75,279.0,0,1,945.9,289.5
380,12663,2073058,946.0,290.0,955.3,269.2,950.65,279.6,0,1,946.0,290.0
380,12664,2073059,946.4,290.9,955.3,269.2,950.85,280.05,0,1,946.4,290.9
380,12665,2073060,946.8,292.1,955.3,269.2,951.05,280.65,0,1,946.8,292.1
380,12666,2073061,947.3,293.2,955.4,269.0,951.35,281.1,0,1,947.3,293.2
381,12667,2073062,947.8,294.4,955.5,269.0,951.65,281.7,0,1,947.8,294.4
381,12668,2073063,948.2,295.4,955.8,269.0,952.0,282.2,0,1,948.2,295.4
381,12669,2073064,948.6,296.3,956.0,269.0,952.3,282.65,0,1,948.6,296.3
381,12670,2073065,948.7,297.0,956.1,269.1,952.4,283.05,0,1,948.7,297.0
381,12671,2073066,948.8,297.6,956.2,269.1,952.5,283.35,0,1,948.8,297.6
381,12672,2073067,948.8,297.8,956.4,269.0,952.6,283.4,0,1,948.8,297.8
381,12673,2073068,948.7,298.1,956.9,269.0,952.8,283.55,0,1,948.7,298.1
381,12674,2073069,948.6,298.6,957.5,268.9,953.05,283.75,0,1,948.6,298.6
381,12675,2073070,948.3,299.1,958.1,268.9,953.2,284.0,0,1,948.3,299.1
381,12676,2073071,947.9,299.5,958.7,269.1,953.3,284.3,0,1,947.9,299.5
381,12677,2073072,947.6,299.7,959.3,269.4,953.45,284.55,0,1,947.6,299.7
381,12678,2073073,947.4,299.6,960.0,269.7,953.7,284.65,0,1,947.4,299.6
381,12679,2073074,947.2,299.3,960.5,269.9,953.85,284.6,0,1,947.2,299.3
381,12680,2073075,947.2,298.9,960.7,270.1,953.95,284.5,0,1,947.2,298.9
381,12681,2073076,947.3,297.8,960.9,270.3,954.1,284.05,0,1,947.3,297.8
381,12682,2073077,947.5,297.0,961.0,270.5,954.25,283.75,0,1,947.5,297.0
381,12683,2073078,947.8,296.2,961.2,270.5,954.5,283.35,0,1,947.8,296.2
381,12684,2073079,948.0,296.2,961.2,270.7,954.6,283.45,0,1,948.0,296.2
381,12685,2073080,948.2,297.2,961.0,271.0,954.6,284.1,0,1,948.2,297.2
381,12686,2073081,948.4,298.3,960.8,271.5,954.6,284.9,0,1,948.4,298.3
381,12687,2073082,948.5,299.5,960.5,272.0,954.5,285.75,0,1,948.5,299.5
381,12688,2073083,948.7,300.1,960.1,272.9,954.4,286.5,0,1,948.7,300.1
381,12689,2073084,949.0,300.5,959.7,273.9,954.35,287.2,0,1,949.0,300.5
381,12690,2073085,949.1,300.9,959.4,274.8,954.25,287.85,0,1,949.1,300.9
381,12691,2073086,949.0,300.9,959.1,275.4,954.05,288.15,0,1,949.0,300.9
381,12692,2073087,948.8,300.5,958.9,276.0,953.85,288.25,0,1,948.8,300.5
381,12693,2073088,948.5,300.1,958.8,276.2,953.65,288.15,0,1,948.5,300.1
381,12694,2073089,948.3,299.7,958.7,276.3,953.5,288.0,0,1,948.3,299.7
381,12695,2073090,947.9,300.5,958.8,275.9,953.35,288.2,0,1,947.9,300.5
381,12696,2073091,947.6,301.0,958.9,275.5,953.25,288.25,0,1,947.6,301.0
381,12697,2073092,947.4,301.4,959.2,274.9,953.3,288.15,0,1,947.4,301.4
381,12698,2073093,947.4,301.4,959.5,274.0,953.45,287.7,0,1,947.4,301.4
381,12699,2073094,947.3,300.9,959.8,273.0,953.55,286.95,0,1,947.3,300.9
381,12700,2073095,947.2,300.5,960.1,272.4,953.65,286.45,0,1,947.2,300.5
382,12701,2073096,947.1,300.4,960.3,271.7,953.7,286.05,0,1,947.1,300.4
382,12702,2073097,946.9,300.3,960.5,271.1,953.7,285.7,0,1,946.9,300.3
382,12703,2073098,946.9,300.5,960.7,270.5,953.8,285.5,0,1,946.9,300.5
382,12704,2073099,946.9,301.0,960.6,270.0,953.75,285.5,0,1,946.9,301.0
382,12705,2073100,947.0,301.6,960.2,269.9,953.6,285.75,0,1,947.0,301.6
382,12706,2073101,947.1,302.5,959.7,269.4,953.4,285.95,0,1,947.1,302.5
382,12707,2073102,947.2,303.2,959.3,269.0,953.25,286.1,0,1,947.2,303.2
382,12708,2073103,947.3,303.7,958.8,268.5,953.05,286.1,0,1,947.3,303.7
382,12709,2073104,947.2,304.3,958.4,268.8,952.8,286.55,0,1,947.2,304.3
382,12710,2073105,947.1,304.7,958.0,269.1,952.55,286.9,0,1,947.1,304.7
382,12711,2073106,947.1,305.2,957.7,269.3,952.4,287.25,0,1,947.1,305.2
382,12712,2073107,947.2,305.6,957.9,269.5,952.55,287.55,0,1,947.2,305.6
382,12713,2073108,947.4,305.8,958.1,269.6,952.75,287.7,0,1,947.4,305.8
382,12714,2073109,947.5,305.8,958.2,269.7,952.85,287.75,0,1,947.5,305.8
382,12715,2073110,947.6,305.6,958.4,269.8,953.0,287.7,0,1,947.6,305.6
382,12716,2073111,947.7,305.1,958.6,269.3,953.15,287.2,0,1,947.7,305.1
382,12717,2073112,947.7,304.6,958.7,268.8,953.2,286.7,0,1,947.7,304.6
382,12718,2073113,947.5,304.1,958.7,268.5,953.1,286.3,0,1,947.5,304.1
382,12719,2073114,947.0,303.5,958.6,268.4,952.8,285.95,0,1,947.0,303.5
382,12720,2073115,946.6,303.0,958.5,268.6,952.55,285.8,0,1,946.6,303.0
382,12721,2073116,946.2,302.5,958.3,269.1,952.25,285.8,0,1,946.2,302.5
382,12722,2073117,945.5,302.3,958.2,269.6,951.85,285.95,0,1,945.5,302.3
382,12723,2073118,944.8,302.1,958.0,270.0,951.4,286.05,0,1,944.8,302.1
382,12724,2073119,944.2,301.9,957.9,270.4,951.05,286.15,0,1,944.2,301.9
382,12725,2073120,943.5,301.8,958.0,270.8,950.75,286.3,0,1,943.5,301.8
382,12726,2073121,943.1,301.7,958.5,271.2,950.8,286.45,0,1,943.1,301.7
382,12727,2073122,942.6,301.6,959.0,271.5,950.8,286.55,0,1,942.6,301.6
382,12728,2073123,942.2,301.5,959.6,271.5,950.9,286.5,0,1,942.2,301.5
382,12729,2073124,942.6,301.6,960.2,271.5,951.4,286.55,0,1,942.6,301.6
382,12730,2073125,943.1,301.6,960.8,271.1,951.95,286.35,0,1,943.1,301.6
382,12731,2073126,943.7,302.6,961.3,270.6,952.5,286.6,0,1,943.7,302.6
382,12732,2073127,944.2,303.5,961.7,270.0,952.95,286.75,0,1,944.2,303.5
382,12733,2073128,944.7,304.4,961.8,269.4,953.25,286.9,0,1,944.7,304.4
383,12734,2073129,945.1,305.5,962.0,268.8,953.55,287.15,0,1,945.1,305.5
383,12735,2073130,945.2,306.6,962.1,268.3,953.65,287.45,0,1,945.2,306.6
383,12736,2073131,944.8,307.7,962.3,267.7,953.55,287.7,0,1,944.8,307.7
383,12737,2073132,944.3,308.8,962.4,267.6,953.35,288.2,0,1,944.3,308.8
383,12738,2073133,943.8,309.1,962.6,267.7,953.2,288.4,0,1,943.8,309.1
383,12739,2073134,943.4,309.5,962.8,267.8,953.1,288.65,0,1,943.4,309.5
383,12740,2073135,943.0,309.8,962.9,268.0,952.95,288.9,0,1,943.0,309.8
383,12741,2073136,942.7,310.1,962.9,268.4,952.8,289.25,0,1,942.7,310.1
383,12742,2073137,942.7,310.3,963.3,268.7,953.0,289.5,0,1,942.7,310.3
383,12743,2073138,942.7,310.6,963.7,269.0,953.2,289.8,0,1,942.7,310.6
383,12744,2073139,943.1,311.0,964.1,269.1,953.6,290.05,0,1,943.1,311.0
383,12745,2073140,943.6,311.3,964.5,268.8,954.05,290.05,0,1,943.6,311.3
383,12746,2073141,944.1,311.6,964.9,268.4,954.5,290.0,0,1,944.1,311.6
383,12747,2073142,944.6,311.9,965.2,268.2,954.9,290.05,0,1,944.6,311.9
383,12748,2073143,945.3,312.2,965.5,267.7,955.4,289.95,0,1,945.3,312.2
383,12749,2073144,945.9,312.3,965.3,267.4,955.6,289.85,0,1,945.9,312.3
383,12750,2073145,946.6,312.2,965.2,267.2,955.9,289.7,0,1,946.6,312.2
383,12751,2073146,947.0,312.1,964.3,267.2,955.65,289.65,0,1,947.0,312.1
383,12752,2073147,947.4,311.9,963.4,267.2,955.4,289.55,0,1,947.4,311.9
383,12753,2073148,947.8,311.7,962.5,267.4,955.15,289.55,0,1,947.8,311.7
383,12754,2073149,948.2,311.6,961.8,267.7,955.0,289.65,0,1,948.2,311.6
383,12755,2073150,948.5,311.4,961.0,267.9,954.75,289.65,0,1,948.5,311.4
383,12756,2073151,948.8,311.3,960.3,267.9,954.55,289.6,0,1,948.8,311.3
383,12757,2073152,949.0,311.1,959.7,267.6,954.35,289.35,0,1,949.0,311.1
383,12758,2073153,949.1,310.9,959.7,267.4,954.4,289.15,0,1,949.1,310.9
383,12759,2073154,949.1,310.8,959.8,267.2,954.45,289.0,0,1,949.1,310.8
383,12760,2073155,949.2,311.0,959.9,267.0,954.55,289.0,0,1,949.2,311.0
383,12761,2073156,949.3,311.2,959.9,266.6,954.6,288.9,0,1,949.3,311.2
383,12762,2073157,949.4,311.2,960.0,266.3,954.7,288.75,0,1,949.4,311.2
383,12763,2073158,949.7,311.1,959.8,266.0,954.75,288.55,0,1,949.7,311.1
383,12764,2073159,950.5,311.1,959.5,265.9,955.0,288.5,0,1,950.5,311.1
383,12765,2073160,951.3,311.1,959.1,265.8,955.2,288.45,0,1,951.3,311.1
383,12766,2073161,952.1,310.9,958.8,265.7,955.45,288.3,0,1,952.1,310.9
384,12767,2073162,952.9,310.4,958.4,265.6,955.65,288.0,0,1,952.9,310.4
384,12768,2073163,953.7,310.0,958.0,264.6,955.85,287.3,0,1,953.7,310.0
384,12769,2073164,954.3,309.8,957.7,263.5,956.0,286.65,0,1,954.3,309.8
384,12770,2073165,954.8,309.8,957.6,262.2,956.2,286.0,0,1,954.8,309.8
384,12771,2073166,954.9,309.9,957.6,260.8,956.25,285.35,0,1,954.9,309.9
384,12772,2073167,954.9,310.1,957.7,259.5,956.3,284.8,0,1,954.9,310.1
384,12773,2073168,954.7,310.4,957.6,258.2,956.15,284.3,0,1,954.7,310.4
384,12774,2073169,954.3,310.4,957.6,256.8,955.95,283.6,0,1,954.3,310.4
384,12775,2073170,953.9,310.1,957.6,256.2,955.75,283.15,0,1,953.9,310.1
384,12776,2073171,953.5,309.7,957.7,255.6,955.6,282.65,0,1,953.5,309.7
384,12777,2073172,953.0,309.2,957.8,255.4,955.4,282.3,0,1,953.0,309.2
384,12778,2073173,952.4,308.6,957.9,255.4,955.15,282.0,0,1,952.4,308.6
384,12779,2073174,951.8,308.0,958.0,255.3,954.9,281.65,0,1,951.8,308.0
384,12780,2073175,951.4,307.4,958.7,255.3,955.05,281.35,0,1,951.4,307.4
384,12781,2073176,951.1,307.0,959.5,255.5,955.3,281.25,0,1,951.1,307.0
384,12782,2073177,951.1,306.7,960.9,255.8,956.0,281.25,0,1,951.1,306.7
384,12783,2073178,951.2,306.4,962.2,256.7,956.7,281.55,0,1,951.2,306.4
384,12784,2073179,951.6,305.6,963.7,258.8,957.65,282.2,0,1,951.6,305.6
384,12785,2073180,952.6,304.6,965.4,260.9,959.0,282.75,0,1,952.6,304.6
384,12786,2073181,953.5,303.8,967.9,263.7,960.7,283.75,0,1,953.5,303.8
384,12787,2073182,954.8,303.1,970.7,267.0,962.75,285.05,0,1,954.8,303.1
384,12788,2073183,956.1,303.3,974.2,271.0,965.15,287.15,0,1,956.1,303.3
384,12789,2073184,958.3,303.6,978.3,276.2,968.3,289.9,0,1,958.3,303.6
384,12790,2073185,960.3,304.1,982.5,281.0,971.4,292.55,0,1,960.3,304.1
384,12791,2073186,963.4,307.0,986.4,284.4,974.9,295.7,0,1,963.4,307.0
384,12792,2073187,965.9,310.2,990.0,288.4,977.95,299.3,0,1,965.9,310.2
384,12793,2073188,968.7,314.9,992.8,291.8,980.75,303.35,0,1,968.7,314.9
384,12794,2073189,971.2,319.5,994.8,294.7,983.0,307.1,0,1,971.2,319.5
384,12795,2073190,973.6,323.4,996.0,296.7,984.8,310.05,0,1,973.6,323.4
384,12796,2073191,975.1,327.3,996.1,297.4,985.6,312.35,0,1,975.1,327.3
384,12797,2073192,976.6,332.9,996.6,298.4,986.6,315.65,0,1,976.6,332.9
384,12798,2073193,977.1,336.6,997.6,299.5,987.35,318.05,0,1,977.1,336.6
384,12799,2073194,977.5,340.4,998.5,301.5,988.0,320.95,0,1,977.5,340.4
384,12800,2073195,977.6,343.7,1000.9,303.6,989.25,323.65,0,1,977.6,343.7
385,12801,2073196,978.3,347.6,1003.8,306.8,991.05,327.2,0,1,978.3,347.6
385,12802,2073197,979.0,352.5,1006.9,310.4,992.95,331.45,0,1,979.0,352.5
385,12803,2073198,980.5,359.4,1009.7,316.0,995.1,337.7,0,1,980.5,359.4
385,12804,2073199,983.1,365.5,1013.1,323.1,998.1,344.3,0,1,983.1,365.5
385,12805,2073200,986.3,371.6,1016.1,330.0,1001.2,350.8,0,1,986.3,371.6
385,12806,2073201,989.9,379.7,1020.3,335.7,1005.1,357.7,0,1,989.9,379.7
385,12807,2073202,994.5,386.5,1023.2,342.7,1008.85,364.6,0,1,994.5,386.5
385,12808,2073203,1000.1,393.4,1025.3,349.9,1012.7,371.65,0,1,1000.1,393.4
385,12809,2073204,1007.3,400.6,1027.4,357.9,1017.35,379.25,0,1,1007.3,400.6
385,12810,2073205,1014.3,407.6,1030.0,364.8,1022.15,386.2,0,1,1014.3,407.6
385,12811,2073206,1021.6,413.9,1031.8,370.0,1026.7,391.95,0,1,1021.6,413.9
385,12812,2073207,1029.2,420.7,1033.6,375.8,1031.4,398.25,0,1,1029.2,420.7
385,12813,2073208,1036.4,426.2,1035.4,382.5,1035.9,404.35,0,1,1036.4,426.2
385,12814,2073209,1043.3,432.9,1037.9,388.3,1040.6,410.6,0,1,1043.3,432.9
385,12815,2073210,1050.0,439.1,1040.2,394.6,1045.1,416.85,0,1,1050.0,439.1
385,12816,2073211,1055.0,444.3,1042.9,399.7,1048.95,422.0,0,1,1055.0,444.3
385,12817,2073212,1059.3,449.3,1046.0,404.4,1052.65,426.85,0,1,1059.3,449.3
385,12818,2073213,1062.4,454.4,1049.1,411.4,1055.75,432.9,0,1,1062.4,454.4
385,12819,2073214,1064.7,459.0,1052.2,418.4,1058.45,438.7,0,1,1064.7,459.0
385,12820,2073215,1066.8,463.0,1054.8,423.9,1060.8,443.45,0,1,1066.8,463.0
385,12821,2073216,1068.4,465.6,1056.8,429.0,1062.6,447.3,0,1,1068.4,465.6
385,12822,2073217,1068.9,468.2,1059.0,432.4,1063.95,450.3,0,1,1068.9,468.2
385,12823,2073218,1069.4,470.3,1061.5,435.7,1065.45,453.0,0,1,1069.4,470.3
385,12824,2073219,1069.9,470.8,1063.7,438.4,1066.8,454.6,0,1,1069.9,470.8
385,12825,2073220,1070.7,471.1,1065.7,438.6,1068.2,454.85,0,1,1070.7,471.1
385,12826,2073221,1071.6,471.5,1068.8,438.0,1070.2,454.75,0,1,1071.6,471.5
385,12827,2073222,1072.7,472.0,1071.6,437.3,1072.15,454.65,0,1,1072.7,472.0
385,12828,2073223,1074.2,472.3,1074.5,436.7,1074.35,454.5,0,1,1074.2,472.3
385,12829,2073224,1075.6,472.6,1077.7,436.2,1076.65,454.4,0,1,1075.6,472.6
385,12830,2073225,1077.1,472.9,1080.9,435.6,1079.0,454.25,0,1,1077.1,472.9
385,12831,2073226,1078.6,473.5,1083.5,435.1,1081.05,454.3,0,1,1078.6,473.5
385,12832,2073227,1080.0,474.3,1086.2,434.8,1083.1,454.55,0,1,1080.0,474.3
385,12833,2073228,1081.1,476.2,1087.8,434.9,1084.45,455.55,0,1,1081.1,476.2
386,12834,2073229,1082.5,478.2,1089.2,435.3,1085.85,456.75,0,1,1082.5,478.2
386,12835,2073230,1083.5,480.7,1090.4,436.1,1086.95,458.4,0,1,1083.5,480.7
386,12836,2073231,1085.5,484.4,1091.2,436.7,1088.35,460.55,0,1,1085.5,484.4
386,12837,2073232,1087.4,488.4,1091.6,437.4,1089.5,462.9,0,1,1087.4,488.4
386,12838,2073233,1089.2,492.1,1092.0,438.3,1090.6,465.2,0,1,1089.2,492.1
386,12839,2073234,1091.1,495.4,1093.1,439.4,1092.1,467.4,0,1,1091.1,495.4
386,12840,2073235,1094.2,497.6,1094.9,440.4,1094.55,469.0,0,1,1094.2,497.6
386,12841,2073236,1096.9,499.6,1096.7,441.4,1096.8,470.5,0,1,1096.9,499.6
386,12842,2073237,1099.6,501.0,1098.4,442.0,1099.0,471.5,0,1,1099.6,501.0
386,12843,2073238,1101.4,501.2,1100.2,442.6,1100.8,471.9,0,1,1101.4,501.2
386,12844,2073239,1103.9,501.2,1102.3,443.3,1103.1,472.25,0,1,1103.9,501.2
386,12845,2073240,1106.5,501.3,1104.2,443.9,1105.35,472.6,0,1,1106.5,501.3
386,12846,2073241,1108.6,501.5,1105.5,444.3,1107.05,472.9,0,1,1108.6,501.5
386,12847,2073242,1109.6,501.7,1105.9,444.6,1107.75,473.15,0,1,1109.6,501.7
386,12848,2073243,1110.5,502.0,1106.3,444.8,1108.4,473.4,0,1,1110.5,502.0
386,12849,2073244,1111.4,502.3,1106.7,445.2,1109.05,473.75,0,1,1111.4,502.3
386,12850,2073245,1112.2,502.6,1106.9,445.4,1109.55,474.0,0,1,1112.2,502.6
386,12851,2073246,1112.1,502.7,1106.8,445.5,1109.45,474.1,0,1,1112.1,502.7
386,12852,2073247,1111.9,502.8,1106.6,445.6,1109.25,474.2,0,1,1111.9,502.8
386,12853,2073248,1111.7,502.8,1106.2,445.7,1108.95,474.25,0,1,1111.7,502.8
386,12854,2073249,1111.4,502.7,1105.9,444.7,1108.65,473.7,0,1,1111.4,502.7
386,12855,2073250,1110.9,502.5,1105.3,443.7,1108.1,473.1,0,1,1110.9,502.5
386,12856,2073251,1110.3,502.3,1104.7,442.6,1107.5,472.45,0,1,1110.3,502.3
386,12857,2073252,1109.8,502.2,1104.1,441.6,1106.95,471.9,0,1,1109.8,502.2
386,12858,2073253,1109.4,502.4,1103.6,441.0,1106.5,471.7,0,1,1109.4,502.4
386,12859,2073254,1109.1,502.6,1103.0,440.7,1106.05,471.65,0,1,1109.1,502.6
386,12860,2073255,1108.7,502.7,1102.7,440.3,1105.7,471.5,0,1,1108.7,502.7
386,12861,2073256,1108.3,502.8,1102.3,441.1,1105.3,471.95,0,1,1108.3,502.8
386,12862,2073257,1107.7,502.7,1102.1,441.7,1104.9,472.2,0,1,1107.7,502.7
386,12863,2073258,1107.0,502.9,1101.8,442.3,1104.4,472.6,0,1,1107.0,502.9
386,12864,2073259,1106.5,503.1,1101.5,442.9,1104.0,473.0,0,1,1106.5,503.1
386,12865,2073260,1105.9,503.0,1101.2,443.2,1103.55,473.1,0,1,1105.9,503.0
386,12866,2073261,1105.3,502.9,1100.9,443.2,1103.1,473.05,0,1,1105.3,502.9
387,12867,2073262,1104.8,502.8,1100.5,443.2,1102.65,473.0,0,1,1104.8,502.8
387,12868,2073263,1104.3,502.7,1100.3,443.4,1102.3,473.05,0,1,1104.3,502.7
387,12869,2073264,1104.2,502.8,1100.1,443.6,1102.15,473.2,0,1,1104.2,502.8
387,12870,2073265,1104.1,502.9,1100.1,443.6,1102.1,473.25,0,1,1104.1,502.9
387,12871,2073266,1104.0,503.1,1100.1,443.5,1102.05,473.3,0,1,1104.0,503.1
387,12872,2073267,1103.9,503.6,1100.1,443.3,1102.0,473.45,0,1,1103.9,503.6
387,12873,2073268,1103.9,504.7,1100.2,442.9,1102.05,473.8,0,1,1103.9,504.7
387,12874,2073269,1104.0,505.9,1100.3,442.6,1102.15,474.25,0,1,1104.0,505.9
387,12875,2073270,1104.4,507.1,1100.5,442.2,1102.45,474.65,0,1,1104.4,507.1
387,12876,2073271,1104.7,508.3,1100.8,441.9,1102.75,475.1,0,1,1104.7,508.3
387,12877,2073272,1105.1,509.3,1101.1,441.8,1103.1,475.55,0,1,1105.1,509.3
387,12878,2073273,1105.5,510.1,1101.5,441.2,1103.5,475.65,0,1,1105.5,510.1
387,12879,2073274,1105.8,510.7,1102.1,440.6,1103.95,475.65,0,1,1105.8,510.7
387,12880,2073275,1106.1,510.5,1102.7,440.2,1104.4,475.35,0,1,1106.1,510.5
387,12881,2073276,1106.4,510.1,1103.3,439.6,1104.85,474.85,0,1,1106.4,510.1
387,12882,2073277,1106.4,509.7,1103.6,439.0,1105.0,474.35,0,1,1106.4,509.7
387,12883,2073278,1106.3,509.4,1103.8,438.3,1105.05,473.85,0,1,1106.3,509.4
387,12884,2073279,1106.4,509.0,1104.0,437.7,1105.2,473.35,0,1,1106.4,509.0
387,12885,2073280,1106.5,508.7,1104.0,437.6,1105.25,473.15,0,1,1106.5,508.7
387,12886,2073281,1106.7,508.4,1103.8,437.5,1105.25,472.95,0,1,1106.7,508.4
387,12887,2073282,1107.0,508.3,1103.6,437.3,1105.3,472.8,0,1,1107.0,508.3
387,12888,2073283,1107.5,508.4,1103.2,437.0,1105.35,472.7,0,1,1107.5,508.4
387,12889,2073284,1108.0,508.1,1102.9,436.6,1105.45,472.35,0,1,1108.0,508.1
387,12890,2073285,1108.6,507.3,1102.7,436.2,1105.65,471.75,0,1,1108.6,507.3
387,12891,2073286,1109.1,506.5,1102.4,436.0,1105.75,471.25,0,1,1109.1,506.5
387,12892,2073287,1109.5,505.7,1102.0,435.9,1105.75,470.8,0,1,1109.5,505.7
387,12893,2073288,1110.0,504.9,1101.7,435.8,1105.85,470.35,0,1,1110.0,504.9
387,12894,2073289,1110.4,504.3,1101.3,435.8,1105.85,470.05,0,1,1110.4,504.3
387,12895,2073290,1110.7,504.1,1101.1,436.1,1105.9,470.1,0,1,1110.7,504.1
387,12896,2073291,1111.0,504.2,1100.6,436.4,1105.8,470.3,0,1,1111.0,504.2
387,12897,2073292,1111.3,505.0,1100.2,436.8,1105.75,470.9,0,1,1111.3,505.0
387,12898,2073293,1111.5,505.8,1099.4,437.1,1105.45,471.45,0,1,1111.5,505.8
387,12899,2073294,1111.9,506.7,1098.7,437.2,1105.3,471.95,0,1,1111.9,506.7
387,12900,2073295,1112.8,507.4,1097.9,437.2,1105.35,472.3,0,1,1112.8,507.4
388,12901,2073296,1113.8,508.1,1097.2,437.1,1105.5,472.6,0,1,1113.8,508.1
388,12902,2073297,1114.6,508.2,1096.6,436.9,1105.6,472.55,0,1,1114.6,508.2
388,12903,2073298,1115.5,508.0,1096.1,436.4,1105.8,472.2,0,1,1115.5,508.0
388,12904,2073299,1116.5,507.2,1095.6,435.9,1106.05,471.55,0,1,1116.5,507.2
388,12905,2073300,1117.9,506.3,1095.4,435.4,1106.65,470.85,0,1,1117.9,506.3
388,12906,2073301,1119.1,505.2,1095.3,435.0,1107.2,470.1,0,1,1119.1,505.2
388,12907,2073302,1119.7,504.2,1095.1,434.6,1107.4,469.4,0,1,1119.7,504.2
388,12908,2073303,1120.2,503.1,1095.0,434.7,1107.6,468.9,0,1,1120.2,503.1
388,12909,2073304,1120.8,502.1,1095.0,434.8,1107.9,468.45,0,1,1120.8,502.1
388,12910,2073305,1121.4,501.3,1094.9,435.2,1108.15,468.25,0,1,1121.4,501.3
388,12911,2073306,1121.8,501.0,1095.1,435.5,1108.45,468.25,0,1,1121.8,501.0
388,12912,2073307,1121.8,500.6,1095.2,435.5,1108.5,468.05,0,1,1121.8,500.6
388,12913,2073308,1121.2,500.2,1095.3,435.5,1108.25,467.85,0,1,1121.2,500.2
388,12914,2073309,1120.6,499.7,1095.4,435.3,1108.0,467.5,0,1,1120.6,499.7
388,12915,2073310,1120.0,499.2,1095.5,434.9,1107.75,467.05,0,1,1120.0,499.2
388,12916,2073311,1119.3,498.8,1095.4,434.4,1107.35,466.6,0,1,1119.3,498.8
388,12917,2073312,1118.6,498.4,1095.4,433.8,1107.0,466.1,0,1,1118.6,498.4
388,12918,2073313,1117.5,498.2,1095.4,433.4,1106.45,465.8,0,1,1117.5,498.2
388,12919,2073314,1116.5,497.7,1095.3,433.2,1105.9,465.45,0,1,1116.5,497.7
388,12920,2073315,1116.0,497.1,1095.3,432.9,1105.65,465.0,0,1,1116.0,497.1
388,12921,2073316,1115.5,496.6,1095.3,432.6,1105.4,464.6,0,1,1115.5,496.6
388,12922,2073317,1115.1,496.0,1095.1,431.5,1105.1,463.75,0,1,1115.1,496.0
388,12923,2073318,1114.7,495.2,1095.0,430.6,1104.85,462.9,0,1,1114.7,495.2
388,12924,2073319,1114.3,494.6,1094.9,429.7,1104.6,462.15,0,1,1114.3,494.6
388,12925,2073320,1114.2,494.0,1094.8,428.8,1104.5,461.4,0,1,1114.2,494.0
388,12926,2073321,1114.0,493.8,1094.8,427.3,1104.4,460.55,0,1,1114.0,493.8
388,12927,2073322,1113.8,493.5,1094.8,425.8,1104.3,459.65,0,1,1113.8,493.5
388,12928,2073323,1113.7,493.2,1094.9,424.3,1104.3,458.75,0,1,1113.7,493.2
388,12929,2073324,1113.5,493.1,1095.5,423.7,1104.5,458.4,0,1,1113.5,493.1
388,12930,2073325,1113.2,492.6,1096.1,423.2,1104.65,457.9,0,1,1113.2,492.6
388,12931,2073326,1113.0,492.2,1096.8,422.7,1104.9,457.45,0,1,1113.0,492.2
388,12932,2073327,1113.0,491.4,1097.8,422.3,1105.4,456.85,0,1,1113.0,491.4
388,12933,2073328,1113.2,490.2,1098.7,422.6,1105.95,456.4,0,1,1113.2,490.2
389,12934,2073329,1113.2,489.1,1099.5,422.6,1106.35,455.85,0,1,1113.2,489.1
389,12935,2073330,1113.2,487.9,1100.3,422.5,1106.75,455.2,0,1,1113.2,487.9
389,12936,2073331,1113.3,486.8,1100.4,422.4,1106.85,454.6,0,1,1113.3,486.8
389,12937,2073332,1113.5,485.9,1100.5,422.1,1107.0,454.0,0,1,1113.5,485.9
389,12938,2073333,1113.6,485.0,1100.6,421.8,1107.1,453.4,0,1,1113.6,485.0
389,12939,2073334,1113.6,484.6,1100.5,421.5,1107.05,453.05,0,1,1113.6,484.6
389,12940,2073335,1113.5,484.5,1100.4,420.9,1106.95,452.7,0,1,1113.5,484.5
389,12941,2073336,1113.3,484.4,1100.8,420.7,1107.05,452.55,0,1,1113.3,484.4
389,12942,2073337,1113.0,484.3,1101.3,420.2,1107.15,452.25,0,1,1113.0,484.3
389,12943,2073338,1112.7,483.7,1102.0,419.8,1107.35,451.75,0,1,1112.7,483.7
389,12944,2073339,1112.2,483.2,1102.6,419.3,1107.4,451.25,0,1,1112.2,483.2
389,12945,2073340,1111.7,482.5,1103.1,418.8,1107.4,450.65,0,1,1111.7,482.5
389,12946,2073341,1111.2,481.6,1103.5,418.4,1107.35,450.0,0,1,1111.2,481.6
389,12947,2073342,1110.9,480.7,1103.8,418.3,1107.35,449.5,0,1,1110.9,480.7
389,12948,2073343,1110.6,479.9,1103.7,418.2,1107.15,449.05,0,1,1110.6,479.9
389,12949,2073344,1110.4,479.3,1103.8,418.4,1107.1,448.85,0,1,1110.4,479.3
389,12950,2073345,1110.0,479.2,1103.9,418.5,1106.95,448.85,0,1,1110.0,479.2
389,12951,2073346,1109.7,479.1,1104.2,418.7,1106.95,448.9,0,1,1109.7,479.1
389,12952,2073347,1109.4,478.8,1104.4,418.9,1106.9,448.85,0,1,1109.4,478.8
389,12953,2073348,1109.0,478.8,1104.9,419.2,1106.95,449.0,0,1,1109.0,478.8
389,12954,2073349,1108.6,478.8,1105.4,419.5,1107.0,449.15,0,1,1108.6,478.8
389,12955,2073350,1108.1,478.6,1105.9,419.6,1107.0,449.1,0,1,1108.1,478.6
389,12956,2073351,1107.6,478.4,1106.3,419.6,1106.95,449.0,0,1,1107.6,478.4
389,12957,2073352,1107.3,477.9,1106.5,419.5,1106.9,448.7,0,1,1107.3,477.9
389,12958,2073353,1107.0,477.6,1106.6,419.4,1106.8,448.5,0,1,1107.0,477.6
389,12959,2073354,1106.7,477.3,1106.6,419.5,1106.65,448.4,0,1,1106.7,477.3
389,12960,2073355,1106.3,477.2,1106.4,419.4,1106.35,448.3,0,1,1106.3,477.2
389,12961,2073356,1106.0,477.1,1106.2,419.2,1106.1,448.15,0,1,1106.0,477.1
389,12962,2073357,1105.8,477.3,1105.9,419.6,1105.85,448.45,0,1,1105.8,477.3
389,12963,2073358,1105.5,478.1,1105.8,420.2,1105.65,449.15,0,1,1105.5,478.1
389,12964,2073359,1105.3,478.9,1105.7,420.9,1105.5,449.9,0,1,1105.3,478.9
389,12965,2073360,1105.1,479.8,1105.8,421.7,1105.45,450.75,0,1,1105.1,479.8
389,12966,2073361,1105.1,480.6,1106.1,422.3,1105.6,451.45,0,1,1105.1,480.6
390,12967,2073362,1105.3,481.4,1106.4,422.9,1105.85,452.15,0,1,1105.3,481.4
390,12968,2073363,1105.6,481.9,1106.6,423.8,1106.1,452.85,0,1,1105.6,481.9
390,12969,2073364,1105.8,482.3,1106.8,424.9,1106.3,453.6,0,1,1105.8,482.3
390,12970,2073365,1106.3,482.2,1106.9,425.9,1106.6,454.05,0,1,1106.3,482.2
390,12971,2073366,1106.9,482.0,1107.0,426.8,1106.95,454.4,0,1,1106.9,482.0
390,12972,2073367,1107.6,481.7,1106.9,427.6,1107.25,454.65,0,1,1107.6,481.7
390,12973,2073368,1108.3,481.4,1106.7,428.4,1107.5,454.9,0,1,1108.3,481.4
390,12974,2073369,1108.9,480.4,1106.4,429.1,1107.65,454.75,0,1,1108.9,480.4
390,12975,2073370,1109.3,479.6,1105.9,429.6,1107.6,454.6,0,1,1109.3,479.6
390,12976,2073371,1109.8,478.8,1105.3,429.7,1107.55,454.25,0,1,1109.8,478.8
390,12977,2073372,1109.9,477.9,1104.8,429.6,1107.35,453.75,0,1,1109.9,477.9
390,12978,2073373,1110.1,477.1,1104.3,429.5,1107.2,453.3,0,1,1110.1,477.1
390,12979,2073374,1110.2,476.3,1103.9,429.1,1107.05,452.7,0,1,1110.2,476.3
390,12980,2073375,1110.4,475.7,1103.5,428.7,1106.95,452.2,0,1,1110.4,475.7
390,12981,2073376,1110.6,475.6,1103.3,428.2,1106.95,451.9,0,1,1110.6,475.6
390,12982,2073377,1110.9,475.6,1103.4,427.7,1107.15,451.65,0,1,1110.9,475.6
390,12983,2073378,1111.5,475.6,1103.5,427.2,1107.5,451.4,0,1,1111.5,475.6
390,12984,2073379,1112.1,475.5,1103.7,426.8,1107.9,451.15,0,1,1112.1,475.5
390,12985,2073380,1112.7,475.5,1103.8,426.3,1108.25,450.9,0,1,1112.7,475.5
390,12986,2073381,1113.2,475.4,1103.9,426.2,1108.55,450.8,0,1,1113.2,475.4
390,12987,2073382,1113.7,475.4,1104.0,426.0,1108.85,450.7,0,1,1113.7,475.4
390,12988,2073383,1114.0,475.3,1104.1,426.0,1109.05,450.65,0,1,1114.0,475.3
390,12989,2073384,1114.7,475.3,1104.2,426.0,1109.45,450.65,0,1,1114.7,475.3
390,12990,2073385,1115.1,475.2,1104.2,425.9,1109.65,450.55,0,1,1115.1,475.2
390,12991,2073386,1115.5,475.0,1104.3,425.9,1109.9,450.45,0,1,1115.5,475.0
390,12992,2073387,1115.9,474.7,1104.3,426.0,1110.1,450.35,0,1,1115.9,474.7
390,12993,2073388,1116.4,474.3,1103.4,426.0,1109.9,450.15,0,1,1116.4,474.3
390,12994,2073389,1116.8,473.8,1102.6,426.1,1109.7,449.95,0,1,1116.8,473.8
390,12995,2073390,1117.4,473.3,1101.8,426.1,1109.6,449.7,0,1,1117.4,473.3
390,12996,2073391,1117.6,472.8,1101.0,426.1,1109.3,449.45,0,1,1117.6,472.8
390,12997,2073392,1117.9,472.1,1100.2,426.4,1109.05,449.25,0,1,1117.9,472.1
390,12998,2073393,1118.1,471.6,1099.4,426.7,1108.75,449.15,0,1,1118.1,471.6
390,12999,2073394,1118.3,470.8,1098.8,427.2,1108.55,449.0,0,1,1118.3,470.8
390,13000,2073395,1118.5,470.1,1098.9,427.7,1108.7,448.9,0,1,1118.5,470.1
391,13001,2073396,1118.7,469.5,1099.0,428.3,1108.85,448.9,0,1,1118.7,469.5
391,13002,2073397,1118.8,469.0,1099.0,429.0,1108.9,449.0,0,1,1118.8,469.0
391,13003,2073398,1118.8,468.4,1099.0,429.6,1108.9,449.0,0,1,1118.8,468.4
391,13004,2073399,1118.9,467.8,1098.9,429.9,1108.9,448.85,0,1,1118.9,467.8
391,13005,2073400,1119.0,467.1,1098.7,430.2,1108.85,448.65,0,1,1119.0,467.1
391,13006,2073401,1119.2,466.7,1098.4,430.1,1108.8,448.4,0,1,1119.2,466.7
391,13007,2073402,1119.3,466.4,1098.2,430.0,1108.75,448.2,0,1,1119.3,466.4
391,13008,2073403,1119.4,466.1,1097.8,429.8,1108.6,447.95,0,1,1119.4,466.1
391,13009,2073404,1119.4,465.7,1097.4,429.6,1108.4,447.65,0,1,1119.4,465.7
391,13010,2073405,1119.5,465.4,1097.2,429.0,1108.35,447.2,0,1,1119.5,465.4
391,13011,2073406,1119.5,465.2,1096.9,428.3,1108.2,446.75,0,1,1119.5,465.2
391,13012,2073407,1119.7,464.8,1096.7,427.6,1108.2,446.2,0,1,1119.7,464.8
391,13013,2073408,1119.8,464.5,1096.5,427.1,1108.15,445.8,0,1,1119.8,464.5
391,13014,2073409,1119.9,464.3,1096.1,427.0,1108.0,445.65,0,1,1119.9,464.3
391,13015,2073410,1119.9,464.1,1095.9,427.0,1107.9,445.55,0,1,1119.9,464.1
391,13016,2073411,1119.7,464.2,1095.6,427.1,1107.65,445.65,0,1,1119.7,464.2
391,13017,2073412,1119.4,464.3,1095.3,427.6,1107.35,445.95,0,1,1119.4,464.3
391,13018,2073413,1119.1,464.4,1095.1,428.1,1107.1,446.25,0,1,1119.1,464.4
391,13019,2073414,1118.7,464.6,1094.9,428.7,1106.8,446.65,0,1,1118.7,464.6
391,13020,2073415,1118.3,464.6,1094.7,429.2,1106.5,446.9,0,1,1118.3,464.6
391,13021,2073416,1117.9,464.6,1094.6,429.2,1106.25,446.9,0,1,1117.9,464.6
391,13022,2073417,1117.6,464.4,1094.6,429.3,1106.1,446.85,0,1,1117.6,464.4
391,13023,2073418,1117.3,463.9,1094.6,429.2,1105.95,446.55,0,1,1117.3,463.9
391,13024,2073419,1117.0,463.4,1094.6,429.2,1105.8,446.3,0,1,1117.0,463.4
391,13025,2073420,1116.7,463.1,1094.6,429.0,1105.65,446.05,0,1,1116.7,463.1
391,13026,2073421,1116.4,463.3,1094.6,428.8,1105.5,446.05,0,1,1116.4,463.3
391,13027,2073422,1116.0,463.6,1094.6,427.9,1105.3,445.75,0,1,1116.0,463.6
391,13028,2073423,1115.3,464.0,1094.7,426.5,1105.0,445.25,0,1,1115.3,464.0
391,13029,2073424,1114.7,464.3,1094.8,425.1,1104.75,444.7,0,1,1114.7,464.3
391,13030,2073425,1114.2,464.8,1094.8,423.7,1104.5,444.25,0,1,1114.2,464.8
391,13031,2073426,1113.8,464.9,1094.8,422.2,1104.3,443.55,0,1,1113.8,464.9
391,13032,2073427,1113.4,464.9,1094.9,420.9,1104.15,442.9,0,1,1113.4,464.9
391,13033,2073428,1113.0,464.7,1095.5,419.8,1104.25,442.25,0,1,1113.0,464.7
392,13034,2073429,1112.8,464.6,1096.1,419.7,1104.45,442.15,0,1,1112.8,464.6
392,13035,2073430,1112.8,464.5,1096.6,420.2,1104.7,442.35,0,1,1112.8,464.5
392,13036,2073431,1112.8,464.6,1097.0,420.8,1104.9,442.7,0,1,1112.8,464.6
392,13037,2073432,1112.8,464.6,1097.4,421.5,1105.1,443.05,0,1,1112.8,464.6
392,13038,2073433,1112.8,464.8,1097.6,422.1,1105.2,443.45,0,1,1112.8,464.8
392,13039,2073434,1112.7,465.2,1097.5,422.6,1105.1,443.9,0,1,1112.7,465.2
392,13040,2073435,1112.5,465.5,1097.0,422.1,1104.75,443.8,0,1,1112.5,465.5
392,13041,2073436,1112.3,465.7,1096.6,421.2,1104.45,443.45,0,1,1112.3,465.7
392,13042,2073437,1112.2,465.8,1096.2,420.2,1104.2,443.0,0,1,1112.2,465.8
392,13043,2073438,1112.3,465.7,1095.8,419.2,1104.05,442.45,0,1,1112.3,465.7
392,13044,2073439,1112.4,465.8,1095.5,418.2,1103.95,442.0,0,1,1112.4,465.8
392,13045,2073440,1112.5,466.0,1095.4,417.2,1103.95,441.6,0,1,1112.5,466.0
392,13046,2073441,1112.6,466.1,1095.4,416.2,1104.0,441.15,0,1,1112.6,466.1
392,13047,2073442,1112.4,466.3,1095.4,416.0,1103.9,441.15,0,1,1112.4,466.3
392,13048,2073443,1112.2,466.4,1095.3,415.9,1103.75,441.15,0,1,1112.2,466.4
392,13049,2073444,1111.9,466.6,1095.3,415.8,1103.6,441.2,0,1,1111.9,466.6
392,13050,2073445,1111.5,466.8,1095.4,415.7,1103.45,441.25,0,1,1111.5,466.8
392,13051,2073446,1111.0,467.1,1095.5,415.6,1103.25,441.35,0,1,1111.0,467.1
392,13052,2073447,1110.6,467.3,1095.6,415.5,1103.1,441.4,0,1,1110.6,467.3
392,13053,2073448,1110.2,467.3,1095.7,415.3,1102.95,441.3,0,1,1110.2,467.3
392,13054,2073449,1110.1,467.3,1095.8,415.3,1102.95,441.3,0,1,1110.1,467.3
392,13055,2073450,1110.0,467.4,1095.8,415.1,1102.9,441.25,0,1,1110.0,467.4
392,13056,2073451,1110.0,467.7,1095.9,415.0,1102.95,441.35,0,1,1110.0,467.7
392,13057,2073452,1110.0,468.3,1096.0,414.5,1103.0,441.4,0,1,1110.0,468.3
392,13058,2073453,1110.1,469.0,1096.1,414.0,1103.1,441.5,0,1,1110.1,469.0
392,13059,2073454,1110.1,469.5,1096.1,413.4,1103.1,441.45,0,1,1110.1,469.5
392,13060,2073455,1110.1,470.0,1096.1,412.9,1103.1,441.45,0,1,1110.1,470.0
392,13061,2073456,1109.8,470.5,1096.1,412.4,1102.95,441.45,0,1,1109.8,470.5
392,13062,2073457,1109.6,470.9,1096.2,411.9,1102.9,441.4,0,1,1109.6,470.9
392,13063,2073458,1109.3,471.3,1096.2,411.1,1102.75,441.2,0,1,1109.3,471.3
392,13064,2073459,1108.9,471.3,1096.3,410.7,1102.6,441.0,0,1,1108.9,471.3
392,13065,2073460,1108.5,471.3,1096.4,409.9,1102.45,440.6,0,1,1108.5,471.3
392,13066,2073461,1108.1,471.4,1096.5,409.1,1102.3,440.25,0,1,1108.1,471.4
393,13067,2073462,1107.7,471.5,1096.3,408.2,1102.0,439.85,0,1,1107.7,471.5
393,13068,2073463,1107.6,471.6,1096.1,407.4,1101.85,439.5,0,1,1107.6,471.6
393,13069,2073464,1107.5,472.1,1095.9,407.4,1101.7,439.75,0,1,1107.5,472.1
393,13070,2073465,1107.2,472.7,1095.6,407.8,1101.4,440.25,0,1,1107.2,472.7
393,13071,2073466,1107.0,473.3,1095.2,408.2,1101.1,440.75,0,1,1107.0,473.3
393,13072,2073467,1106.6,473.9,1094.9,408.9,1100.75,441.4,0,1,1106.6,473.9
393,13073,2073468,1106.1,474.9,1094.6,409.7,1100.35,442.3,0,1,1106.1,474.9
393,13074,2073469,1105.7,475.9,1094.6,410.4,1100.15,443.15,0,1,1105.7,475.9
393,13075,2073470,1105.2,476.9,1094.5,411.1,1099.85,444.0,0,1,1105.2,476.9
393,13076,2073471,1104.6,477.6,1094.5,411.1,1099.55,444.35,0,1,1104.6,477.6
393,13077,2073472,1104.2,478.5,1094.5,411.0,1099.35,444.75,0,1,1104.2,478.5
393,13078,2073473,1103.5,479.5,1094.6,411.0,1099.05,445.25,0,1,1103.5,479.5
393,13079,2073474,1103.2,480.7,1094.7,410.9,1098.95,445.8,0,1,1103.2,480.7
393,13080,2073475,1102.7,481.4,1094.8,410.9,1098.75,446.15,0,1,1102.7,481.4
393,13081,2073476,1102.0,482.1,1094.9,410.9,1098.45,446.5,0,1,1102.0,482.1
393,13082,2073477,1101.1,482.8,1095.1,411.0,1098.1,446.9,0,1,1101.1,482.8
393,13083,2073478,1100.4,483.4,1095.3,411.2,1097.85,447.3,0,1,1100.4,483.4
393,13084,2073479,1099.7,483.6,1095.4,411.5,1097.55,447.55,0,1,1099.7,483.6
393,13085,2073480,1099.1,483.7,1095.5,411.7,1097.3,447.7,0,1,1099.1,483.7
393,13086,2073481,1098.4,483.5,1095.5,412.0,1096.95,447.75,0,1,1098.4,483.5
393,13087,2073482,1097.9,483.3,1095.6,412.1,1096.75,447.7,0,1,1097.9,483.3
393,13088,2073483,1097.6,483.1,1095.6,412.2,1096.6,447.65,0,1,1097.6,483.1
393,13089,2073484,1097.6,483.1,1095.6,412.2,1096.6,447.65,0,1,1097.6,483.1
393,13090,2073485,1097.4,483.2,1095.5,412.0,1096.45,447.6,0,1,1097.4,483.2
393,13091,2073486,1097.1,483.5,1095.3,411.8,1096.2,447.65,0,1,1097.1,483.5
393,13092,2073487,1096.9,483.9,1095.2,411.5,1096.05,447.7,0,1,1096.9,483.9
393,13093,2073488,1096.9,484.4,1095.1,411.2,1096.0,447.8,0,1,1096.9,484.4
393,13094,2073489,1096.8,485.9,1095.1,411.1,1095.95,448.5,0,1,1096.8,485.9
393,13095,2073490,1096.7,487.3,1095.0,411.0,1095.85,449.15,0,1,1096.7,487.3
393,13096,2073491,1096.5,488.7,1095.1,411.0,1095.8,449.85,0,1,1096.5,488.7
393,13097,2073492,1096.4,489.8,1095.4,411.0,1095.9,450.4,0,1,1096.4,489.8
393,13098,2073493,1096.4,491.8,1095.7,411.0,1096.05,451.4,0,1,1096.4,491.8
393,13099,2073494,1096.4,493.7,1096.0,411.2,1096.2,452.45,0,1,1096.4,493.7
393,13100,2073495,1096.4,495.5,1096.2,411.6,1096.3,453.55,0,1,1096.4,495.5
394,13101,2073496,1096.3,496.3,1096.2,412.3,1096.25,454.3,0,1,1096.3,496.3
394,13102,2073497,1096.3,497.0,1096.2,413.5,1096.25,455.25,0,1,1096.3,497.0
394,13103,2073498,1096.3,497.7,1096.1,414.7,1096.2,456.2,0,1,1096.3,497.7
394,13104,2073499,1096.5,498.3,1095.9,416.0,1096.2,457.15,0,1,1096.5,498.3
394,13105,2073500,1096.6,498.0,1095.7,417.2,1096.15,457.6,0,1,1096.6,498.0
394,13106,2073501,1096.7,497.0,1095.5,418.2,1096.1,457.6,0,1,1096.7,497.0
394,13107,2073502,1097.0,496.2,1095.4,418.9,1096.2,457.55,0,1,1097.0,496.2
394,13108,2073503,1097.2,495.5,1095.7,418.8,1096.45,457.15,0,1,1097.2,495.5
394,13109,2073504,1097.6,494.9,1096.1,418.2,1096.85,456.55,0,1,1097.6,494.9
394,13110,2073505,1098.0,494.6,1096.5,417.7,1097.25,456.15,0,1,1098.0,494.6
394,13111,2073506,1098.3,494.5,1097.0,417.2,1097.65,455.85,0,1,1098.3,494.5
394,13112,2073507,1098.8,494.6,1097.9,416.8,1098.35,455.7,0,1,1098.8,494.6
394,13113,2073508,1099.5,495.6,1098.8,417.0,1099.15,456.3,0,1,1099.5,495.6
394,13114,2073509,1100.5,496.9,1099.7,417.4,1100.1,457.15,0,1,1100.5,496.9
394,13115,2073510,1101.5,497.9,1100.1,418.3,1100.8,458.1,0,1,1101.5,497.9
394,13116,2073511,1102.2,498.6,1100.4,419.0,1101.3,458.8,0,1,1102.2,498.6
394,13117,2073512,1102.8,498.2,1100.2,419.4,1101.5,458.8,0,1,1102.8,498.2
394,13118,2073513,1103.0,497.5,1099.1,418.7,1101.05,458.1,0,1,1103.0,497.5
394,13119,2073514,1100.4,496.4,1096.6,417.6,1098.5,457.0,0,1,1100.4,496.4
394,13120,2073515,1095.2,494.9,1092.7,415.9,1093.95,455.4,0,1,1095.2,494.9
394,13121,2073516,1086.3,493.0,1086.7,412.7,1086.5,452.85,0,1,1086.3,493.0
394,13122,2073517,1074.9,491.1,1078.9,409.3,1076.9,450.2,0,1,1074.9,491.1
394,13123,2073518,1061.3,488.5,1070.0,405.5,1065.65,447.0,0,1,1061.3,488.5
394,13124,2073519,1044.9,486.4,1059.5,400.8,1052.2,443.6,0,1,1044.9,486.4
394,13125,2073520,1025.3,483.7,1046.5,397.1,1035.9,440.4,0,1,1025.3,483.7
394,13126,2073521,1002.6,480.6,1032.4,393.0,1017.5,436.8,0,1,1002.6,480.6
394,13127,2073522,978.1,477.3,1017.6,387.0,997.85,432.15,0,1,978.1,477.3
394,13128,2073523,953.8,473.0,1000.7,382.4,977.25,427.7,0,1,953.8,473.0
394,13129,2073524,928.7,467.2,984.0,377.7,956.35,422.45,0,1,928.7,467.2
394,13130,2073525,903.8,460.8,964.8,373.5,934.3,417.15,0,1,903.8,460.8
394,13131,2073526,879.7,453.6,945.4,369.9,912.55,411.75,0,1,879.7,453.6
394,13132,2073527,856.1,446.8,927.0,366.4,891.55,406.6,0,1,856.1,446.8
394,13133,2073528,835.0,440.3,907.3,363.5,871.15,401.9,0,1,835.0,440.3
395,13134,2073529,815.6,434.1,887.0,362.7,851.3,398.4,0,1,815.6,434.1
395,13135,2073530,798.0,427.0,869.4,361.7,833.7,394.35,0,1,798.0,427.0
395,13136,2073531,782.6,420.8,851.6,360.9,817.1,390.85,0,1,782.6,420.8
395,13137,2073532,767.7,416.0,835.2,360.4,801.45,388.2,0,1,767.7,416.0
395,13138,2073533,754.1,409.2,818.3,360.2,786.2,384.7,0,1,754.1,409.2
395,13139,2073534,740.8,402.4,800.2,359.7,770.5,381.05,0,1,740.8,402.4
395,13140,2073535,728.5,395.7,782.3,358.2,755.4,376.95,0,1,728.5,395.7
395,13141,2073536,716.3,387.1,764.0,356.9,740.15,372.0,0,1,716.3,387.1
395,13142,2073537,703.2,380.5,746.4,355.6,724.8,368.05,0,1,703.2,380.5
395,13143,2073538,690.4,374.2,728.6,354.5,709.5,364.35,0,1,690.4,374.2
395,13144,2073539,677.4,368.1,711.7,353.3,694.55,360.7,0,1,677.4,368.1
395,13145,2073540,663.9,365.1,695.7,352.4,679.8,358.75,0,1,663.9,365.1
395,13146,2073541,652.4,359.9,681.8,351.9,667.1,355.9,0,1,652.4,359.9
395,13147,2073542,643.1,354.8,670.2,352.6,656.65,353.7,0,1,643.1,354.8
395,13148,2073543,634.7,351.6,661.7,353.3,648.2,352.45,0,1,634.7,351.6
395,13149,2073544,628.7,348.4,652.9,353.9,640.8,351.15,0,1,628.7,348.4
395,13150,2073545,623.7,344.3,646.3,355.1,635.0,349.7,0,1,623.7,344.3
395,13151,2073546,620.5,340.3,640.7,356.5,630.6,348.4,0,1,620.5,340.3
395,13152,2073547,618.7,336.6,637.0,357.7,627.85,347.15,0,1,618.7,336.6
395,13153,2073548,618.1,334.5,634.8,358.8,626.45,346.65,0,1,618.1,334.5
395,13154,2073549,617.7,332.4,633.3,359.8,625.5,346.1,0,1,617.7,332.4
395,13155,2073550,618.5,329.2,632.1,360.6,625.3,344.9,0,1,618.5,329.2
395,13156,2073551,619.8,326.1,631.6,361.4,625.7,343.75,0,1,619.8,326.1
395,13157,2073552,621.0,322.9,631.3,361.1,626.15,342.0,0,1,621.0,322.9
395,13158,2073553,622.8,318.2,631.1,360.5,626.95,339.35,0,1,622.8,318.2
395,13159,2073554,624.6,313.5,631.2,358.8,627.9,336.15,0,1,624.6,313.5
395,13160,2073555,626.0,309.4,631.7,357.0,628.85,333.2,0,1,626.0,309.4
395,13161,2073556,627.4,304.9,632.1,355.2,629.75,330.05,0,1,627.4,304.9
395,13162,2073557,629.2,301.2,632.6,353.3,630.9,327.25,0,1,629.2,301.2
395,13163,2073558,630.6,297.1,633.1,351.5,631.85,324.3,0,1,630.6,297.1
395,13164,2073559,633.0,294.5,634.4,350.1,633.7,322.3,0,1,633.0,294.5
395,13165,2073560,634.9,293.4,636.1,348.6,635.5,321.0,0,1,634.9,293.4
395,13166,2073561,637.0,292.3,637.7,348.2,637.35,320.25,0,1,637.0,292.3
396,13167,2073562,639.1,291.1,639.0,347.9,639.05,319.5,0,1,639.1,291.1
396,13168,2073563,642.0,290.4,640.3,347.7,641.15,319.05,0,1,642.0,290.4
396,13169,2073564,644.4,290.0,642.4,347.9,643.4,318.95,0,1,644.4,290.0
396,13170,2073565,646.7,290.0,644.5,348.3,645.6,319.15,0,1,646.7,290.0
396,13171,2073566,647.7,290.0,646.1,348.8,646.9,319.4,0,1,647.7,290.0
396,13172,2073567,648.7,290.2,647.3,349.2,648.0,319.7,0,1,648.7,290.2
396,13173,2073568,649.5,290.6,648.5,349.8,649.0,320.2,0,1,649.5,290.6
396,13174,2073569,650.1,291.2,649.8,349.0,649.95,320.1,0,1,650.1,291.2
396,13175,2073570,649.9,291.9,651.1,348.1,650.5,320.0,0,1,649.9,291.9
396,13176,2073571,649.6,293.0,651.2,346.8,650.4,319.9,0,1,649.6,293.0
396,13177,2073572,649.2,294.3,651.2,345.5,650.2,319.9,0,1,649.2,294.3
396,13178,2073573,648.7,295.9,651.2,344.2,649.95,320.05,0,1,648.7,295.9
396,13179,2073574,648.2,297.4,650.8,342.8,649.5,320.1,0,1,648.2,297.4
396,13180,2073575,647.6,298.6,650.4,341.5,649.0,320.05,0,1,647.6,298.6
396,13181,2073576,646.9,299.7,649.9,341.5,648.4,320.6,0,1,646.9,299.7
396,13182,2073577,646.2,301.4,649.5,341.4,647.85,321.4,0,1,646.2,301.4
396,13183,2073578,645.6,302.6,649.5,341.0,647.55,321.8,0,1,645.6,302.6
396,13184,2073579,645.1,303.5,649.6,340.9,647.35,322.2,0,1,645.1,303.5
396,13185,2073580,644.7,304.2,649.8,340.8,647.25,322.5,0,1,644.7,304.2
396,13186,2073581,644.3,304.8,650.0,341.2,647.15,323.0,0,1,644.3,304.8
396,13187,2073582,644.2,305.5,650.2,341.6,647.2,323.55,0,1,644.2,305.5
396,13188,2073583,644.0,306.1,650.4,341.9,647.2,324.0,0,1,644.0,306.1
396,13189,2073584,643.9,306.3,650.5,342.2,647.2,324.25,0,1,643.9,306.3
396,13190,2073585,643.1,306.7,650.5,342.6,646.8,324.65,0,1,643.1,306.7
396,13191,2073586,642.4,307.2,650.5,342.9,646.45,325.05,0,1,642.4,307.2
396,13192,2073587,641.7,308.6,650.5,343.1,646.1,325.85,0,1,641.7,308.6
396,13193,2073588,641.1,310.0,650.5,342.9,645.8,326.45,0,1,641.1,310.0
396,13194,2073589,640.5,311.4,650.2,342.3,645.35,326.85,0,1,640.5,311.4
396,13195,2073590,639.8,313.4,650.0,341.7,644.9,327.55,0,1,639.8,313.4
396,13196,2073591,639.2,315.3,649.9,341.3,644.55,328.3,0,1,639.2,315.3
396,13197,2073592,639.3,317.1,649.6,341.0,644.45,329.05,0,1,639.3,317.1
396,13198,2073593,639.4,318.7,649.4,340.7,644.4,329.7,0,1,639.4,318.7
396,13199,2073594,639.6,319.6,649.1,340.5,644.35,330.05,0,1,639.6,319.6
396,13200,2073595,639.7,320.4,648.9,340.3,644.3,330.35,0,1,639.7,320.4
397,13201,2073596,639.7,321.4,648.9,340.7,644.3,331.05,0,1,639.7,321.4
397,13202,2073597,639.8,321.7,648.9,340.8,644.35,331.25,0,1,639.8,321.7
397,13203,2073598,639.9,321.9,649.0,340.9,644.45,331.4,0,1,639.9,321.9
397,13204,2073599,640.0,322.0,649.1,340.8,644.55,331.4,0,1,640.0,322.0
397,13205,2073600,640.0,322.2,649.2,340.7,644.6,331.45,0,1,640.0,322.2
397,13206,2073601,640.1,322.2,649.4,340.4,644.75,331.3,0,1,640.1,322.2
397,13207,2073602,640.2,322.1,649.5,340.2,644.85,331.15,0,1,640.2,322.1
397,13208,2073603,640.3,321.8,649.6,339.5,644.95,330.65,0,1,640.3,321.8
397,13209,2073604,640.4,321.4,649.6,339.0,645.0,330.2,0,1,640.4,321.4
397,13210,2073605,640.5,320.9,649.5,338.5,645.0,329.7,0,1,640.5,320.9
397,13211,2073606,640.7,320.3,649.3,338.1,645.0,329.2,0,1,640.7,320.3
397,13212,2073607,640.8,319.5,649.2,337.6,645.0,328.55,0,1,640.8,319.5
397,13213,2073608,641.2,318.7,649.0,337.2,645.1,327.95,0,1,641.2,318.7
397,13214,2073609,641.6,317.9,648.9,336.7,645.25,327.3,0,1,641.6,317.9
397,13215,2073610,642.0,317.2,648.7,336.9,645.35,327.05,0,1,642.0,317.2
397,13216,2073611,642.4,316.6,648.7,337.1,645.55,326.85,0,1,642.4,316.6
397,13217,2073612,642.9,316.1,648.6,337.4,645.75,326.75,0,1,642.9,316.1
397,13218,2073613,643.6,315.7,648.5,337.8,646.05,326.75,0,1,643.6,315.7
397,13219,2073614,644.2,315.4,648.4,338.2,646.3,326.8,0,1,644.2,315.4
397,13220,2073615,644.6,315.2,648.2,339.0,646.4,327.1,0,1,644.6,315.2
397,13221,2073616,645.1,315.1,648.0,339.7,646.55,327.4,0,1,645.1,315.1
397,13222,2073617,645.5,315.0,647.9,340.5,646.7,327.75,0,1,645.5,315.0
397,13223,2073618,645.7,314.9,647.8,341.9,646.75,328.4,0,1,645.7,314.9
397,13224,2073619,645.5,314.9,647.7,343.2,646.6,329.05,0,1,645.5,314.9
397,13225,2073620,645.3,315.2,647.6,344.6,646.45,329.9,0,1,645.3,315.2
397,13226,2073621,645.1,315.8,647.4,345.9,646.25,330.85,0,1,645.1,315.8
397,13227,2073622,645.0,316.4,647.0,346.9,646.0,331.65,0,1,645.0,316.4
397,13228,2073623,645.0,317.1,646.5,347.9,645.75,332.5,0,1,645.0,317.1
397,13229,2073624,645.3,318.1,646.1,348.4,645.7,333.25,0,1,645.3,318.1
397,13230,2073625,645.7,319.1,645.7,348.1,645.7,333.6,0,1,645.7,319.1
397,13231,2073626,646.4,320.1,645.1,347.7,645.75,333.9,0,1,646.4,320.1
397,13232,2073627,646.9,320.8,644.5,347.3,645.7,334.05,0,1,646.9,320.8
397,13233,2073628,647.2,321.2,644.1,347.0,645.65,334.1,0,1,647.2,321.2
398,13234,2073629,647.1,321.6,643.9,346.7,645.5,334.15,0,1,647.1,321.6
398,13235,2073630,646.9,321.9,643.7,346.3,645.3,334.1,0,1,646.9,321.9
398,13236,2073631,646.5,322.0,643.2,346.0,644.85,334.0,0,1,646.5,322.0
398,13237,2073632,646.2,322.0,642.7,345.9,644.45,333.95,0,1,646.2,322.0
398,13238,2073633,645.9,321.7,642.3,345.8,644.1,333.75,0,1,645.9,321.7
398,13239,2073634,645.6,321.6,641.9,345.7,643.75,333.65,0,1,645.6,321.6
398,13240,2073635,645.6,321.5,641.5,345.6,643.55,333.55,0,1,645.6,321.5
398,13241,2073636,645.9,321.5,641.2,345.5,643.55,333.5,0,1,645.9,321.5
398,13242,2073637,646.2,321.6,640.9,345.4,643.55,333.5,0,1,646.2,321.6
398,13243,2073638,646.5,322.0,640.9,345.3,643.7,333.65,0,1,646.5,322.0
398,13244,2073639,646.6,322.7,641.0,345.4,643.8,334.05,0,1,646.6,322.7
398,13245,2073640,646.7,323.7,641.2,345.5,643.95,334.6,0,1,646.7,323.7
398,13246,2073641,647.1,324.7,641.4,345.6,644.25,335.15,0,1,647.1,324.7
398,13247,2073642,647.5,325.7,641.7,345.7,644.6,335.7,0,1,647.5,325.7
398,13248,2073643,647.7,327.0,642.0,345.8,644.85,336.4,0,1,647.7,327.0
398,13249,2073644,648.0,328.1,642.3,345.9,645.15,337.0,0,1,648.0,328.1
398,13250,2073645,648.3,329.2,642.6,346.0,645.45,337.6,0,1,648.3,329.2
398,13251,2073646,648.6,330.1,642.0,346.0,645.3,338.05,0,1,648.6,330.1
398,13252,2073647,648.9,330.4,641.4,345.9,645.15,338.15,0,1,648.9,330.4
398,13253,2073648,648.8,330.5,640.7,345.8,644.75,338.15,0,1,648.8,330.5
398,13254,2073649,648.7,330.8,640.0,345.6,644.35,338.2,0,1,648.7,330.8
398,13255,2073650,648.4,330.7,639.3,345.4,643.85,338.05,0,1,648.4,330.7
398,13256,2073651,648.2,330.5,638.6,344.3,643.4,337.4,0,1,648.2,330.5
398,13257,2073652,648.0,330.0,637.9,343.2,642.95,336.6,0,1,648.0,330.0
398,13258,2073653,647.9,329.0,638.0,342.1,642.95,335.55,0,1,647.9,329.0
398,13259,2073654,647.9,328.1,638.2,341.1,643.05,334.6,0,1,647.9,328.1
398,13260,2073655,648.0,327.0,638.4,340.2,643.2,333.6,0,1,648.0,327.0
398,13261,2073656,648.2,325.8,638.7,339.3,643.45,332.55,0,1,648.2,325.8
398,13262,2073657,648.5,324.5,638.9,338.2,643.7,331.35,0,1,648.5,324.5
398,13263,2073658,648.8,323.5,639.1,337.7,643.95,330.6,0,1,648.8,323.5
398,13264,2073659,649.2,322.5,639.4,337.3,644.3,329.9,0,1,649.2,322.5
398,13265,2073660,649.4,322.1,639.6,336.9,644.5,329.5,0,1,649.4,322.1
398,13266,2073661,649.5,321.7,640.2,336.3,644.85,329.0,0,1,649.5,321.7
399,13267,2073662,649.2,321.6,640.7,335.8,644.95,328.7,0,1,649.2,321.6
399,13268,2073663,649.0,321.4,641.2,335.3,645.1,328.35,0,1,649.0,321.4
399,13269,2073664,648.9,321.2,641.7,334.9,645.3,328.05,0,1,648.9,321.2
399,13270,2073665,648.9,320.9,642.3,335.0,645.6,327.95,0,1,648.9,320.9
399,13271,2073666,648.8,320.8,643.1,335.2,645.95,328.0,0,1,648.8,320.8
399,13272,2073667,648.8,320.8,643.9,336.0,646.35,328.4,0,1,648.8,320.8
399,13273,2073668,648.9,321.2,644.3,336.8,646.6,329.0,0,1,648.9,321.2
399,13274,2073669,649.6,321.8,644.8,337.6,647.2,329.7,0,1,649.6,321.8
399,13275,2073670,650.3,322.3,645.3,338.4,647.8,330.35,0,1,650.3,322.3
399,13276,2073671,650.9,322.3,645.8,339.1,648.35,330.7,0,1,650.9,322.3
399,13277,2073672,651.5,322.4,646.1,339.4,648.8,330.9,0,1,651.5,322.4
399,13278,2073673,652.1,322.3,646.2,339.4,649.15,330.85,0,1,652.1,322.3
399,13279,2073674,652.5,322.0,646.2,338.8,649.35,330.4,0,1,652.5,322.0
399,13280,2073675,652.7,321.4,646.2,338.1,649.45,329.75,0,1,652.7,321.4
399,13281,2073676,652.5,320.9,646.1,337.4,649.3,329.15,0,1,652.5,320.9
399,13282,2073677,652.2,320.5,645.9,336.8,649.05,328.65,0,1,652.2,320.5
399,13283,2073678,651.8,321.1,645.7,336.3,648.75,328.7,0,1,651.8,321.1
399,13284,2073679,651.4,321.7,645.5,336.3,648.45,329.0,0,1,651.4,321.7
399,13285,2073680,651.1,322.4,645.3,336.7,648.2,329.55,0,1,651.1,322.4
399,13286,2073681,650.8,323.2,645.2,337.2,648.0,330.2,0,1,650.8,323.2
399,13287,2073682,650.7,324.3,645.1,337.7,647.9,331.0,0,1,650.7,324.3
399,13288,2073683,650.6,325.5,645.0,338.3,647.8,331.9,0,1,650.6,325.5
399,13289,2073684,650.6,326.5,645.0,338.7,647.8,332.6,0,1,650.6,326.5
399,13290,2073685,650.5,327.5,645.0,338.9,647.75,333.2,0,1,650.5,327.5
399,13291,2073686,650.4,328.3,645.1,339.1,647.75,333.7,0,1,650.4,328.3
399,13292,2073687,650.3,329.0,645.2,338.5,647.75,333.75,0,1,650.3,329.0
399,13293,2073688,650.2,329.6,645.9,338.0,648.05,333.8,0,1,650.2,329.6
399,13294,2073689,649.8,330.0,646.7,337.4,648.25,333.7,0,1,649.8,330.0
399,13295,2073690,649.4,330.5,647.5,336.8,648.45,333.65,0,1,649.4,330.5
399,13296,2073691,649.0,331.1,648.2,336.4,648.6,333.75,0,1,649.0,331.1
399,13297,2073692,648.6,331.3,649.0,336.1,648.8,333.7,0,1,648.6,331.3
399,13298,2073693,648.1,331.6,649.7,335.7,648.9,333.65,0,1,648.1,331.6
399,13299,2073694,647.7,332.1,650.4,335.8,649.05,333.95,0,1,647.7,332.1
399,13300,2073695,647.2,332.2,650.7,335.9,648.95,334.05,0,1,647.2,332.2
400,13301,2073696,647.1,332.1,650.9,336.6,649.0,334.35,0,1,647.1,332.1
400,13302,2073697,647.0,331.6,651.2,337.3,649.1,334.45,0,1,647.0,331.6
400,13303,2073698,646.9,331.0,651.4,337.9,649.15,334.45,0,1,646.9,331.0
400,13304,2073699,646.7,329.9,651.6,338.0,649.15,333.95,0,1,646.7,329.9
400,13305,2073700,646.4,328.9,651.9,337.5,649.15,333.2,0,1,646.4,328.9
400,13306,2073701,646.1,327.8,652.1,336.9,649.1,332.35,0,1,646.1,327.8
400,13307,2073702,645.9,326.9,652.1,336.3,649.0,331.6,0,1,645.9,326.9
400,13308,2073703,645.3,326.3,652.1,335.2,648.7,330.75,0,1,645.3,326.3
400,13309,2073704,644.8,325.8,652.1,334.3,648.45,330.05,0,1,644.8,325.8
400,13310,2073705,644.3,325.4,652.2,333.4,648.25,329.4,0,1,644.3,325.4
400,13311,2073706,643.8,325.5,652.1,333.0,647.95,329.25,0,1,643.8,325.5
400,13312,2073707,643.7,325.6,651.8,333.2,647.75,329.4,0,1,643.7,325.6
400,13313,2073708,643.5,325.6,651.5,333.2,647.5,329.4,0,1,643.5,325.6
400,13314,2073709,643.2,325.6,651.2,333.2,647.2,329.4,0,1,643.2,325.6
400,13315,2073710,643.2,325.6,650.9,332.9,647.05,329.25,0,1,643.2,325.6
400,13316,2073711,643.2,325.6,650.7,332.6,646.95,329.1,0,1,643.2,325.6
400,13317,2073712,643.1,325.5,650.4,332.2,646.75,328.85,0,1,643.1,325.5
400,13318,2073713,643.4,325.6,650.2,331.9,646.8,328.75,0,1,643.4,325.6
400,13319,2073714,643.8,325.7,649.9,331.5,646.85,328.6,0,1,643.8,325.7
400,13320,2073715,644.2,326.3,649.7,331.3,646.95,328.8,0,1,644.2,326.3
400,13321,2073716,644.7,327.1,649.5,331.2,647.1,329.15,0,1,644.7,327.1
400,13322,2073717,645.2,327.9,649.2,331.0,647.2,329.45,0,1,645.2,327.9
400,13323,2073718,645.7,328.6,648.9,330.5,647.3,329.55,0,1,645.7,328.6
400,13324,2073719,646.2,329.3,648.6,330.0,647.4,329.65,0,1,646.2,329.3
400,13325,2073720,646.3,329.7,648.4,329.5,647.35,329.6,0,1,646.3,329.7
400,13326,2073721,646.4,329.4,648.5,329.0,647.45,329.2,0,1,646.4,329.4
400,13327,2073722,646.5,328.7,648.5,328.5,647.5,328.6,0,1,646.5,328.7
400,13328,2073723,646.6,327.9,648.6,327.3,647.6,327.6,0,1,646.6,327.9
400,13329,2073724,646.8,327.3,648.3,326.2,647.55,326.75,0,1,646.8,327.3
400,13330,2073725,647.0,326.7,647.9,325.5,647.45,326.1,0,1,647.0,326.7
400,13331,2073726,647.1,326.2,647.3,325.0,647.2,325.6,0,1,647.1,326.2
400,13332,2073727,647.3,325.8,646.6,324.4,646.95,325.1,0,1,647.3,325.8
400,13333,2073728,647.3,325.9,645.9,323.8,646.6,324.85,0,1,647.3,325.9
401,13334,2073729,647.4,325.8,645.2,323.1,646.3,324.45,0,1,647.4,325.8
401,13335,2073730,647.4,325.5,644.6,323.0,646.0,324.25,0,1,647.4,325.5
401,13336,2073731,647.3,325.1,644.7,322.9,646.0,324.0,0,1,647.3,325.1
401,13337,2073732,647.2,324.6,644.8,322.6,646.0,323.6,0,1,647.2,324.6
401,13338,2073733,647.1,324.2,645.1,322.2,646.1,323.2,0,1,647.1,324.2
401,13339,2073734,647.0,323.7,645.5,322.0,646.25,322.85,0,1,647.0,323.7
401,13340,2073735,646.9,323.3,645.8,322.1,646.35,322.7,0,1,646.9,323.3
401,13341,2073736,646.9,323.1,646.1,322.7,646.5,322.9,0,1,646.9,323.1
401,13342,2073737,646.9,323.2,646.3,323.2,646.6,323.2,0,1,646.9,323.2
401,13343,2073738,646.8,323.5,646.3,323.9,646.55,323.7,0,1,646.8,323.5
401,13344,2073739,646.8,323.8,646.4,324.7,646.6,324.25,0,1,646.8,323.8
401,13345,2073740,646.9,324.0,646.6,325.5,646.75,324.75,0,1,646.9,324.0
401,13346,2073741,646.9,324.1,646.8,326.2,646.85,325.15,0,1,646.9,324.1
401,13347,2073742,647.0,324.2,647.0,326.6,647.0,325.4,0,1,647.0,324.2
401,13348,2073743,647.1,324.2,647.2,326.5,647.15,325.35,0,1,647.1,324.2
401,13349,2073744,647.2,324.0,647.5,326.3,647.35,325.15,0,1,647.2,324.0
401,13350,2073745,647.3,324.1,647.9,326.1,647.6,325.1,0,1,647.3,324.1
401,13351,2073746,647.4,324.3,648.7,326.0,648.05,325.15,0,1,647.4,324.3
401,13352,2073747,647.4,324.9,649.4,326.0,648.4,325.45,0,1,647.4,324.9
401,13353,2073748,647.5,325.6,649.9,326.0,648.7,325.8,0,1,647.5,325.6
401,13354,2073749,647.4,326.3,650.5,326.0,648.95,326.15,0,1,647.4,326.3
401,13355,2073750,647.3,327.0,650.8,326.2,649.05,326.6,0,1,647.3,327.0
401,13356,2073751,647.1,327.6,650.9,326.5,649.0,327.05,0,1,647.1,327.6
401,13357,2073752,647.0,327.9,651.0,326.7,649.0,327.3,0,1,647.0,327.9
401,13358,2073753,646.9,328.0,651.4,326.8,649.15,327.4,0,1,646.9,328.0
401,13359,2073754,646.7,328.1,651.8,327.1,649.25,327.6,0,1,646.7,328.1
401,13360,2073755,646.6,328.3,652.2,327.3,649.4,327.8,0,1,646.6,328.3
401,13361,2073756,646.5,328.5,652.6,327.6,649.55,328.05,0,1,646.5,328.5
401,13362,2073757,646.5,328.8,653.1,328.2,649.8,328.5,0,1,646.5,328.8
401,13363,2073758,646.4,329.0,653.6,328.9,650.0,328.95,0,1,646.4,329.0
401,13364,2073759,646.5,329.2,654.1,329.7,650.3,329.45,0,1,646.5,329.2
401,13365,2073760,646.7,329.2,653.7,330.3,650.2,329.75,0,1,646.7,329.2
401,13366,2073761,647.0,329.0,653.4,330.7,650.2,329.85,0,1,647.0,329.0
402,13367,2073762,647.2,328.8,653.1,331.0,650.15,329.9,0,1,647.2,328.8
402,13368,2073763,647.5,328.8,652.9,330.8,650.2,329.8,0,1,647.5,328.8
402,13369,2073764,647.6,329.5,652.9,330.2,650.25,329.85,0,1,647.6,329.5
402,13370,2073765,647.7,330.1,653.0,329.3,650.35,329.7,0,1,647.7,330.1
402,13371,2073766,647.7,330.9,653.2,328.2,650.45,329.55,0,1,647.7,330.9
402,13372,2073767,647.6,331.8,653.7,327.2,650.65,329.5,0,1,647.6,331.8
402,13373,2073768,647.5,332.8,654.3,326.3,650.9,329.55,0,1,647.5,332.8
402,13374,2073769,647.4,333.6,654.7,325.6,651.05,329.6,0,1,647.4,333.6
402,13375,2073770,647.3,334.1,655.2,325.3,651.25,329.7,0,1,647.3,334.1
402,13376,2073771,647.2,334.0,655.5,325.0,651.35,329.5,0,1,647.2,334.0
402,13377,2073772,647.1,333.9,655.9,324.9,651.5,329.4,0,1,647.1,333.9
402,13378,2073773,647.1,333.7,656.2,325.0,651.65,329.35,0,1,647.1,333.7
402,13379,2073774,647.1,333.5,656.0,325.1,651.55,329.3,0,1,647.1,333.5
402,13380,2073775,647.4,333.2,655.1,325.0,651.25,329.1,0,1,647.4,333.2
402,13381,2073776,647.6,332.8,654.2,324.6,650.9,328.7,0,1,647.6,332.8
402,13382,2073777,647.8,332.4,653.4,324.2,650.6,328.3,0,1,647.8,332.4
402,13383,2073778,647.9,332.1,652.6,323.9,650.25,328.0,0,1,647.9,332.1
402,13384,2073779,647.7,331.7,651.8,323.6,649.75,327.65,0,1,647.7,331.7
402,13385,2073780,647.5,331.4,650.9,323.8,649.2,327.6,0,1,647.5,331.4
402,13386,2073781,647.3,331.1,649.8,324.0,648.55,327.55,0,1,647.3,331.1
402,13387,2073782,647.1,330.8,649.5,324.2,648.3,327.5,0,1,647.1,330.8
402,13388,2073783,647.2,330.6,649.3,324.5,648.25,327.55,0,1,647.2,330.6
402,13389,2073784,647.7,330.6,649.0,324.9,648.35,327.75,0,1,647.7,330.6
402,13390,2073785,648.3,330.5,648.9,325.0,648.6,327.75,0,1,648.3,330.5
402,13391,2073786,649.1,330.5,648.8,325.1,648.95,327.8,0,1,649.1,330.5
402,13392,2073787,649.7,330.2,648.8,324.7,649.25,327.45,0,1,649.7,330.2
402,13393,2073788,650.2,329.9,648.9,324.2,649.55,327.05,0,1,650.2,329.9
402,13394,2073789,650.3,329.8,648.8,323.7,649.55,326.75,0,1,650.3,329.8
402,13395,2073790,650.2,329.8,648.7,323.1,649.45,326.45,0,1,650.2,329.8
402,13396,2073791,649.5,330.2,648.4,322.6,648.95,326.4,0,1,649.5,330.2
402,13397,2073792,648.6,330.5,648.0,322.3,648.3,326.4,0,1,648.6,330.5
402,13398,2073793,647.8,331.3,647.6,321.9,647.7,326.6,0,1,647.8,331.3
402,13399,2073794,646.9,332.4,647.1,321.7,647.0,327.05,0,1,646.9,332.4
402,13400,2073795,646.1,333.6,646.8,321.6,646.45,327.6,0,1,646.1,333.6
403,13401,2073796,645.5,334.6,646.8,321.6,646.15,328.1,0,1,645.5,334.6
403,13402,2073797,644.9,335.6,646.8,321.6,645.85,328.6,0,1,644.9,335.6
403,13403,2073798,644.4,336.1,647.0,321.7,645.7,328.9,0,1,644.4,336.1
403,13404,2073799,644.1,336.7,647.1,321.7,645.6,329.2,0,1,644.1,336.7
403,13405,2073800,643.8,336.7,647.3,321.8,645.55,329.25,0,1,643.8,336.7
403,13406,2073801,643.8,336.7,647.6,321.8,645.7,329.25,0,1,643.8,336.7
403,13407,2073802,643.7,336.8,647.8,321.8,645.75,329.3,0,1,643.7,336.8
403,13408,2073803,643.6,336.9,647.9,321.9,645.75,329.4,0,1,643.6,336.9
403,13409,2073804,643.4,337.1,648.0,321.9,645.7,329.5,0,1,643.4,337.1
403,13410,2073805,643.2,337.2,647.8,321.9,645.5,329.55,0,1,643.2,337.2
403,13411,2073806,642.9,337.8,647.7,321.9,645.3,329.85,0,1,642.9,337.8
403,13412,2073807,642.6,338.3,647.6,320.9,645.1,329.6,0,1,642.6,338.3
403,13413,2073808,642.1,338.8,647.5,319.8,644.8,329.3,0,1,642.1,338.8
403,13414,2073809,641.6,339.2,647.5,318.6,644.55,328.9,0,1,641.6,339.2
403,13415,2073810,641.2,339.7,647.9,317.4,644.55,328.55,0,1,641.2,339.7
403,13416,2073811,640.8,340.1,648.3,316.2,644.55,328.15,0,1,640.8,340.1
403,13417,2073812,640.4,340.8,648.8,315.0,644.6,327.9,0,1,640.4,340.8
403,13418,2073813,640.1,341.0,649.2,313.8,644.65,327.4,0,1,640.1,341.0
403,13419,2073814,639.9,341.1,649.4,313.6,644.65,327.35,0,1,639.9,341.1
403,13420,2073815,640.0,341.3,649.5,313.4,644.75,327.35,0,1,640.0,341.3
403,13421,2073816,640.0,341.6,649.5,313.2,644.75,327.4,0,1,640.0,341.6
403,13422,2073817,640.1,342.0,649.2,313.2,644.65,327.6,0,1,640.1,342.0
403,13423,2073818,640.1,342.4,648.8,313.5,644.45,327.95,0,1,640.1,342.4
403,13424,2073819,640.1,342.5,648.5,313.7,644.3,328.1,0,1,640.1,342.5
403,13425,2073820,640.1,342.7,648.1,313.8,644.1,328.25,0,1,640.1,342.7
403,13426,2073821,640.1,343.0,648.0,313.9,644.05,328.45,0,1,640.1,343.0
403,13427,2073822,640.2,343.7,648.1,314.0,644.15,328.85,0,1,640.2,343.7
403,13428,2073823,640.3,344.4,648.2,314.1,644.25,329.25,0,1,640.3,344.4
403,13429,2073824,640.3,345.6,648.4,313.8,644.35,329.7,0,1,640.3,345.6
403,13430,2073825,640.3,346.9,648.7,313.2,644.5,330.05,0,1,640.3,346.9
403,13431,2073826,640.3,348.2,649.0,312.6,644.65,330.4,0,1,640.3,348.2
403,13432,2073827,640.2,349.4,649.1,312.1,644.65,330.75,0,1,640.2,349.4
403,13433,2073828,640.2,350.5,649.3,311.6,644.75,331.05,0,1,640.2,350.5
404,13434,2073829,640.0,351.3,649.3,311.2,644.65,331.25,0,1,640.0,351.3
404,13435,2073830,639.9,352.1,649.2,310.9,644.55,331.5,0,1,639.9,352.1
404,13436,2073831,639.9,352.1,649.0,310.8,644.45,331.45,0,1,639.9,352.1
404,13437,2073832,639.9,352.2,648.8,310.8,644.35,331.5,0,1,639.9,352.2
404,13438,2073833,639.8,351.2,648.7,310.7,644.25,330.95,0,1,639.8,351.2
404,13439,2073834,639.7,350.2,648.6,310.5,644.15,330.35,0,1,639.7,350.2
404,13440,2073835,639.2,349.2,648.6,310.4,643.9,329.8,0,1,639.2,349.2
404,13441,2073836,638.7,348.4,648.6,310.1,643.65,329.25,0,1,638.7,348.4
404,13442,2073837,638.2,347.7,648.6,309.7,643.4,328.7,0,1,638.2,347.7
404,13443,2073838,637.7,347.4,648.6,309.4,643.15,328.4,0,1,637.7,347.4
404,13444,2073839,637.2,346.9,648.3,309.1,642.75,328.0,0,1,637.2,346.9
404,13445,2073840,636.7,347.4,648.1,308.9,642.4,328.15,0,1,636.7,347.4
404,13446,2073841,636.4,348.1,647.9,308.6,642.15,328.35,0,1,636.4,348.1
404,13447,2073842,636.4,349.0,647.8,308.5,642.1,328.75,0,1,636.4,349.0
404,13448,2073843,636.4,349.8,647.7,308.4,642.05,329.1,0,1,636.4,349.8
404,13449,2073844,636.4,350.6,647.6,308.3,642.0,329.45,0,1,636.4,350.6
404,13450,2073845,636.4,351.0,647.6,308.2,642.0,329.6,0,1,636.4,351.0
404,13451,2073846,636.3,351.6,647.8,308.0,642.05,329.8,0,1,636.3,351.6
404,13452,2073847,636.2,352.2,648.0,308.0,642.1,330.1,0,1,636.2,352.2
404,13453,2073848,636.1,352.4,648.3,308.0,642.2,330.2,0,1,636.1,352.4
404,13454,2073849,636.0,352.3,648.5,308.0,642.25,330.15,0,1,636.0,352.3
404,13455,2073850,636.0,352.2,648.7,308.1,642.35,330.15,0,1,636.0,352.2
404,13456,2073851,636.3,351.9,649.9,307.5,643.1,329.7,0,1,636.3,351.9
404,13457,2073852,638.3,351.7,651.1,306.9,644.7,329.3,0,1,638.3,351.7
404,13458,2073853,641.1,351.4,652.9,306.3,647.0,328.85,0,1,641.1,351.4
404,13459,2073854,644.9,351.0,655.4,305.8,650.15,328.4,0,1,644.9,351.0
404,13460,2073855,649.9,350.9,659.3,305.1,654.6,328.0,0,1,649.9,350.9
404,13461,2073856,656.3,351.1,663.7,304.9,660.0,328.0,0,1,656.3,351.1
404,13462,2073857,663.9,351.2,670.1,305.2,667.0,328.2,0,1,663.9,351.2
404,13463,2073858,671.3,351.2,676.3,306.2,673.8,328.7,0,1,671.3,351.2
404,13464,2073859,679.4,351.3,682.6,308.1,681.0,329.7,0,1,679.4,351.3
404,13465,2073860,686.8,351.7,690.3,310.0,688.55,330.85,0,1,686.8,351.7
404,13466,2073861,695.2,352.8,697.8,311.9,696.5,332.35,0,1,695.2,352.8
405,13467,2073862,702.6,353.8,705.9,313.8,704.25,333.8,0,1,702.6,353.8
405,13468,2073863,710.7,354.6,714.2,315.2,712.45,334.9,0,1,710.7,354.6
405,13469,2073864,718.3,355.6,721.3,316.2,719.8,335.9,0,1,718.3,355.6
405,13470,2073865,726.4,357.0,727.9,316.9,727.15,336.95,0,1,726.4,357.0
405,13471,2073866,732.1,358.1,734.6,316.7,733.35,337.4,0,1,732.1,358.1
405,13472,2073867,737.9,359.0,739.8,316.2,738.85,337.6,0,1,737.9,359.0
405,13473,2073868,742.8,359.1,744.6,314.8,743.7,336.95,0,1,742.8,359.1
405,13474,2073869,748.4,358.5,747.6,312.5,748.0,335.5,0,1,748.4,358.5
405,13475,2073870,751.6,357.9,749.8,310.2,750.7,334.05,0,1,751.6,357.9
405,13476,2073871,754.7,357.2,751.2,307.9,752.95,332.55,0,1,754.7,357.2
405,13477,2073872,757.6,356.3,752.9,305.7,755.25,331.0,0,1,757.6,356.3
405,13478,2073873,760.6,354.9,754.4,303.5,757.5,329.2,0,1,760.6,354.9
405,13479,2073874,763.4,353.6,755.3,301.7,759.35,327.65,0,1,763.4,353.6
405,13480,2073875,765.4,352.4,756.3,300.6,760.85,326.5,0,1,765.4,352.4
405,13481,2073876,766.9,351.3,757.7,300.6,762.3,325.95,0,1,766.9,351.3
405,13482,2073877,768.5,350.3,759.5,300.6,764.0,325.45,0,1,768.5,350.3
405,13483,2073878,769.6,349.3,761.7,300.5,765.65,324.9,0,1,769.6,349.3
405,13484,2073879,770.3,348.4,763.3,300.5,766.8,324.45,0,1,770.3,348.4
405,13485,2073880,771.1,348.5,765.5,300.4,768.3,324.45,0,1,771.1,348.5
405,13486,2073881,771.9,348.5,767.5,300.2,769.7,324.35,0,1,771.9,348.5
405,13487,2073882,772.5,349.4,769.3,300.0,770.9,324.7,0,1,772.5,349.4
405,13488,2073883,772.8,350.9,770.4,299.8,771.6,325.35,0,1,772.8,350.9
405,13489,2073884,773.0,352.4,771.1,299.5,772.05,325.95,0,1,773.0,352.4
405,13490,2073885,773.3,354.0,771.4,299.3,772.35,326.65,0,1,773.3,354.0
405,13491,2073886,773.6,355.4,771.5,299.0,772.55,327.2,0,1,773.6,355.4
405,13492,2073887,773.8,356.3,771.1,298.6,772.45,327.45,0,1,773.8,356.3
405,13493,2073888,773.3,357.2,770.8,297.5,772.05,327.35,0,1,773.3,357.2
405,13494,2073889,772.9,357.1,770.5,296.6,771.7,326.85,0,1,772.9,357.1
405,13495,2073890,772.3,356.9,770.0,295.4,771.15,326.15,0,1,772.3,356.9
405,13496,2073891,771.6,356.6,769.6,294.2,770.6,325.4,0,1,771.6,356.6
405,13497,2073892,770.9,356.2,769.2,293.1,770.05,324.65,0,1,770.9,356.2
405,13498,2073893,770.2,356.4,768.9,292.2,769.55,324.3,0,1,770.2,356.4
405,13499,2073894,769.6,356.8,768.7,291.6,769.15,324.2,0,1,769.6,356.8
405,13500,2073895,769.4,357.2,768.5,291.5,768.95,324.35,0,1,769.4,357.2
406,13501,2073896,769.3,357.6,768.2,291.5,768.75,324.55,0,1,769.3,357.6
406,13502,2073897,769.3,357.9,768.3,291.8,768.8,324.85,0,1,769.3,357.9
406,13503,2073898,769.5,358.1,768.4,292.1,768.95,325.1,0,1,769.5,358.1
406,13504,2073899,769.8,358.2,768.6,292.5,769.2,325.35,0,1,769.8,358.2
406,13505,2073900,770.1,357.7,769.0,292.7,769.55,325.2,0,1,770.1,357.7
406,13506,2073901,770.4,357.2,769.2,292.9,769.8,325.05,0,1,770.4,357.2
406,13507,2073902,770.7,356.8,769.5,293.2,770.1,325.0,0,1,770.7,356.8
406,13508,2073903,770.8,356.3,769.6,293.4,770.2,324.85,0,1,770.8,356.3
406,13509,2073904,770.8,356.1,769.6,293.7,770.2,324.9,0,1,770.8,356.1
406,13510,2073905,770.7,355.9,769.6,293.9,770.15,324.9,0,1,770.7,355.9
406,13511,2073906,770.4,356.0,769.5,294.1,769.95,325.05,0,1,770.4,356.0
406,13512,2073907,770.2,356.1,769.1,294.6,769.65,325.35,0,1,770.2,356.1
406,13513,2073908,770.0,356.2,768.7,295.2,769.35,325.7,0,1,770.0,356.2
406,13514,2073909,769.9,356.3,768.3,296.4,769.1,326.35,0,1,769.9,356.3
406,13515,2073910,769.8,356.4,767.9,297.6,768.85,327.0,0,1,769.8,356.4
406,13516,2073911,770.1,356.7,767.6,298.7,768.85,327.7,0,1,770.1,356.7
406,13517,2073912,770.4,357.0,767.4,299.8,768.9,328.4,0,1,770.4,357.0
406,13518,2073913,770.6,357.6,767.3,300.8,768.95,329.2,0,1,770.6,357.6
406,13519,2073914,771.5,358.3,766.9,301.4,769.2,329.85,0,1,771.5,358.3
406,13520,2073915,772.3,359.3,766.6,301.9,769.45,330.6,0,1,772.3,359.3
406,13521,2073916,773.1,360.3,766.5,301.8,769.8,331.05,0,1,773.1,360.3
406,13522,2073917,773.7,361.2,766.5,301.8,770.1,331.5,0,1,773.7,361.2
406,13523,2073918,774.0,361.9,767.0,301.9,770.5,331.9,0,1,774.0,361.9
406,13524,2073919,774.3,362.4,767.4,302.2,770.85,332.3,0,1,774.3,362.4
406,13525,2073920,774.6,362.5,767.8,302.5,771.2,332.5,0,1,774.6,362.5
406,13526,2073921,774.3,362.7,768.1,302.7,771.2,332.7,0,1,774.3,362.7
406,13527,2073922,774.0,362.6,768.4,303.1,771.2,332.85,0,1,774.0,362.6
406,13528,2073923,773.7,362.7,768.7,303.4,771.2,333.05,0,1,773.7,362.7
406,13529,2073924,773.5,363.0,768.8,303.8,771.15,333.4,0,1,773.5,363.0
406,13530,2073925,773.6,363.4,768.4,304.0,771.0,333.7,0,1,773.6,363.4
406,13531,2073926,773.7,363.9,768.1,304.4,770.9,334.15,0,1,773.7,363.9
406,13532,2073927,773.7,364.0,767.6,304.8,770.65,334.4,0,1,773.7,364.0
406,13533,2073928,773.7,364.1,767.3,305.2,770.5,334.65,0,1,773.7,364.1
407,13534,2073929,773.6,364.1,767.1,305.4,770.35,334.75,0,1,773.6,364.1
407,13535,2073930,773.5,363.8,766.8,305.7,770.15,334.75,0,1,773.5,363.8
407,13536,2073931,773.3,363.5,766.7,305.5,770.0,334.5,0,1,773.3,363.5
407,13537,2073932,773.1,363.4,766.6,305.4,769.85,334.4,0,1,773.1,363.4
407,13538,2073933,773.0,363.3,766.4,305.0,769.7,334.15,0,1,773.0,363.3
407,13539,2073934,772.8,363.6,766.7,304.6,769.75,334.1,0,1,772.8,363.6
407,13540,2073935,772.5,363.9,766.9,304.4,769.7,334.15,0,1,772.5,363.9
407,13541,2073936,772.4,364.3,767.3,304.5,769.85,334.4,0,1,772.4,364.3
407,13542,2073937,772.3,364.6,767.6,304.7,769.95,334.65,0,1,772.3,364.6
407,13543,2073938,772.3,364.9,767.9,305.1,770.1,335.0,0,1,772.3,364.9
407,13544,2073939,772.3,364.9,768.2,305.5,770.25,335.2,0,1,772.3,364.9
407,13545,2073940,772.3,364.9,768.4,306.1,770.35,335.5,0,1,772.3,364.9
407,13546,2073941,772.3,364.7,768.6,306.7,770.45,335.7,0,1,772.3,364.7
407,13547,2073942,772.4,364.5,768.6,307.1,770.5,335.8,0,1,772.4,364.5
407,13548,2073943,772.4,364.5,768.6,307.3,770.5,335.9,0,1,772.4,364.5
407,13549,2073944,772.7,364.6,768.6,307.5,770.65,336.05,0,1,772.7,364.6
407,13550,2073945,772.9,365.1,768.6,307.6,770.75,336.35,0,1,772.9,365.1
407,13551,2073946,773.2,365.7,769.0,307.7,771.1,336.7,0,1,773.2,365.7
407,13552,2073947,773.4,366.4,769.6,307.7,771.5,337.05,0,1,773.4,366.4
407,13553,2073948,773.6,367.1,770.2,307.6,771.9,337.35,0,1,773.6,367.1
407,13554,2073949,773.9,367.8,770.8,307.4,772.35,337.6,0,1,773.9,367.8
407,13555,2073950,774.3,368.3,771.4,307.2,772.85,337.75,0,1,774.3,368.3
407,13556,2073951,774.4,368.6,771.9,306.9,773.15,337.75,0,1,774.4,368.6
407,13557,2073952,774.5,368.6,772.4,306.5,773.45,337.55,0,1,774.5,368.6
407,13558,2073953,774.6,368.5,772.5,306.1,773.55,337.3,0,1,774.6,368.5
407,13559,2073954,774.7,368.6,772.5,305.7,773.6,337.15,0,1,774.7,368.6
407,13560,2073955,774.7,368.7,772.6,305.6,773.65,337.15,0,1,774.7,368.7
407,13561,2073956,774.6,368.8,772.6,305.4,773.6,337.1,0,1,774.6,368.8
407,13562,2073957,774.4,369.0,772.8,305.2,773.6,337.1,0,1,774.4,369.0
407,13563,2073958,774.0,369.2,772.9,305.1,773.45,337.15,0,1,774.0,369.2
407,13564,2073959,773.7,369.4,772.5,305.1,773.1,337.25,0,1,773.7,369.4
407,13565,2073960,773.2,369.4,772.2,304.9,772.7,337.15,0,1,773.2,369.4
407,13566,2073961,772.6,369.0,771.8,304.7,772.2,336.85,0,1,772.6,369.0
408,13567,2073962,772.1,368.4,771.2,304.3,771.65,336.35,0,1,772.1,368.4
408,13568,2073963,771.6,367.8,770.6,303.9,771.1,335.85,0,1,771.6,367.8
408,13569,2073964,771.1,367.2,770.1,303.2,770.6,335.2,0,1,771.1,367.2
408,13570,2073965,770.9,366.5,769.7,302.6,770.3,334.55,0,1,770.9,366.5
408,13571,2073966,770.7,365.8,769.7,301.9,770.2,333.85,0,1,770.7,365.8
408,13572,2073967,770.7,365.2,769.8,301.6,770.25,333.4,0,1,770.7,365.2
408,13573,2073968,770.8,365.1,769.9,301.3,770.35,333.2,0,1,770.8,365.1
408,13574,2073969,770.9,364.8,770.0,301.1,770.45,332.95,0,1,770.9,364.8
408,13575,2073970,770.9,364.6,770.0,300.9,770.45,332.75,0,1,770.9,364.6
408,13576,2073971,770.9,364.3,769.9,301.0,770.4,332.65,0,1,770.9,364.3
408,13577,2073972,770.8,364.3,769.6,300.8,770.2,332.55,0,1,770.8,364.3
408,13578,2073973,770.6,364.3,769.4,300.4,770.0,332.35,0,1,770.6,364.3
408,13579,2073974,770.4,364.0,769.1,299.9,769.75,331.95,0,1,770.4,364.0
408,13580,2073975,770.2,363.4,768.8,299.2,769.5,331.3,0,1,770.2,363.4
408,13581,2073976,769.9,362.8,768.6,298.6,769.25,330.7,0,1,769.9,362.8
408,13582,2073977,769.5,362.4,768.4,298.1,768.95,330.25,0,1,769.5,362.4
408,13583,2073978,769.3,361.6,768.3,297.6,768.8,329.6,0,1,769.3,361.6
408,13584,2073979,769.1,360.8,768.4,297.3,768.75,329.05,0,1,769.1,360.8
408,13585,2073980,769.0,360.1,768.5,297.4,768.75,328.75,0,1,769.0,360.1
408,13586,2073981,768.8,359.5,768.5,297.5,768.65,328.5,0,1,768.8,359.5
408,13587,2073982,768.7,359.3,768.4,297.9,768.55,328.6,0,1,768.7,359.3
408,13588,2073983,768.8,359.1,768.3,298.3,768.55,328.7,0,1,768.8,359.1
408,13589,2073984,768.9,358.8,768.2,298.7,768.55,328.75,0,1,768.9,358.8
408,13590,2073985,769.0,358.9,768.1,298.9,768.55,328.9,0,1,769.0,358.9
408,13591,2073986,769.0,359.0,767.9,299.2,768.45,329.1,0,1,769.0,359.0
408,13592,2073987,768.8,359.6,767.7,299.4,768.25,329.5,0,1,768.8,359.6
408,13593,2073988,768.5,360.2,767.6,299.5,768.05,329.85,0,1,768.5,360.2
408,13594,2073989,768.3,360.9,767.5,299.3,767.9,330.1,0,1,768.3,360.9
408,13595,2073990,768.0,361.5,767.4,299.1,767.7,330.3,0,1,768.0,361.5
408,13596,2073991,767.9,362.2,767.5,298.8,767.7,330.5,0,1,767.9,362.2
408,13597,2073992,767.8,362.7,767.6,298.7,767.7,330.7,0,1,767.8,362.7
408,13598,2073993,767.7,362.9,767.7,298.5,767.7,330.7,0,1,767.7,362.9
408,13599,2073994,767.9,362.6,767.8,298.4,767.85,330.5,0,1,767.9,362.6
408,13600,2073995,768.1,362.2,768.0,298.5,768.05,330.35,0,1,768.1,362.2
409,13601,2073996,768.2,361.5,768.1,298.8,768.15,330.15,0,1,768.2,361.5
409,13602,2073997,768.1,360.7,768.3,299.1,768.2,329.9,0,1,768.1,360.7
409,13603,2073998,768.1,360.0,768.3,299.4,768.2,329.7,0,1,768.1,360.0
409,13604,2073999,767.9,359.3,768.3,299.7,768.1,329.5,0,1,767.9,359.3
409,13605,2074000,767.6,358.8,768.3,299.9,767.95,329.35,0,1,767.6,358.8
409,13606,2074001,767.3,358.3,768.2,299.9,767.75,329.1,0,1,767.3,358.3
409,13607,2074002,767.0,358.0,768.1,300.0,767.55,329.0,0,1,767.0,358.0
409,13608,2074003,766.8,358.3,768.0,300.0,767.4,329.15,0,1,766.8,358.3
409,13609,2074004,766.7,358.6,767.8,300.6,767.25,329.6,0,1,766.7,358.6
409,13610,2074005,766.5,359.0,767.6,301.1,767.05,330.05,0,1,766.5,359.0
409,13611,2074006,766.4,359.4,767.5,301.7,766.95,330.55,0,1,766.4,359.4
409,13612,2074007,766.4,359.9,767.4,302.5,766.9,331.2,0,1,766.4,359.9
409,13613,2074008,766.4,360.2,767.4,303.2,766.9,331.7,0,1,766.4,360.2
409,13614,2074009,766.4,360.3,767.4,303.7,766.9,332.0,0,1,766.4,360.3
409,13615,2074010,766.4,359.5,767.2,304.0,766.8,331.75,0,1,766.4,359.5
409,13616,2074011,766.6,358.6,767.2,303.8,766.9,331.2,0,1,766.6,358.6
409,13617,2074012,766.9,357.7,767.2,303.6,767.05,330.65,0,1,766.9,357.7
409,13618,2074013,767.3,357.0,767.1,303.4,767.2,330.2,0,1,767.3,357.0
409,13619,2074014,767.9,356.4,766.8,303.4,767.35,329.9,0,1,767.9,356.4
409,13620,2074015,768.6,356.0,766.5,303.9,767.55,329.95,0,1,768.6,356.0
409,13621,2074016,769.2,355.6,766.2,304.6,767.7,330.1,0,1,769.2,355.6
409,13622,2074017,769.8,356.4,765.7,305.2,767.75,330.8,0,1,769.8,356.4
409,13623,2074018,770.2,357.3,765.2,305.7,767.7,331.5,0,1,770.2,357.3
409,13624,2074019,770.5,358.3,764.7,306.2,767.6,332.25,0,1,770.5,358.3
409,13625,2074020,770.4,359.3,764.3,306.6,767.35,332.95,0,1,770.4,359.3
409,13626,2074021,770.1,360.1,763.9,306.8,767.0,333.45,0,1,770.1,360.1
409,13627,2074022,769.7,360.8,763.6,306.4,766.65,333.6,0,1,769.7,360.8
409,13628,2074023,769.4,361.5,763.5,306.0,766.45,333.75,0,1,769.4,361.5
409,13629,2074024,769.1,361.6,763.6,305.5,766.35,333.55,0,1,769.1,361.6
409,13630,2074025,768.8,361.7,763.7,305.0,766.25,333.35,0,1,768.8,361.7
409,13631,2074026,768.6,361.7,763.8,304.7,766.2,333.2,0,1,768.6,361.7
409,13632,2074027,768.7,361.6,763.9,304.4,766.3,333.0,0,1,768.7,361.6
409,13633,2074028,768.8,361.6,764.0,304.2,766.4,332.9,0,1,768.8,361.6
410,13634,2074029,768.8,361.7,763.9,304.0,766.35,332.85,0,1,768.8,361.7
410,13635,2074030,768.8,361.8,763.4,303.9,766.1,332.85,0,1,768.8,361.8
410,13636,2074031,768.7,361.6,763.0,304.0,765.85,332.8,0,1,768.7,361.6
410,13637,2074032,768.5,361.5,762.5,304.0,765.5,332.75,0,1,768.5,361.5
410,13638,2074033,768.3,361.2,761.9,304.0,765.1,332.6,0,1,768.3,361.2
410,13639,2074034,768.0,360.9,761.2,303.9,764.6,332.4,0,1,768.0,360.9
410,13640,2074035,767.8,360.5,760.7,303.8,764.25,332.15,0,1,767.8,360.5
410,13641,2074036,767.7,360.1,760.3,303.5,764.0,331.8,0,1,767.7,360.1
410,13642,2074037,767.5,359.8,760.2,303.1,763.85,331.45,0,1,767.5,359.8
410,13643,2074038,767.5,359.7,760.2,302.8,763.85,331.25,0,1,767.5,359.7
410,13644,2074039,767.4,359.6,760.3,302.4,763.85,331.0,0,1,767.4,359.6
410,13645,2074040,767.2,359.5,760.6,302.1,763.9,330.8,0,1,767.2,359.5
410,13646,2074041,767.1,359.7,760.8,301.8,763.95,330.75,0,1,767.1,359.7
410,13647,2074042,767.0,359.8,761.0,301.5,764.0,330.65,0,1,767.0,359.8
410,13648,2074043,767.0,360.0,761.3,301.5,764.15,330.75,0,1,767.0,360.0
410,13649,2074044,767.1,360.1,761.4,301.6,764.25,330.85,0,1,767.1,360.1
410,13650,2074045,767.3,360.2,761.5,301.9,764.4,331.05,0,1,767.3,360.2
410,13651,2074046,767.5,360.3,761.3,302.3,764.4,331.3,0,1,767.5,360.3
410,13652,2074047,767.8,360.4,761.2,302.7,764.5,331.55,0,1,767.8,360.4
410,13653,2074048,768.0,360.3,761.0,303.2,764.5,331.75,0,1,768.0,360.3
410,13654,2074049,768.1,360.2,760.8,303.6,764.45,331.9,0,1,768.1,360.2
410,13655,2074050,768.0,360.1,760.5,303.9,764.25,332.0,0,1,768.0,360.1
410,13656,2074051,767.8,360.1,760.2,304.1,764.0,332.1,0,1,767.8,360.1
410,13657,2074052,767.5,360.1,759.6,304.3,763.55,332.2,0,1,767.5,360.1
410,13658,2074053,767.3,360.0,759.0,304.4,763.15,332.2,0,1,767.3,360.0
410,13659,2074054,767.0,360.0,758.5,304.6,762.75,332.3,0,1,767.0,360.0
410,13660,2074055,766.8,360.0,757.8,304.7,762.3,332.35,0,1,766.8,360.0
410,13661,2074056,766.7,360.1,757.2,304.9,761.95,332.5,0,1,766.7,360.1
410,13662,2074057,766.6,360.4,756.8,305.1,761.7,332.75,0,1,766.6,360.4
410,13663,2074058,766.6,361.0,756.4,305.3,761.5,333.15,0,1,766.6,361.0
410,13664,2074059,766.8,361.7,756.5,305.5,761.65,333.6,0,1,766.8,361.7
410,13665,2074060,767.0,362.4,756.5,305.5,761.75,333.95,0,1,767.0,362.4
410,13666,2074061,767.3,363.1,756.6,305.4,761.95,334.25,0,1,767.3,363.1
411,13667,2074062,767.6,363.8,756.8,305.4,762.2,334.6,0,1,767.6,363.8
411,13668,2074063,767.9,364.4,757.2,305.4,762.55,334.9,0,1,767.9,364.4
411,13669,2074064,768.3,365.0,757.4,305.7,762.85,335.35,0,1,768.3,365.0
411,13670,2074065,768.6,365.3,757.5,306.0,763.05,335.65,0,1,768.6,365.3
411,13671,2074066,768.6,365.7,757.7,306.4,763.15,336.05,0,1,768.6,365.7
411,13672,2074067,768.3,365.9,757.7,306.9,763.0,336.4,0,1,768.3,365.9
411,13673,2074068,768.0,366.2,757.7,307.7,762.85,336.95,0,1,768.0,366.2
411,13674,2074069,767.7,366.5,757.3,308.3,762.5,337.4,0,1,767.7,366.5
411,13675,2074070,767.2,366.6,756.9,308.9,762.05,337.75,0,1,767.2,366.6
411,13676,2074071,766.8,366.6,756.6,309.1,761.7,337.85,0,1,766.8,366.6
411,13677,2074072,766.3,366.6,756.2,309.5,761.25,338.05,0,1,766.3,366.6
411,13678,2074073,765.9,367.0,755.8,309.9,760.85,338.45,0,1,765.9,367.0
411,13679,2074074,765.9,367.5,755.6,310.8,760.75,339.15,0,1,765.9,367.5
411,13680,2074075,765.8,367.9,755.4,311.5,760.6,339.7,0,1,765.8,367.9
411,13681,2074076,765.8,368.3,755.4,312.2,760.6,340.25,0,1,765.8,368.3
411,13682,2074077,765.7,368.7,755.3,312.9,760.5,340.8,0,1,765.7,368.7
411,13683,2074078,765.8,369.1,755.1,313.6,760.45,341.35,0,1,765.8,369.1
411,13684,2074079,765.8,369.5,754.9,313.9,760.35,341.7,0,1,765.8,369.5
411,13685,2074080,766.0,369.5,754.7,314.0,760.35,341.75,0,1,766.0,369.5
411,13686,2074081,766.2,369.5,754.5,313.6,760.35,341.55,0,1,766.2,369.5
411,13687,2074082,766.4,369.6,754.2,313.2,760.3,341.4,0,1,766.4,369.6
411,13688,2074083,766.8,369.5,754.1,312.9,760.45,341.2,0,1,766.8,369.5
411,13689,2074084,767.1,369.4,754.1,312.5,760.6,340.95,0,1,767.1,369.4
411,13690,2074085,767.4,369.1,754.2,312.3,760.8,340.7,0,1,767.4,369.1
411,13691,2074086,767.7,368.8,754.4,312.5,761.05,340.65,0,1,767.7,368.8
411,13692,2074087,767.9,368.4,754.5,312.6,761.2,340.5,0,1,767.9,368.4
411,13693,2074088,768.1,368.0,754.8,312.6,761.45,340.3,0,1,768.1,368.0
411,13694,2074089,768.2,367.3,755.1,312.7,761.65,340.0,0,1,768.2,367.3
411,13695,2074090,768.4,366.9,755.4,313.0,761.9,339.95,0,1,768.4,366.9
411,13696,2074091,768.5,366.5,755.6,313.3,762.05,339.9,0,1,768.5,366.5
411,13697,2074092,768.6,367.4,755.8,313.6,762.2,340.5,0,1,768.6,367.4
411,13698,2074093,768.2,368.4,755.7,313.9,761.95,341.15,0,1,768.2,368.4
411,13699,2074094,767.8,369.5,755.2,314.2,761.5,341.85,0,1,767.8,369.5
411,13700,2074095,767.4,370.6,754.6,314.4,761.0,342.5,0,1,767.4,370.6
412,13701,2074096,767.0,371.7,754.0,314.1,760.5,342.9,0,1,767.0,371.7
412,13702,2074097,766.9,372.7,753.8,313.7,760.35,343.2,0,1,766.9,372.7
412,13703,2074098,766.8,373.6,753.5,313.2,760.15,343.4,0,1,766.8,373.6
412,13704,2074099,766.7,373.3,753.4,312.8,760.05,343.05,0,1,766.7,373.3
412,13705,2074100,767.1,373.2,753.6,312.2,760.35,342.7,0,1,767.1,373.2
412,13706,2074101,767.5,373.0,754.1,311.9,760.8,342.45,0,1,767.5,373.0
412,13707,2074102,767.8,373.0,754.6,311.7,761.2,342.35,0,1,767.8,373.0
412,13708,2074103,767.9,373.0,755.1,311.9,761.5,342.45,0,1,767.9,373.0
412,13709,2074104,767.8,373.1,755.4,312.2,761.6,342.65,0,1,767.8,373.1
412,13710,2074105,767.6,373.3,755.7,312.6,761.65,342.95,0,1,767.6,373.3
412,13711,2074106,767.4,373.4,755.8,313.0,761.6,343.2,0,1,767.4,373.4
412,13712,2074107,767.1,373.6,755.9,313.7,761.5,343.65,0,1,767.1,373.6
412,13713,2074108,766.9,373.9,756.0,314.2,761.45,344.05,0,1,766.9,373.9
412,13714,2074109,766.7,374.4,756.1,314.7,761.4,344.55,0,1,766.7,374.4
412,13715,2074110,766.7,374.9,756.1,315.3,761.4,345.1,0,1,766.7,374.9
412,13716,2074111,766.8,375.6,756.0,315.7,761.4,345.65,0,1,766.8,375.6
412,13717,2074112,766.9,376.3,755.7,316.3,761.3,346.3,0,1,766.9,376.3
412,13718,2074113,767.0,377.1,755.3,316.7,761.15,346.9,0,1,767.0,377.1
412,13719,2074114,767.0,377.8,754.9,316.9,760.95,347.35,0,1,767.0,377.8
412,13720,2074115,767.0,378.4,754.5,317.0,760.75,347.7,0,1,767.0,378.4
412,13721,2074116,766.9,378.8,754.1,316.9,760.5,347.85,0,1,766.9,378.8
412,13722,2074117,766.7,379.0,753.7,316.9,760.2,347.95,0,1,766.7,379.0
412,13723,2074118,766.5,379.1,753.3,316.8,759.9,347.95,0,1,766.5,379.1
412,13724,2074119,766.3,379.1,753.2,316.8,759.75,347.95,0,1,766.3,379.1
412,13725,2074120,766.2,379.1,753.1,316.7,759.65,347.9,0,1,766.2,379.1
412,13726,2074121,766.1,378.9,752.9,316.6,759.5,347.75,0,1,766.1,378.9
412,13727,2074122,766.0,378.7,752.6,316.7,759.3,347.7,0,1,766.0,378.7
412,13728,2074123,765.9,378.5,752.3,317.0,759.1,347.75,0,1,765.9,378.5
412,13729,2074124,765.8,378.3,752.1,317.3,758.95,347.8,0,1,765.8,378.3
412,13730,2074125,765.8,378.1,751.9,317.5,758.85,347.8,0,1,765.8,378.1
412,13731,2074126,765.9,378.0,751.7,317.7,758.8,347.85,0,1,765.9,378.0
412,13732,2074127,766.1,379.0,751.5,318.1,758.8,348.55,0,1,766.1,379.0
412,13733,2074128,766.4,380.0,750.7,318.4,758.55,349.2,0,1,766.4,380.0
413,13734,2074129,766.6,381.2,750.2,318.7,758.4,349.95,0,1,766.6,381.2
413,13735,2074130,766.9,382.3,749.6,319.2,758.25,350.75,0,1,766.9,382.3
413,13736,2074131,767.0,383.4,749.1,319.6,758.05,351.5,0,1,767.0,383.4
413,13737,2074132,767.1,384.4,748.6,320.0,757.85,352.2,0,1,767.1,384.4
413,13738,2074133,767.0,385.1,748.1,320.5,757.55,352.8,0,1,767.0,385.1
413,13739,2074134,766.9,384.6,747.7,320.8,757.3,352.7,0,1,766.9,384.6
413,13740,2074135,766.7,384.1,747.9,320.8,757.3,352.45,0,1,766.7,384.1
413,13741,2074136,766.5,383.3,748.1,320.7,757.3,352.0,0,1,766.5,383.3
413,13742,2074137,766.2,382.6,748.7,319.1,757.45,350.85,0,1,766.2,382.6
413,13743,2074138,765.9,381.9,749.1,317.4,757.5,349.65,0,1,765.9,381.9
413,13744,2074139,765.7,380.8,749.4,315.6,757.55,348.2,0,1,765.7,380.8
413,13745,2074140,765.5,379.8,749.7,313.7,757.6,346.75,0,1,765.5,379.8
413,13746,2074141,765.4,378.8,749.9,311.9,757.65,345.35,0,1,765.4,378.8
413,13747,2074142,766.3,378.0,750.0,311.0,758.15,344.5,0,1,766.3,378.0
413,13748,2074143,767.9,377.7,751.2,311.9,759.55,344.8,0,1,767.9,377.7
413,13749,2074144,770.8,378.2,752.2,314.6,761.5,346.4,0,1,770.8,378.2
413,13750,2074145,775.2,381.0,754.2,320.3,764.7,350.65,0,1,775.2,381.0
413,13751,2074146,780.9,387.4,758.1,329.8,769.5,358.6,0,1,780.9,387.4
413,13752,2074147,787.8,397.2,763.5,342.7,775.65,369.95,0,1,787.8,397.2
413,13753,2074148,794.7,409.9,770.2,359.9,782.45,384.9,0,1,794.7,409.9
413,13754,2074149,802.7,427.5,778.0,379.3,790.35,403.4,0,1,802.7,427.5
413,13755,2074150,810.4,447.3,785.6,400.9,798.0,424.1,0,1,810.4,447.3
413,13756,2074151,817.8,470.6,794.7,425.7,806.25,448.15,0,1,817.8,470.6
413,13757,2074152,825.1,495.4,804.0,450.4,814.55,472.9,0,1,825.1,495.4
413,13758,2074153,831.5,519.0,812.5,472.1,822.0,495.55,0,1,831.5,519.0
413,13759,2074154,837.6,541.6,819.6,493.7,828.6,517.65,0,1,837.6,541.6
413,13760,2074155,844.2,563.4,825.6,511.9,834.9,537.65,0,1,844.2,563.4
413,13761,2074156,848.6,581.8,832.4,528.7,840.5,555.25,0,1,848.6,581.8
413,13762,2074157,854.2,599.5,838.3,541.9,846.25,570.7,0,1,854.2,599.5
413,13763,2074158,858.9,614.2,842.4,551.5,850.65,582.85,0,1,858.9,614.2
413,13764,2074159,862.3,625.3,845.5,559.2,853.9,592.25,0,1,862.3,625.3
413,13765,2074160,865.6,634.8,847.3,566.1,856.45,600.45,0,1,865.6,634.8
413,13766,2074161,868.0,643.2,849.0,569.8,858.5,606.5,0,1,868.0,643.2
414,13767,2074162,870.2,649.8,850.5,572.7,860.35,611.25,0,1,870.2,649.8
414,13768,2074163,872.5,654.6,851.0,573.8,861.75,614.2,0,1,872.5,654.6
414,13769,2074164,873.4,657.7,851.9,574.7,862.65,616.2,0,1,873.4,657.7
414,13770,2074165,874.6,659.8,854.4,575.5,864.5,617.65,0,1,874.6,659.8
414,13771,2074166,876.9,661.4,858.0,575.4,867.45,618.4,0,1,876.9,661.4
414,13772,2074167,878.9,662.7,862.7,575.4,870.8,619.05,0,1,878.9,662.7
414,13773,2074168,882.6,662.9,868.2,575.3,875.4,619.1,0,1,882.6,662.9
414,13774,2074169,886.0,663.1,874.0,575.3,880.0,619.2,0,1,886.0,663.1
414,13775,2074170,889.5,663.6,879.5,575.9,884.5,619.75,0,1,889.5,663.6
414,13776,2074171,893.3,664.2,885.0,576.9,889.15,620.55,0,1,893.3,664.2
414,13777,2074172,897.4,664.7,889.4,578.0,893.4,621.35,0,1,897.4,664.7
414,13778,2074173,900.2,665.6,892.8,580.8,896.5,623.2,0,1,900.2,665.6
414,13779,2074174,904.1,666.5,895.4,583.5,899.75,625.0,0,1,904.1,666.5
414,13780,2074175,906.4,667.3,897.5,586.3,901.95,626.8,0,1,906.4,667.3
414,13781,2074176,908.5,668.2,899.4,589.1,903.95,628.65,0,1,908.5,668.2
414,13782,2074177,910.4,668.6,900.9,591.4,905.65,630.0,0,1,910.4,668.6
414,13783,2074178,911.5,669.1,901.7,593.4,906.6,631.25,0,1,911.5,669.1
414,13784,2074179,912.1,669.6,901.5,595.3,906.8,632.45,0,1,912.1,669.6
414,13785,2074180,912.8,669.8,901.4,595.3,907.1,632.55,0,1,912.8,669.8
414,13786,2074181,912.4,669.9,900.8,595.4,906.6,632.65,0,1,912.4,669.9
414,13787,2074182,911.9,669.7,900.1,595.4,906.0,632.55,0,1,911.9,669.7
414,13788,2074183,910.8,668.7,899.2,595.4,905.0,632.05,0,1,910.8,668.7
414,13789,2074184,909.7,667.3,898.4,595.2,904.05,631.25,0,1,909.7,667.3
414,13790,2074185,908.4,666.0,897.8,594.9,903.1,630.45,0,1,908.4,666.0
414,13791,2074186,907.2,664.6,897.8,594.1,902.5,629.35,0,1,907.2,664.6
414,13792,2074187,905.4,663.0,897.8,593.4,901.6,628.2,0,1,905.4,663.0
414,13793,2074188,903.7,661.5,897.8,592.6,900.75,627.05,0,1,903.7,661.5
414,13794,2074189,901.9,660.2,897.9,591.9,899.9,626.05,0,1,901.9,660.2
414,13795,2074190,900.9,659.6,897.9,591.1,899.4,625.35,0,1,900.9,659.6
414,13796,2074191,900.1,659.3,897.9,590.5,899.0,624.9,0,1,900.1,659.3
414,13797,2074192,899.8,659.0,898.0,590.1,898.9,624.55,0,1,899.8,659.0
414,13798,2074193,899.5,658.7,898.2,590.3,898.85,624.5,0,1,899.5,658.7
414,13799,2074194,899.9,658.6,898.6,590.4,899.25,624.5,0,1,899.9,658.6
414,13800,2074195,900.3,658.4,899.2,590.5,899.75,624.45,0,1,900.3,658.4
415,13801,2074196,900.7,658.2,899.7,590.8,900.2,624.5,0,1,900.7,658.2
415,13802,2074197,900.9,657.9,900.3,591.0,900.6,624.45,0,1,900.9,657.9
415,13803,2074198,900.9,657.6,900.8,591.4,900.85,624.5,0,1,900.9,657.6
415,13804,2074199,901.0,657.8,901.2,591.8,901.1,624.8,0,1,901.0,657.8
415,13805,2074200,901.1,658.1,901.3,592.3,901.2,625.2,0,1,901.1,658.1
415,13806,2074201,901.0,658.5,901.2,593.4,901.1,625.95,0,1,901.0,658.5
415,13807,2074202,901.0,659.0,901.1,594.8,901.05,626.9,0,1,901.0,659.0
415,13808,2074203,901.0,660.0,900.8,596.1,900.9,628.05,0,1,901.0,660.0
415,13809,2074204,900.9,661.1,900.5,597.3,900.7,629.2,0,1,900.9,661.1
415,13810,2074205,900.9,662.1,900.3,598.6,900.6,630.35,0,1,900.9,662.1
415,13811,2074206,901.0,662.5,899.9,599.6,900.45,631.05,0,1,901.0,662.5
415,13812,2074207,901.1,662.9,899.5,600.5,900.3,631.7,0,1,901.1,662.9
415,13813,2074208,901.1,663.1,899.3,600.8,900.2,631.95,0,1,901.1,663.1
415,13814,2074209,901.0,663.4,899.1,600.9,900.05,632.15,0,1,901.0,663.4
415,13815,2074210,900.9,663.0,898.9,602.0,899.9,632.5,0,1,900.9,663.0
415,13816,2074211,900.8,662.5,898.7,603.1,899.75,632.8,0,1,900.8,662.5
415,13817,2074212,900.6,661.8,898.4,604.2,899.5,633.0,0,1,900.6,661.8
415,13818,2074213,900.5,661.1,898.2,605.3,899.35,633.2,0,1,900.5,661.1
415,13819,2074214,900.5,660.5,897.9,606.5,899.2,633.5,0,1,900.5,660.5
415,13820,2074215,900.8,660.5,897.5,607.6,899.15,634.05,0,1,900.8,660.5
415,13821,2074216,901.5,660.4,896.6,608.8,899.05,634.6,0,1,901.5,660.4
415,13822,2074217,902.3,660.4,895.8,609.0,899.05,634.7,0,1,902.3,660.4
415,13823,2074218,903.1,660.4,894.8,609.3,898.95,634.85,0,1,903.1,660.4
415,13824,2074219,904.0,660.5,893.8,609.5,898.9,635.0,0,1,904.0,660.5
415,13825,2074220,904.7,660.7,892.8,609.9,898.75,635.3,0,1,904.7,660.7
415,13826,2074221,905.2,660.9,892.0,610.2,898.6,635.55,0,1,905.2,660.9
415,13827,2074222,905.4,660.6,891.1,610.7,898.25,635.65,0,1,905.4,660.6
415,13828,2074223,905.4,660.4,890.6,610.9,898.0,635.65,0,1,905.4,660.4
415,13829,2074224,905.3,660.5,890.0,611.1,897.65,635.8,0,1,905.3,660.5
415,13830,2074225,905.4,660.7,889.2,611.0,897.3,635.85,0,1,905.4,660.7
415,13831,2074226,905.5,660.9,887.9,610.9,896.7,635.9,0,1,905.5,660.9
415,13832,2074227,905.7,661.0,886.5,610.8,896.1,635.9,0,1,905.7,661.0
415,13833,2074228,905.7,661.1,885.2,610.8,895.45,635.95,0,1,905.7,661.1
416,13834,2074229,905.7,661.1,883.9,610.7,894.8,635.9,0,1,905.7,661.1
416,13835,2074230,905.7,660.9,882.6,610.6,894.15,635.75,0,1,905.7,660.9
416,13836,2074231,905.6,660.5,881.4,610.8,893.5,635.65,0,1,905.6,660.5
416,13837,2074232,905.3,660.3,880.5,611.2,892.9,635.75,0,1,905.3,660.3
416,13838,2074233,905.0,660.1,879.8,611.9,892.4,636.0,0,1,905.0,660.1
416,13839,2074234,904.7,660.0,879.1,612.6,891.9,636.3,0,1,904.7,660.0
416,13840,2074235,904.6,659.9,878.4,613.1,891.5,636.5,0,1,904.6,659.9
416,13841,2074236,904.6,659.6,877.7,613.5,891.15,636.55,0,1,904.6,659.6
416,13842,2074237,904.4,659.4,876.5,613.6,890.45,636.5,0,1,904.4,659.4
416,13843,2074238,904.3,659.2,875.4,613.6,889.85,636.4,0,1,904.3,659.2
416,13844,2074239,904.2,658.8,874.5,613.6,889.35,636.2,0,1,904.2,658.8
416,13845,2074240,904.0,658.4,873.6,613.3,888.8,635.85,0,1,904.0,658.4
416,13846,2074241,903.8,658.1,872.7,613.2,888.25,635.65,0,1,903.8,658.1
416,13847,2074242,903.6,657.8,871.6,613.4,887.6,635.6,0,1,903.6,657.8
416,13848,2074243,903.4,657.6,870.5,613.8,886.95,635.7,0,1,903.4,657.6
416,13849,2074244,903.2,657.5,869.9,614.7,886.55,636.1,0,1,903.2,657.5
416,13850,2074245,903.1,657.4,869.3,615.7,886.2,636.55,0,1,903.1,657.4
416,13851,2074246,903.0,657.4,868.7,616.6,885.85,637.0,0,1,903.0,657.4
416,13852,2074247,903.0,657.4,868.3,617.4,885.65,637.4,0,1,903.0,657.4
416,13853,2074248,903.0,657.4,868.1,617.8,885.55,637.6,0,1,903.0,657.4
416,13854,2074249,903.0,657.4,868.1,617.9,885.55,637.65,0,1,903.0,657.4
416,13855,2074250,903.0,657.5,868.1,617.7,885.55,637.6,0,1,903.0,657.5
416,13856,2074251,903.0,657.8,868.2,617.4,885.6,637.6,0,1,903.0,657.8
416,13857,2074252,903.0,658.0,868.3,617.1,885.65,637.55,0,1,903.0,658.0
416,13858,2074253,903.0,658.0,868.2,617.1,885.6,637.55,0,1,903.0,658.0
416,13859,2074254,903.1,658.0,867.8,617.9,885.45,637.95,0,1,903.1,658.0
416,13860,2074255,903.1,658.0,867.0,618.8,885.05,638.4,0,1,903.1,658.0
416,13861,2074256,903.2,657.9,866.2,619.8,884.7,638.85,0,1,903.2,657.9
416,13862,2074257,903.4,657.8,865.3,620.9,884.35,639.35,0,1,903.4,657.8
416,13863,2074258,903.7,657.5,864.4,621.9,884.05,639.7,0,1,903.7,657.5
416,13864,2074259,904.0,657.4,863.6,622.9,883.8,640.15,0,1,904.0,657.4
416,13865,2074260,904.1,657.5,862.9,623.6,883.5,640.55,0,1,904.1,657.5
416,13866,2074261,904.2,657.5,862.7,623.6,883.45,640.55,0,1,904.2,657.5
417,13867,2074262,904.3,657.7,862.8,623.6,883.55,640.65,0,1,904.3,657.7
417,13868,2074263,904.2,657.8,862.9,623.9,883.55,640.85,0,1,904.2,657.8
417,13869,2074264,903.9,657.8,862.9,624.1,883.4,640.95,0,1,903.9,657.8
417,13870,2074265,903.4,657.6,863.0,624.4,883.2,641.0,0,1,903.4,657.6
417,13871,2074266,902.9,657.3,863.2,624.5,883.05,640.9,0,1,902.9,657.3
417,13872,2074267,902.5,657.0,863.3,624.6,882.9,640.8,0,1,902.5,657.0
417,13873,2074268,902.1,656.6,863.4,624.4,882.75,640.5,0,1,902.1,656.6
417,13874,2074269,901.7,656.2,863.8,624.0,882.75,640.1,0,1,901.7,656.2
417,13875,2074270,901.3,655.8,864.1,623.5,882.7,639.65,0,1,901.3,655.8
417,13876,2074271,901.2,655.5,864.4,622.9,882.8,639.2,0,1,901.2,655.5
417,13877,2074272,901.0,655.5,864.6,622.4,882.8,638.95,0,1,901.0,655.5
417,13878,2074273,900.8,655.4,864.8,622.1,882.8,638.75,0,1,900.8,655.4
417,13879,2074274,900.6,655.6,864.8,621.9,882.7,638.75,0,1,900.6,655.6
417,13880,2074275,900.5,655.8,864.7,621.9,882.6,638.85,0,1,900.5,655.8
417,13881,2074276,900.5,656.0,864.3,622.0,882.4,639.0,0,1,900.5,656.0
417,13882,2074277,900.4,656.2,864.3,622.1,882.35,639.15,0,1,900.4,656.2
417,13883,2074278,900.3,656.5,864.3,622.2,882.3,639.35,0,1,900.3,656.5
417,13884,2074279,900.3,656.8,864.5,622.2,882.4,639.5,0,1,900.3,656.8
417,13885,2074280,900.3,657.1,864.7,622.0,882.5,639.55,0,1,900.3,657.1
417,13886,2074281,900.3,657.3,865.1,621.7,882.7,639.5,0,1,900.3,657.3
417,13887,2074282,900.2,657.6,865.4,621.4,882.8,639.5,0,1,900.2,657.6
417,13888,2074283,900.1,657.9,865.8,621.1,882.95,639.5,0,1,900.1,657.9
417,13889,2074284,899.8,658.4,865.8,620.8,882.8,639.6,0,1,899.8,658.4
417,13890,2074285,899.4,658.9,865.9,620.4,882.65,639.65,0,1,899.4,658.9
417,13891,2074286,899.1,659.3,865.8,620.1,882.45,639.7,0,1,899.1,659.3
417,13892,2074287,898.7,659.8,865.8,620.0,882.25,639.9,0,1,898.7,659.8
417,13893,2074288,898.4,660.2,865.7,619.9,882.05,640.05,0,1,898.4,660.2
417,13894,2074289,898.1,660.6,865.7,620.0,881.9,640.3,0,1,898.1,660.6
417,13895,2074290,897.8,661.1,865.6,620.0,881.7,640.55,0,1,897.8,661.1
417,13896,2074291,897.8,661.2,865.7,620.0,881.75,640.6,0,1,897.8,661.2
417,13897,2074292,897.8,661.1,865.7,620.1,881.75,640.6,0,1,897.8,661.1
417,13898,2074293,898.1,660.5,865.8,620.1,881.95,640.3,0,1,898.1,660.5
417,13899,2074294,898.4,659.7,865.9,620.2,882.15,639.95,0,1,898.4,659.7
417,13900,2074295,898.8,658.8,865.9,620.2,882.35,639.5,0,1,898.8,658.8
418,13901,2074296,899.2,658.1,866.3,620.1,882.75,639.1,0,1,899.2,658.1
418,13902,2074297,899.1,657.2,866.7,620.0,882.9,638.6,0,1,899.1,657.2
418,13903,2074298,899.0,657.0,867.1,619.8,883.05,638.4,0,1,899.0,657.0
418,13904,2074299,898.7,657.6,867.4,619.6,883.05,638.6,0,1,898.7,657.6
418,13905,2074300,898.2,658.8,867.8,619.4,883.0,639.1,0,1,898.2,658.8
418,13906,2074301,897.7,660.0,868.1,619.2,882.9,639.6,0,1,897.7,660.0
418,13907,2074302,897.2,661.2,868.6,618.6,882.9,639.9,0,1,897.2,661.2
418,13908,2074303,897.0,662.4,868.8,617.9,882.9,640.15,0,1,897.0,662.4
418,13909,2074304,897.2,663.4,868.9,617.3,883.05,640.35,0,1,897.2,663.4
418,13910,2074305,897.3,664.0,868.8,616.9,883.05,640.45,0,1,897.3,664.0
418,13911,2074306,897.5,663.9,868.7,616.8,883.1,640.35,0,1,897.5,663.9
418,13912,2074307,897.5,663.7,868.4,616.8,882.95,640.25,0,1,897.5,663.7
418,13913,2074308,897.3,663.6,867.9,616.8,882.6,640.2,0,1,897.3,663.6
418,13914,2074309,896.8,662.6,867.1,617.3,881.95,639.95,0,1,896.8,662.6
418,13915,2074310,896.1,661.1,866.4,617.7,881.25,639.4,0,1,896.1,661.1
418,13916,2074311,895.4,659.5,865.9,617.9,880.65,638.7,0,1,895.4,659.5
418,13917,2074312,894.8,658.1,865.5,617.7,880.15,637.9,0,1,894.8,658.1
418,13918,2074313,894.4,656.7,865.3,617.1,879.85,636.9,0,1,894.4,656.7
418,13919,2074314,894.2,655.8,865.1,616.6,879.65,636.2,0,1,894.2,655.8
418,13920,2074315,894.0,654.8,865.5,616.0,879.75,635.4,0,1,894.0,654.8
418,13921,2074316,894.5,654.9,865.9,615.4,880.2,635.15,0,1,894.5,654.9
418,13922,2074317,894.9,655.3,866.3,614.8,880.6,635.05,0,1,894.9,655.3
418,13923,2074318,895.3,655.5,866.5,614.4,880.9,634.95,0,1,895.3,655.5
418,13924,2074319,896.2,655.7,866.8,614.3,881.5,635.0,0,1,896.2,655.7
418,13925,2074320,897.1,655.8,867.0,614.3,882.05,635.05,0,1,897.1,655.8
418,13926,2074321,898.0,655.5,867.1,614.2,882.55,634.85,0,1,898.0,655.5
418,13927,2074322,898.9,655.9,867.1,613.9,883.0,634.9,0,1,898.9,655.9
418,13928,2074323,899.3,656.3,866.6,613.7,882.95,635.0,0,1,899.3,656.3
418,13929,2074324,899.7,656.7,866.1,613.4,882.9,635.05,0,1,899.7,656.7
418,13930,2074325,899.7,657.4,865.6,613.1,882.65,635.25,0,1,899.7,657.4
418,13931,2074326,899.2,658.0,865.1,612.7,882.15,635.35,0,1,899.2,658.0
418,13932,2074327,898.6,658.7,864.8,612.2,881.7,635.45,0,1,898.6,658.7
418,13933,2074328,898.1,659.3,864.4,611.6,881.25,635.45,0,1,898.1,659.3
419,13934,2074329,897.6,659.3,864.1,611.0,880.85,635.15,0,1,897.6,659.3
419,13935,2074330,897.0,659.7,864.2,610.5,880.6,635.1,0,1,897.0,659.7
419,13936,2074331,896.5,660.1,864.3,610.0,880.4,635.05,0,1,896.5,660.1
419,13937,2074332,896.0,660.4,864.4,609.5,880.2,634.95,0,1,896.0,660.4
419,13938,2074333,895.6,660.9,864.6,609.0,880.1,634.95,0,1,895.6,660.9
419,13939,2074334,895.2,661.3,864.8,608.5,880.0,634.9,0,1,895.2,661.3
419,13940,2074335,895.0,661.7,865.0,608.3,880.0,635.0,0,1,895.0,661.7
419,13941,2074336,894.7,662.0,865.1,608.0,879.9,635.0,0,1,894.7,662.0
419,13942,2074337,894.4,661.9,865.3,607.8,879.85,634.85,0,1,894.4,661.9
419,13943,2074338,894.1,661.7,865.4,607.7,879.75,634.7,0,1,894.1,661.7
419,13944,2074339,894.1,660.6,865.5,607.6,879.8,634.1,0,1,894.1,660.6
419,13945,2074340,894.2,659.6,865.6,607.4,879.9,633.5,0,1,894.2,659.6
419,13946,2074341,894.4,658.6,865.7,606.8,880.05,632.7,0,1,894.4,658.6
419,13947,2074342,894.5,657.9,865.7,606.2,880.1,632.05,0,1,894.5,657.9
419,13948,2074343,894.7,657.2,865.7,605.6,880.2,631.4,0,1,894.7,657.2
419,13949,2074344,894.8,656.6,865.7,605.0,880.25,630.8,0,1,894.8,656.6
419,13950,2074345,895.0,656.1,865.6,604.4,880.3,630.25,0,1,895.0,656.1
419,13951,2074346,895.1,655.6,865.6,604.3,880.35,629.95,0,1,895.1,655.6
419,13952,2074347,895.2,655.3,865.4,604.8,880.3,630.05,0,1,895.2,655.3
419,13953,2074348,895.0,655.0,865.1,605.8,880.05,630.4,0,1,895.0,655.0
419,13954,2074349,894.5,655.1,865.0,606.8,879.75,630.95,0,1,894.5,655.1
419,13955,2074350,894.1,655.3,864.8,607.9,879.45,631.6,0,1,894.1,655.3
419,13956,2074351,893.7,655.4,864.7,608.8,879.2,632.1,0,1,893.7,655.4
419,13957,2074352,893.6,655.6,864.6,609.6,879.1,632.6,0,1,893.6,655.6
419,13958,2074353,893.4,656.0,864.7,610.0,879.05,633.0,0,1,893.4,656.0
419,13959,2074354,893.2,656.3,864.9,609.8,879.05,633.05,0,1,893.2,656.3
419,13960,2074355,893.1,656.5,865.0,609.3,879.05,632.9,0,1,893.1,656.5
419,13961,2074356,893.1,656.1,864.8,608.8,878.95,632.45,0,1,893.1,656.1
419,13962,2074357,893.1,655.8,864.6,608.4,878.85,632.1,0,1,893.1,655.8
419,13963,2074358,893.2,655.4,864.4,607.9,878.8,631.65,0,1,893.2,655.4
419,13964,2074359,893.1,655.0,864.1,607.4,878.6,631.2,0,1,893.1,655.0
419,13965,2074360,893.0,655.2,863.6,606.8,878.3,631.0,0,1,893.0,655.2
419,13966,2074361,892.9,655.5,863.2,606.1,878.05,630.8,0,1,892.9,655.5
420,13967,2074362,892.8,655.9,862.8,605.6,877.8,630.75,0,1,892.8,655.9
420,13968,2074363,892.7,656.0,862.7,605.1,877.7,630.55,0,1,892.7,656.0
420,13969,2074364,892.5,656.1,862.7,604.5,877.6,630.3,0,1,892.5,656.1
420,13970,2074365,892.4,655.8,862.8,604.0,877.6,629.9,0,1,892.4,655.8
420,13971,2074366,892.2,655.5,862.9,603.6,877.55,629.55,0,1,892.2,655.5
420,13972,2074367,891.9,655.3,863.2,603.4,877.55,629.35,0,1,891.9,655.3
420,13973,2074368,891.7,655.0,863.6,603.7,877.65,629.35,0,1,891.7,655.0
420,13974,2074369,891.5,654.8,863.9,603.9,877.7,629.35,0,1,891.5,654.8
420,13975,2074370,891.3,654.5,864.2,604.2,877.75,629.35,0,1,891.3,654.5
420,13976,2074371,891.1,654.4,864.5,604.5,877.8,629.45,0,1,891.1,654.4
420,13977,2074372,891.0,654.4,865.0,604.7,878.0,629.55,0,1,891.0,654.4
420,13978,2074373,890.9,654.4,865.6,605.0,878.25,629.7,0,1,890.9,654.4
420,13979,2074374,891.0,654.5,865.9,605.1,878.45,629.8,0,1,891.0,654.5
420,13980,2074375,891.2,654.6,866.8,605.2,879.0,629.9,0,1,891.2,654.6
420,13981,2074376,891.3,655.0,867.6,605.2,879.45,630.1,0,1,891.3,655.0
420,13982,2074377,891.5,655.5,868.5,604.9,880.0,630.2,0,1,891.5,655.5
420,13983,2074378,891.6,656.2,869.8,604.4,880.7,630.3,0,1,891.6,656.2
420,13984,2074379,891.8,657.0,870.8,603.7,881.3,630.35,0,1,891.8,657.0
420,13985,2074380,891.9,657.6,871.9,602.9,881.9,630.25,0,1,891.9,657.6
420,13986,2074381,891.8,657.7,873.0,601.8,882.4,629.75,0,1,891.8,657.7
420,13987,2074382,891.6,657.7,873.8,600.5,882.7,629.1,0,1,891.6,657.7
420,13988,2074383,891.2,656.3,874.4,599.0,882.8,627.65,0,1,891.2,656.3
420,13989,2074384,890.8,654.8,875.0,596.5,882.9,625.65,0,1,890.8,654.8
420,13990,2074385,889.9,653.0,874.8,592.6,882.35,622.8,0,1,889.9,653.0
420,13991,2074386,889.0,651.1,874.6,588.8,881.8,619.95,0,1,889.0,651.1
420,13992,2074387,886.9,648.9,873.6,585.2,880.25,617.05,0,1,886.9,648.9
420,13993,2074388,884.9,646.9,872.3,581.9,878.6,614.4,0,1,884.9,646.9
420,13994,2074389,882.1,644.8,870.3,578.7,876.2,611.75,0,1,882.1,644.8
420,13995,2074390,879.1,643.8,868.0,575.7,873.55,609.75,0,1,879.1,643.8
420,13996,2074391,876.1,642.7,865.8,573.4,870.95,608.05,0,1,876.1,642.7
420,13997,2074392,873.7,641.6,862.8,572.6,868.25,607.1,0,1,873.7,641.6
420,13998,2074393,871.2,640.7,859.9,571.9,865.55,606.3,0,1,871.2,640.7
420,13999,2074394,869.8,640.2,857.7,571.3,863.75,605.75,0,1,869.8,640.2
420,14000,2074395,868.2,640.1,855.8,570.9,862.0,605.5,0,1,868.2,640.1
421,14001,2074396,867.5,640.1,854.4,570.7,860.95,605.4,0,1,867.5,640.1
421,14002,2074397,867.2,640.7,853.3,570.9,860.25,605.8,0,1,867.2,640.7
421,14003,2074398,866.9,641.3,851.7,572.1,859.3,606.7,0,1,866.9,641.3
421,14004,2074399,866.6,641.7,851.4,573.3,859.0,607.5,0,1,866.6,641.7
421,14005,2074400,866.4,642.3,851.1,574.4,858.75,608.35,0,1,866.4,642.3
421,14006,2074401,866.5,643.0,851.3,575.5,858.9,609.25,0,1,866.5,643.0
421,14007,2074402,867.2,643.9,851.5,576.2,859.35,610.05,0,1,867.2,643.9
421,14008,2074403,867.9,644.8,851.7,576.9,859.8,610.85,0,1,867.9,644.8
421,14009,2074404,868.5,645.2,852.0,577.6,860.25,611.4,0,1,868.5,645.2
421,14010,2074405,869.2,645.7,852.7,577.8,860.95,611.75,0,1,869.2,645.7
421,14011,2074406,869.6,646.2,853.2,577.9,861.4,612.05,0,1,869.6,646.2
421,14012,2074407,869.8,646.5,853.7,578.1,861.75,612.3,0,1,869.8,646.5
421,14013,2074408,869.8,646.2,853.6,578.3,861.7,612.25,0,1,869.8,646.2
421,14014,2074409,869.2,645.5,853.6,578.3,861.4,611.9,0,1,869.2,645.5
421,14015,2074410,868.6,644.8,853.6,578.1,861.1,611.45,0,1,868.6,644.8
421,14016,2074411,868.0,644.1,853.6,577.8,860.8,610.95,0,1,868.0,644.1
421,14017,2074412,867.2,643.5,853.4,577.6,860.3,610.55,0,1,867.2,643.5
421,14018,2074413,866.7,643.6,852.8,577.4,859.75,610.5,0,1,866.7,643.6
421,14019,2074414,866.3,643.7,852.3,577.0,859.3,610.35,0,1,866.3,643.7
421,14020,2074415,866.1,644.4,851.9,576.5,859.0,610.45,0,1,866.1,644.4
421,14021,2074416,866.4,644.8,851.6,576.2,859.0,610.5,0,1,866.4,644.8
421,14022,2074417,866.8,645.0,851.3,576.1,859.05,610.55,0,1,866.8,645.0
421,14023,2074418,867.1,645.1,851.3,576.0,859.2,610.55,0,1,867.1,645.1
421,14024,2074419,867.6,644.8,851.3,575.8,859.45,610.3,0,1,867.6,644.8
421,14025,2074420,868.2,644.0,851.7,575.6,859.95,609.8,0,1,868.2,644.0
421,14026,2074421,868.7,643.2,851.9,575.2,860.3,609.2,0,1,868.7,643.2
421,14027,2074422,869.1,642.4,852.1,574.9,860.6,608.65,0,1,869.1,642.4
421,14028,2074423,869.1,641.8,852.2,574.4,860.65,608.1,0,1,869.1,641.8
421,14029,2074424,869.1,641.5,852.2,573.8,860.65,607.65,0,1,869.1,641.5
421,14030,2074425,868.4,641.3,852.2,573.1,860.3,607.2,0,1,868.4,641.3
421,14031,2074426,867.5,641.4,852.1,572.5,859.8,606.95,0,1,867.5,641.4
421,14032,2074427,866.7,641.6,852.1,572.1,859.4,606.85,0,1,866.7,641.6
421,14033,2074428,865.8,641.8,852.3,572.5,859.05,607.15,0,1,865.8,641.8
422,14034,2074429,865.0,642.1,852.7,572.9,858.85,607.5,0,1,865.0,642.1
422,14035,2074430,864.2,642.4,853.1,573.6,858.65,608.0,0,1,864.2,642.4
422,14036,2074431,863.4,642.7,853.4,574.3,858.4,608.5,0,1,863.4,642.7
422,14037,2074432,863.3,642.9,853.8,575.4,858.55,609.15,0,1,863.3,642.9
422,14038,2074433,863.6,643.2,854.2,576.4,858.9,609.8,0,1,863.6,643.2
422,14039,2074434,863.8,643.3,854.6,577.4,859.2,610.35,0,1,863.8,643.3
422,14040,2074435,864.0,643.4,855.0,577.8,859.5,610.6,0,1,864.0,643.4
422,14041,2074436,864.1,643.5,855.2,578.1,859.65,610.8,0,1,864.1,643.5
422,14042,2074437,864.2,643.7,855.3,578.4,859.75,611.05,0,1,864.2,643.7
422,14043,2074438,864.2,643.9,855.2,578.5,859.7,611.2,0,1,864.2,643.9
422,14044,2074439,864.2,644.1,855.2,578.2,859.7,611.15,0,1,864.2,644.1
422,14045,2074440,864.0,644.4,855.0,577.9,859.5,611.15,0,1,864.0,644.4
422,14046,2074441,863.8,644.9,854.8,577.6,859.3,611.25,0,1,863.8,644.9
422,14047,2074442,863.6,645.2,854.5,577.0,859.05,611.1,0,1,863.6,645.2
422,14048,2074443,863.5,645.5,853.9,576.5,858.7,611.0,0,1,863.5,645.5
422,14049,2074444,863.4,645.5,853.3,576.2,858.35,610.85,0,1,863.4,645.5
422,14050,2074445,863.2,645.4,852.9,576.3,858.05,610.85,0,1,863.2,645.4
422,14051,2074446,863.1,645.5,852.5,577.4,857.8,611.45,0,1,863.1,645.5
422,14052,2074447,863.1,645.5,852.1,578.5,857.6,612.0,0,1,863.1,645.5
422,14053,2074448,863.0,645.6,851.8,579.7,857.4,612.65,0,1,863.0,645.6
422,14054,2074449,863.0,645.8,851.6,581.1,857.3,613.45,0,1,863.0,645.8
422,14055,2074450,863.0,646.0,851.8,582.5,857.4,614.25,0,1,863.0,646.0
422,14056,2074451,863.0,646.3,851.9,583.7,857.45,615.0,0,1,863.0,646.3
422,14057,2074452,863.0,646.6,852.1,584.7,857.55,615.65,0,1,863.0,646.6
422,14058,2074453,862.9,646.9,852.2,584.8,857.55,615.85,0,1,862.9,646.9
422,14059,2074454,862.7,647.2,852.2,584.9,857.45,616.05,0,1,862.7,647.2
422,14060,2074455,862.5,647.7,852.2,585.0,857.35,616.35,0,1,862.5,647.7
422,14061,2074456,862.3,648.2,852.0,585.0,857.15,616.6,0,1,862.3,648.2
422,14062,2074457,862.0,648.7,851.8,584.8,856.9,616.75,0,1,862.0,648.7
422,14063,2074458,861.8,649.3,851.4,584.5,856.6,616.9,0,1,861.8,649.3
422,14064,2074459,861.5,649.9,850.5,584.1,856.0,617.0,0,1,861.5,649.9
422,14065,2074460,861.4,650.4,849.7,583.8,855.55,617.1,0,1,861.4,650.4
422,14066,2074461,861.4,650.8,849.0,583.5,855.2,617.15,0,1,861.4,650.8
423,14067,2074462,861.4,650.7,848.3,583.1,854.85,616.9,0,1,861.4,650.7
423,14068,2074463,861.4,650.4,847.9,582.7,854.65,616.55,0,1,861.4,650.4
423,14069,2074464,861.4,650.0,847.6,582.4,854.5,616.2,0,1,861.4,650.0
423,14070,2074465,861.4,649.6,847.5,582.3,854.45,615.95,0,1,861.4,649.6
423,14071,2074466,861.5,649.1,847.8,582.2,854.65,615.65,0,1,861.5,649.1
423,14072,2074467,861.7,648.7,848.1,582.2,854.9,615.45,0,1,861.7,648.7
423,14073,2074468,862.1,648.3,848.4,582.2,855.25,615.25,0,1,862.1,648.3
423,14074,2074469,862.4,648.2,848.6,582.3,855.5,615.25,0,1,862.4,648.2
423,14075,2074470,862.8,648.1,848.6,582.5,855.7,615.3,0,1,862.8,648.1
423,14076,2074471,863.2,648.1,848.5,582.8,855.85,615.45,0,1,863.2,648.1
423,14077,2074472,863.6,648.1,848.5,582.9,856.05,615.5,0,1,863.6,648.1
423,14078,2074473,864.1,648.1,848.4,582.9,856.25,615.5,0,1,864.1,648.1
423,14079,2074474,864.4,648.1,848.4,582.6,856.4,615.35,0,1,864.4,648.1
423,14080,2074475,864.6,648.1,848.4,582.3,856.5,615.2,0,1,864.6,648.1
423,14081,2074476,864.8,648.1,848.4,581.8,856.6,614.95,0,1,864.8,648.1
423,14082,2074477,865.0,648.1,848.2,581.4,856.6,614.75,0,1,865.0,648.1
423,14083,2074478,865.1,648.0,848.0,581.1,856.55,614.55,0,1,865.1,648.0
423,14084,2074479,865.3,647.5,847.8,580.8,856.55,614.15,0,1,865.3,647.5
423,14085,2074480,865.5,647.0,847.6,580.5,856.55,613.75,0,1,865.5,647.0
423,14086,2074481,865.6,646.6,847.5,580.3,856.55,613.45,0,1,865.6,646.6
423,14087,2074482,865.6,646.0,847.5,580.0,856.55,613.0,0,1,865.6,646.0
423,14088,2074483,865.7,645.1,847.4,579.8,856.55,612.45,0,1,865.7,645.1
423,14089,2074484,865.6,644.4,847.7,579.5,856.65,611.95,0,1,865.6,644.4
423,14090,2074485,865.7,643.9,847.9,579.3,856.8,611.6,0,1,865.7,643.9
423,14091,2074486,865.7,643.8,848.1,579.4,856.9,611.6,0,1,865.7,643.8
423,14092,2074487,865.8,643.8,848.3,579.6,857.05,611.7,0,1,865.8,643.8
423,14093,2074488,865.9,643.8,848.4,579.9,857.15,611.85,0,1,865.9,643.8
423,14094,2074489,866.2,644.0,848.4,580.1,857.3,612.05,0,1,866.2,644.0
423,14095,2074490,866.6,644.2,848.3,580.3,857.45,612.25,0,1,866.6,644.2
423,14096,2074491,867.1,644.4,848.2,580.3,857.65,612.35,0,1,867.1,644.4
423,14097,2074492,867.5,644.4,848.1,580.2,857.8,612.3,0,1,867.5,644.4
423,14098,2074493,867.8,644.1,848.0,579.9,857.9,612.0,0,1,867.8,644.1
423,14099,2074494,868.2,643.7,848.0,579.6,858.1,611.65,0,1,868.2,643.7
423,14100,2074495,868.5,643.4,847.9,579.4,858.2,611.4,0,1,868.5,643.4
424,14101,2074496,868.6,642.9,847.8,579.4,858.2,611.15,0,1,868.6,642.9
424,14102,2074497,868.8,642.2,847.8,579.4,858.3,610.8,0,1,868.8,642.2
424,14103,2074498,868.9,641.4,847.7,579.6,858.3,610.5,0,1,868.9,641.4
424,14104,2074499,868.9,640.3,847.7,579.8,858.3,610.05,0,1,868.9,640.3
424,14105,2074500,868.9,638.2,847.8,579.9,858.35,609.05,0,1,868.9,638.2
424,14106,2074501,869.0,636.2,847.9,580.1,858.45,608.15,0,1,869.0,636.2
424,14107,2074502,868.8,634.6,848.0,580.2,858.4,607.4,0,1,868.8,634.6
424,14108,2074503,868.6,633.4,848.2,580.2,858.4,606.8,0,1,868.6,633.4
424,14109,2074504,868.1,633.7,848.3,580.1,858.2,606.9,0,1,868.1,633.7
424,14110,2074505,867.7,633.9,848.4,580.1,858.05,607.0,0,1,867.7,633.9
424,14111,2074506,867.3,634.2,848.5,580.1,857.9,607.15,0,1,867.3,634.2
424,14112,2074507,866.4,634.8,848.5,580.2,857.45,607.5,0,1,866.4,634.8
424,14113,2074508,865.7,635.4,848.4,580.3,857.05,607.85,0,1,865.7,635.4
424,14114,2074509,865.0,635.7,848.1,580.4,856.55,608.05,0,1,865.0,635.7
424,14115,2074510,864.3,635.6,847.6,580.6,855.95,608.1,0,1,864.3,635.6
424,14116,2074511,863.9,634.2,847.2,580.8,855.55,607.5,0,1,863.9,634.2
424,14117,2074512,863.5,633.1,846.4,581.0,854.95,607.05,0,1,863.5,633.1
424,14118,2074513,863.0,632.3,845.7,581.1,854.35,606.7,0,1,863.0,632.3
424,14119,2074514,862.9,632.3,845.1,581.1,854.0,606.7,0,1,862.9,632.3
424,14120,2074515,862.9,632.3,844.7,581.1,853.8,606.7,0,1,862.9,632.3
424,14121,2074516,862.9,632.2,844.6,581.0,853.75,606.6,0,1,862.9,632.2
424,14122,2074517,862.9,632.1,844.5,581.2,853.7,606.65,0,1,862.9,632.1
424,14123,2074518,862.8,632.0,844.5,581.6,853.65,606.8,0,1,862.8,632.0
424,14124,2074519,862.8,632.1,844.8,582.0,853.8,607.05,0,1,862.8,632.1
424,14125,2074520,862.8,632.3,845.1,582.5,853.95,607.4,0,1,862.8,632.3
424,14126,2074521,862.8,632.6,845.3,583.1,854.05,607.85,0,1,862.8,632.6
424,14127,2074522,862.8,632.8,845.2,583.8,854.0,608.3,0,1,862.8,632.8
424,14128,2074523,862.7,633.0,845.1,584.7,853.9,608.85,0,1,862.7,633.0
424,14129,2074524,862.6,633.2,844.9,585.4,853.75,609.3,0,1,862.6,633.2
424,14130,2074525,862.4,633.5,844.7,585.9,853.55,609.7,0,1,862.4,633.5
424,14131,2074526,862.2,633.7,844.3,586.3,853.25,610.0,0,1,862.2,633.7
424,14132,2074527,861.9,633.9,844.0,586.1,852.95,610.0,0,1,861.9,633.9
424,14133,2074528,861.6,634.0,843.7,585.8,852.65,609.9,0,1,861.6,634.0
425,14134,2074529,861.0,634.2,843.5,585.5,852.25,609.85,0,1,861.0,634.2
425,14135,2074530,860.4,634.6,843.4,584.7,851.9,609.65,0,1,860.4,634.6
425,14136,2074531,859.9,634.9,843.3,583.7,851.6,609.3,0,1,859.9,634.9
425,14137,2074532,859.6,635.0,843.3,582.8,851.45,608.9,0,1,859.6,635.0
425,14138,2074533,859.3,634.7,843.4,581.8,851.35,608.25,0,1,859.3,634.7
425,14139,2074534,859.2,634.1,843.3,581.5,851.25,607.8,0,1,859.2,634.1
425,14140,2074535,858.9,633.6,843.1,581.1,851.0,607.35,0,1,858.9,633.6
425,14141,2074536,858.8,633.2,842.7,580.7,850.75,606.95,0,1,858.8,633.2
425,14142,2074537,858.6,633.1,842.2,580.5,850.4,606.8,0,1,858.6,633.1
425,14143,2074538,858.3,632.9,841.8,580.5,850.05,606.7,0,1,858.3,632.9
425,14144,2074539,857.8,632.7,841.5,580.5,849.65,606.6,0,1,857.8,632.7
425,14145,2074540,857.4,632.5,841.2,580.4,849.3,606.45,0,1,857.4,632.5
425,14146,2074541,857.0,632.4,841.0,580.0,849.0,606.2,0,1,857.0,632.4
425,14147,2074542,856.6,632.0,840.9,579.7,848.75,605.85,0,1,856.6,632.0
425,14148,2074543,856.5,631.7,840.9,579.3,848.7,605.5,0,1,856.5,631.7
425,14149,2074544,856.3,631.0,841.0,578.9,848.65,604.95,0,1,856.3,631.0
425,14150,2074545,856.2,630.5,841.0,578.8,848.6,604.65,0,1,856.2,630.5
425,14151,2074546,856.2,630.0,841.0,578.8,848.6,604.4,0,1,856.2,630.0
425,14152,2074547,856.2,629.9,841.0,578.8,848.6,604.35,0,1,856.2,629.9
425,14153,2074548,856.2,629.8,841.0,579.1,848.6,604.45,0,1,856.2,629.8
425,14154,2074549,856.0,629.9,841.2,579.5,848.6,604.7,0,1,856.0,629.9
425,14155,2074550,855.9,629.9,841.4,579.9,848.65,604.9,0,1,855.9,629.9
425,14156,2074551,855.6,629.9,841.5,580.6,848.55,605.25,0,1,855.6,629.9
425,14157,2074552,855.2,629.8,841.7,581.0,848.45,605.4,0,1,855.2,629.8
425,14158,2074553,854.7,629.5,841.7,581.3,848.2,605.4,0,1,854.7,629.5
425,14159,2074554,854.3,629.2,841.4,581.7,847.85,605.45,0,1,854.3,629.2
425,14160,2074555,853.9,629.0,841.1,582.2,847.5,605.6,0,1,853.9,629.0
425,14161,2074556,853.6,628.8,840.8,582.6,847.2,605.7,0,1,853.6,628.8
425,14162,2074557,853.4,628.7,840.4,583.0,846.9,605.85,0,1,853.4,628.7
425,14163,2074558,853.3,628.7,839.9,583.2,846.6,605.95,0,1,853.3,628.7
425,14164,2074559,853.3,628.8,839.5,583.4,846.4,606.1,0,1,853.3,628.8
425,14165,2074560,853.4,629.2,839.3,583.6,846.35,606.4,0,1,853.4,629.2
425,14166,2074561,853.5,629.5,839.2,583.8,846.35,606.65,0,1,853.5,629.5
426,14167,2074562,853.8,629.7,839.2,583.9,846.5,606.8,0,1,853.8,629.7
426,14168,2074563,854.1,629.6,839.1,583.9,846.6,606.75,0,1,854.1,629.6
426,14169,2074564,854.5,629.5,839.3,583.5,846.9,606.5,0,1,854.5,629.5
426,14170,2074565,854.8,629.3,839.6,583.0,847.2,606.15,0,1,854.8,629.3
426,14171,2074566,855.2,629.1,839.8,582.6,847.5,605.85,0,1,855.2,629.1
426,14172,2074567,855.5,629.1,840.0,582.2,847.75,605.65,0,1,855.5,629.1
426,14173,2074568,855.7,629.4,840.1,581.7,847.9,605.55,0,1,855.7,629.4
426,14174,2074569,855.7,629.8,840.1,581.1,847.9,605.45,0,1,855.7,629.8
426,14175,2074570,855.2,630.4,840.1,580.3,847.65,605.35,0,1,855.2,630.4
426,14176,2074571,854.7,630.9,839.8,579.9,847.25,605.4,0,1,854.7,630.9
426,14177,2074572,854.2,631.5,839.5,579.6,846.85,605.55,0,1,854.2,631.5
426,14178,2074573,853.6,631.9,839.2,579.2,846.4,605.55,0,1,853.6,631.9
426,14179,2074574,853.1,632.2,839.0,579.0,846.05,605.6,0,1,853.1,632.2
426,14180,2074575,852.7,632.1,838.9,579.0,845.8,605.55,0,1,852.7,632.1
426,14181,2074576,852.2,632.0,838.9,579.1,845.55,605.55,0,1,852.2,632.0
426,14182,2074577,852.2,631.8,838.9,579.4,845.55,605.6,0,1,852.2,631.8
426,14183,2074578,852.2,631.6,838.9,579.8,845.55,605.7,0,1,852.2,631.6
426,14184,2074579,852.4,630.9,838.9,580.2,845.65,605.55,0,1,852.4,630.9
426,14185,2074580,852.5,630.1,839.1,580.4,845.8,605.25,0,1,852.5,630.1
426,14186,2074581,852.6,629.3,839.3,580.5,845.95,604.9,0,1,852.6,629.3
426,14187,2074582,852.7,628.6,839.4,580.4,846.05,604.5,0,1,852.7,628.6
426,14188,2074583,852.8,627.9,839.6,580.3,846.2,604.1,0,1,852.8,627.9
426,14189,2074584,852.9,627.5,839.8,580.1,846.35,603.8,0,1,852.9,627.5
426,14190,2074585,853.0,627.1,840.0,580.0,846.5,603.55,0,1,853.0,627.1
426,14191,2074586,853.0,627.3,840.2,579.9,846.6,603.6,0,1,853.0,627.3
426,14192,2074587,853.0,627.5,840.2,579.9,846.6,603.7,0,1,853.0,627.5
426,14193,2074588,853.0,627.8,840.3,580.0,846.65,603.9,0,1,853.0,627.8
426,14194,2074589,853.0,628.3,840.9,579.9,846.95,604.1,0,1,853.0,628.3
426,14195,2074590,853.0,628.8,841.6,579.9,847.3,604.35,0,1,853.0,628.8
426,14196,2074591,853.0,629.2,842.2,579.9,847.6,604.55,0,1,853.0,629.2
426,14197,2074592,852.9,629.5,842.6,579.8,847.75,604.65,0,1,852.9,629.5
426,14198,2074593,852.9,629.5,843.0,579.7,847.95,604.6,0,1,852.9,629.5
426,14199,2074594,852.8,629.1,843.5,579.6,848.15,604.35,0,1,852.8,629.1
426,14200,2074595,852.8,628.7,844.1,579.4,848.45,604.05,0,1,852.8,628.7
427,14201,2074596,852.8,628.0,843.9,579.3,848.35,603.65,0,1,852.8,628.0
427,14202,2074597,852.9,627.3,843.7,579.3,848.3,603.3,0,1,852.9,627.3
427,14203,2074598,853.0,626.6,843.2,579.2,848.1,602.9,0,1,853.0,626.6
427,14204,2074599,853.1,626.1,842.9,579.2,848.0,602.65,0,1,853.1,626.1
427,14205,2074600,853.0,626.0,842.7,579.1,847.85,602.55,0,1,853.0,626.0
427,14206,2074601,852.9,626.3,842.4,579.1,847.65,602.7,0,1,852.9,626.3
427,14207,2074602,852.8,626.5,842.1,579.3,847.45,602.9,0,1,852.8,626.5
427,14208,2074603,852.7,626.6,842.0,579.4,847.35,603.0,0,1,852.7,626.6
427,14209,2074604,852.5,626.7,841.9,579.3,847.2,603.0,0,1,852.5,626.7
427,14210,2074605,852.3,626.8,842.1,579.3,847.2,603.05,0,1,852.3,626.8
427,14211,2074606,852.1,626.8,842.2,579.4,847.15,603.1,0,1,852.1,626.8
427,14212,2074607,852.1,626.8,842.4,579.8,847.25,603.3,0,1,852.1,626.8
427,14213,2074608,852.2,627.1,842.6,580.1,847.4,603.6,0,1,852.2,627.1
427,14214,2074609,852.3,627.5,842.6,580.4,847.45,603.95,0,1,852.3,627.5
427,14215,2074610,852.4,628.1,842.7,580.7,847.55,604.4,0,1,852.4,628.1
427,14216,2074611,852.5,628.7,842.7,581.0,847.6,604.85,0,1,852.5,628.7
427,14217,2074612,852.5,629.4,842.6,580.8,847.55,605.1,0,1,852.5,629.4
427,14218,2074613,852.4,629.9,842.6,580.8,847.5,605.35,0,1,852.4,629.9
427,14219,2074614,852.2,630.4,842.4,580.6,847.3,605.5,0,1,852.2,630.4
427,14220,2074615,852.0,630.6,842.1,581.1,847.05,605.85,0,1,852.0,630.6
427,14221,2074616,851.9,630.8,841.9,581.5,846.9,606.15,0,1,851.9,630.8
427,14222,2074617,852.0,631.1,841.7,582.1,846.85,606.6,0,1,852.0,631.1
427,14223,2074618,852.1,631.2,841.7,582.0,846.9,606.6,0,1,852.1,631.2
427,14224,2074619,852.2,631.0,841.8,582.3,847.0,606.65,0,1,852.2,631.0
427,14225,2074620,852.5,631.1,842.1,582.7,847.3,606.9,0,1,852.5,631.1
427,14226,2074621,852.9,631.2,842.4,582.9,847.65,607.05,0,1,852.9,631.2
427,14227,2074622,853.2,631.5,842.8,582.5,848.0,607.0,0,1,853.2,631.5
427,14228,2074623,853.6,631.7,843.3,582.2,848.45,606.95,0,1,853.6,631.7
427,14229,2074624,853.7,631.7,843.7,581.9,848.7,606.8,0,1,853.7,631.7
427,14230,2074625,853.7,631.8,843.9,582.2,848.8,607.0,0,1,853.7,631.8
427,14231,2074626,853.8,632.2,844.1,582.3,848.95,607.25,0,1,853.8,632.2
427,14232,2074627,853.9,632.4,844.2,582.2,849.05,607.3,0,1,853.9,632.4
427,14233,2074628,853.9,632.8,844.2,582.2,849.05,607.5,0,1,853.9,632.8
428,14234,2074629,853.6,633.0,844.2,582.0,848.9,607.5,0,1,853.6,633.0
428,14235,2074630,853.4,632.9,844.3,581.7,848.85,607.3,0,1,853.4,632.9
428,14236,2074631,853.2,632.1,844.3,581.4,848.75,606.75,0,1,853.2,632.1
428,14237,2074632,852.9,631.5,844.4,581.3,848.65,606.4,0,1,852.9,631.5
428,14238,2074633,852.6,630.6,844.4,581.5,848.5,606.05,0,1,852.6,630.6
428,14239,2074634,852.4,629.7,844.3,581.7,848.35,605.7,0,1,852.4,629.7
428,14240,2074635,852.1,628.4,844.4,582.0,848.25,605.2,0,1,852.1,628.4
428,14241,2074636,852.0,627.3,844.5,582.6,848.25,604.95,0,1,852.0,627.3
428,14242,2074637,852.0,626.3,844.6,583.1,848.3,604.7,0,1,852.0,626.3
428,14243,2074638,851.9,626.0,844.7,583.6,848.3,604.8,0,1,851.9,626.0
428,14244,2074639,851.8,625.7,844.9,584.1,848.35,604.9,0,1,851.8,625.7
428,14245,2074640,851.8,625.7,845.1,584.8,848.45,605.25,0,1,851.8,625.7
428,14246,2074641,851.8,625.7,845.4,585.4,848.6,605.55,0,1,851.8,625.7
428,14247,2074642,852.1,626.1,845.8,585.8,848.95,605.95,0,1,852.1,626.1
428,14248,2074643,852.5,626.5,846.2,586.0,849.35,606.25,0,1,852.5,626.5
428,14249,2074644,852.9,627.1,846.7,585.5,849.8,606.3,0,1,852.9,627.1
428,14250,2074645,853.2,627.8,847.1,584.9,850.15,606.35,0,1,853.2,627.8
428,14251,2074646,853.5,628.5,847.4,584.4,850.45,606.45,0,1,853.5,628.5
428,14252,2074647,853.8,629.1,847.6,583.5,850.7,606.3,0,1,853.8,629.1
428,14253,2074648,854.1,629.5,847.6,583.3,850.85,606.4,0,1,854.1,629.5
428,14254,2074649,854.1,629.6,847.6,583.2,850.85,606.4,0,1,854.1,629.6
428,14255,2074650,854.3,629.8,847.4,583.3,850.85,606.55,0,1,854.3,629.8
428,14256,2074651,854.5,630.1,847.2,583.8,850.85,606.95,0,1,854.5,630.1
428,14257,2074652,854.7,630.3,846.9,584.4,850.8,607.35,0,1,854.7,630.3
428,14258,2074653,855.1,630.6,846.6,584.9,850.85,607.75,0,1,855.1,630.6
428,14259,2074654,855.4,630.9,846.4,585.5,850.9,608.2,0,1,855.4,630.9
428,14260,2074655,855.8,631.3,846.3,585.3,851.05,608.3,0,1,855.8,631.3
428,14261,2074656,856.1,631.6,846.3,585.1,851.2,608.35,0,1,856.1,631.6
428,14262,2074657,856.3,631.9,846.2,585.0,851.25,608.45,0,1,856.3,631.9
428,14263,2074658,856.6,631.9,845.7,584.9,851.15,608.4,0,1,856.6,631.9
428,14264,2074659,856.8,631.8,845.1,584.8,850.95,608.3,0,1,856.8,631.8
428,14265,2074660,857.0,631.6,844.3,584.7,850.65,608.15,0,1,857.0,631.6
428,14266,2074661,857.1,631.5,843.5,584.6,850.3,608.05,0,1,857.1,631.5
429,14267,2074662,857.0,631.5,842.7,584.5,849.85,608.0,0,1,857.0,631.5
429,14268,2074663,856.6,631.7,841.7,584.4,849.15,608.05,0,1,856.6,631.7
429,14269,2074664,856.2,631.8,840.8,584.4,848.5,608.1,0,1,856.2,631.8
429,14270,2074665,855.7,632.0,840.0,584.4,847.85,608.2,0,1,855.7,632.0
429,14271,2074666,855.1,632.2,839.4,584.6,847.25,608.4,0,1,855.1,632.2
429,14272,2074667,854.6,632.4,838.8,584.8,846.7,608.6,0,1,854.6,632.4
429,14273,2074668,854.2,632.5,838.3,585.2,846.25,608.85,0,1,854.2,632.5
429,14274,2074669,854.3,632.6,837.5,585.8,845.9,609.2,0,1,854.3,632.6
429,14275,2074670,854.7,632.7,836.9,586.4,845.8,609.55,0,1,854.7,632.7
429,14276,2074671,855.2,633.2,836.3,586.8,845.75,610.0,0,1,855.2,633.2
429,14277,2074672,856.0,633.8,835.6,587.0,845.8,610.4,0,1,856.0,633.8
429,14278,2074673,856.8,634.6,835.2,586.1,846.0,610.35,0,1,856.8,634.6
429,14279,2074674,857.7,635.4,834.9,585.3,846.3,610.35,0,1,857.7,635.4
429,14280,2074675,858.5,636.3,834.3,584.4,846.4,610.35,0,1,858.5,636.3
429,14281,2074676,858.8,637.0,833.9,583.3,846.35,610.15,0,1,858.8,637.0
429,14282,2074677,859.0,637.6,833.6,582.4,846.3,610.0,0,1,859.0,637.6
429,14283,2074678,859.3,637.6,833.2,581.7,846.25,609.65,0,1,859.3,637.6
429,14284,2074679,859.2,637.0,833.0,581.2,846.1,609.1,0,1,859.2,637.0
429,14285,2074680,859.2,636.3,832.8,581.6,846.0,608.95,0,1,859.2,636.3
429,14286,2074681,859.3,635.5,832.7,582.1,846.0,608.8,0,1,859.3,635.5
429,14287,2074682,859.3,634.8,833.0,582.5,846.15,608.65,0,1,859.3,634.8
429,14288,2074683,859.4,634.2,833.4,583.0,846.4,608.6,0,1,859.4,634.2
429,14289,2074684,859.6,634.1,833.8,583.3,846.7,608.7,0,1,859.6,634.1
429,14290,2074685,859.7,634.4,834.7,583.6,847.2,609.0,0,1,859.7,634.4
429,14291,2074686,859.8,635.1,835.5,583.9,847.65,609.5,0,1,859.8,635.1
429,14292,2074687,859.9,635.8,836.3,584.0,848.1,609.9,0,1,859.9,635.8
429,14293,2074688,859.9,636.5,837.0,584.2,848.45,610.35,0,1,859.9,636.5
429,14294,2074689,860.0,637.1,837.6,584.2,848.8,610.65,0,1,860.0,637.1
429,14295,2074690,860.1,637.5,838.1,584.2,849.1,610.85,0,1,860.1,637.5
429,14296,2074691,860.2,637.5,838.6,584.1,849.4,610.8,0,1,860.2,637.5
429,14297,2074692,860.3,637.3,838.6,584.0,849.45,610.65,0,1,860.3,637.3
429,14298,2074693,860.5,637.2,838.7,582.8,849.6,610.0,0,1,860.5,637.2
429,14299,2074694,860.6,637.0,838.8,581.6,849.7,609.3,0,1,860.6,637.0
429,14300,2074695,860.7,637.2,838.6,580.4,849.65,608.8,0,1,860.7,637.2
430,14301,2074696,860.8,637.6,838.3,579.3,849.55,608.45,0,1,860.8,637.6
430,14302,2074697,860.9,638.0,838.2,578.2,849.55,608.1,0,1,860.9,638.0
430,14303,2074698,861.0,638.5,838.2,577.1,849.6,607.8,0,1,861.0,638.5
430,14304,2074699,861.0,639.0,838.7,576.1,849.85,607.55,0,1,861.0,639.0
430,14305,2074700,861.0,639.5,838.9,576.2,849.95,607.85,0,1,861.0,639.5
430,14306,2074701,860.8,640.0,839.1,576.5,849.95,608.25,0,1,860.8,640.0
430,14307,2074702,860.7,640.4,839.5,576.9,850.1,608.65,0,1,860.7,640.4
430,14308,2074703,860.3,641.7,839.8,577.2,850.05,609.45,0,1,860.3,641.7
430,14309,2074704,860.0,643.0,839.6,577.5,849.8,610.25,0,1,860.0,643.0
430,14310,2074705,859.7,644.3,839.2,577.7,849.45,611.0,0,1,859.7,644.3
430,14311,2074706,859.3,645.7,838.5,577.7,848.9,611.7,0,1,859.3,645.7
430,14312,2074707,859.0,647.1,837.8,577.5,848.4,612.3,0,1,859.0,647.1
430,14313,2074708,858.8,648.4,837.2,577.2,848.0,612.8,0,1,858.8,648.4
430,14314,2074709,858.4,649.6,836.7,576.8,847.55,613.2,0,1,858.4,649.6
430,14315,2074710,858.2,649.3,836.4,576.5,847.3,612.9,0,1,858.2,649.3
430,14316,2074711,857.9,649.0,836.5,576.3,847.2,612.65,0,1,857.9,649.0
430,14317,2074712,857.5,648.5,836.6,576.1,847.05,612.3,0,1,857.5,648.5
430,14318,2074713,857.1,648.1,836.8,576.2,846.95,612.15,0,1,857.1,648.1
430,14319,2074714,856.6,647.8,837.0,576.4,846.8,612.1,0,1,856.6,647.8
430,14320,2074715,855.9,647.7,837.3,576.7,846.6,612.2,0,1,855.9,647.7
430,14321,2074716,855.3,647.8,837.6,576.9,846.45,612.35,0,1,855.3,647.8
430,14322,2074717,854.7,649.0,838.1,577.1,846.4,613.05,0,1,854.7,649.0
430,14323,2074718,854.0,650.2,838.6,577.1,846.3,613.65,0,1,854.0,650.2
430,14324,2074719,853.5,651.4,839.1,577.2,846.3,614.3,0,1,853.5,651.4
430,14325,2074720,853.0,652.7,839.5,577.2,846.25,614.95,0,1,853.0,652.7
430,14326,2074721,852.5,653.8,839.9,577.1,846.2,615.45,0,1,852.5,653.8
430,14327,2074722,852.2,654.8,840.1,576.9,846.15,615.85,0,1,852.2,654.8
430,14328,2074723,851.8,655.7,840.3,576.8,846.05,616.25,0,1,851.8,655.7
430,14329,2074724,851.5,655.9,840.3,576.6,845.9,616.25,0,1,851.5,655.9
430,14330,2074725,851.1,656.2,840.5,576.5,845.8,616.35,0,1,851.1,656.2
430,14331,2074726,850.7,656.4,840.6,576.8,845.65,616.6,0,1,850.7,656.4
430,14332,2074727,850.2,656.7,840.9,577.1,845.55,616.9,0,1,850.2,656.7
430,14333,2074728,849.8,656.9,841.2,577.5,845.5,617.2,0,1,849.8,656.9
431,14334,2074729,849.5,657.0,841.6,578.0,845.55,617.5,0,1,849.5,657.0
431,14335,2074730,849.2,657.1,841.8,578.4,845.5,617.75,0,1,849.2,657.1
431,14336,2074731,848.9,657.1,842.0,579.4,845.45,618.25,0,1,848.9,657.1
431,14337,2074732,848.8,657.1,841.7,580.6,845.25,618.85,0,1,848.8,657.1
431,14338,2074733,849.0,657.0,841.5,581.5,845.25,619.25,0,1,849.0,657.0
431,14339,2074734,849.1,656.9,841.0,582.4,845.05,619.65,0,1,849.1,656.9
431,14340,2074735,849.2,656.7,840.5,583.2,844.85,619.95,0,1,849.2,656.7
431,14341,2074736,849.1,656.6,840.1,583.9,844.6,620.25,0,1,849.1,656.6
431,14342,2074737,848.7,656.6,839.9,583.6,844.3,620.1,0,1,848.7,656.6
431,14343,2074738,848.2,656.8,839.8,582.9,844.0,619.85,0,1,848.2,656.8
431,14344,2074739,847.7,657.7,839.9,582.0,843.8,619.85,0,1,847.7,657.7
431,14345,2074740,847.2,658.7,840.0,581.2,843.6,619.95,0,1,847.2,658.7
431,14346,2074741,846.8,659.6,840.2,580.6,843.5,620.1,0,1,846.8,659.6
431,14347,2074742,846.5,660.4,840.4,579.9,843.45,620.15,0,1,846.5,660.4
431,14348,2074743,846.2,661.1,840.4,579.3,843.3,620.2,0,1,846.2,661.1
431,14349,2074744,846.5,661.6,840.2,579.6,843.35,620.6,0,1,846.5,661.6
431,14350,2074745,846.7,661.7,840.0,579.8,843.35,620.75,0,1,846.7,661.7
431,14351,2074746,847.0,661.1,839.5,580.2,843.25,620.65,0,1,847.0,661.1
431,14352,2074747,846.9,660.4,839.0,580.5,842.95,620.45,0,1,846.9,660.4
431,14353,2074748,846.7,659.6,838.6,580.7,842.65,620.15,0,1,846.7,659.6
431,14354,2074749,846.5,659.0,837.8,580.8,842.15,619.9,0,1,846.5,659.0
431,14355,2074750,846.3,658.5,837.2,581.0,841.75,619.75,0,1,846.3,658.5
431,14356,2074751,846.1,658.2,836.6,581.0,841.35,619.6,0,1,846.1,658.2
431,14357,2074752,845.8,658.4,836.1,581.0,840.95,619.7,0,1,845.8,658.4
431,14358,2074753,845.6,658.6,835.8,580.9,840.7,619.75,0,1,845.6,658.6
431,14359,2074754,845.6,658.9,835.5,580.7,840.55,619.8,0,1,845.6,658.9
431,14360,2074755,845.8,659.4,835.1,580.6,840.45,620.0,0,1,845.8,659.4
431,14361,2074756,846.2,659.9,835.1,580.3,840.65,620.1,0,1,846.2,659.9
431,14362,2074757,846.5,660.3,835.0,579.9,840.75,620.1,0,1,846.5,660.3
431,14363,2074758,846.9,660.7,835.0,579.6,840.95,620.15,0,1,846.9,660.7
431,14364,2074759,847.3,660.7,834.8,579.3,841.05,620.0,0,1,847.3,660.7
431,14365,2074760,847.7,660.8,834.7,579.1,841.2,619.95,0,1,847.7,660.8
431,14366,2074761,847.9,661.0,834.5,578.8,841.2,619.9,0,1,847.9,661.0
432,14367,2074762,848.0,661.2,834.4,578.4,841.2,619.8,0,1,848.0,661.2
432,14368,2074763,847.9,661.5,834.3,578.2,841.1,619.85,0,1,847.9,661.5
432,14369,2074764,847.7,661.6,834.2,578.0,840.95,619.8,0,1,847.7,661.6
432,14370,2074765,847.5,661.7,834.3,577.8,840.9,619.75,0,1,847.5,661.7
432,14371,2074766,847.4,661.9,834.4,577.4,840.9,619.65,0,1,847.4,661.9
432,14372,2074767,847.3,661.8,834.5,577.1,840.9,619.45,0,1,847.3,661.8
432,14373,2074768,847.3,661.6,834.8,576.5,841.05,619.05,0,1,847.3,661.6
432,14374,2074769,847.3,661.3,835.1,575.8,841.2,618.55,0,1,847.3,661.3
432,14375,2074770,847.5,661.0,835.4,575.2,841.45,618.1,0,1,847.5,661.0
432,14376,2074771,847.7,660.8,835.7,574.5,841.7,617.65,0,1,847.7,660.8
432,14377,2074772,848.1,660.6,836.0,574.1,842.05,617.35,0,1,848.1,660.6
432,14378,2074773,848.4,660.3,836.1,574.0,842.25,617.15,0,1,848.4,660.3
432,14379,2074774,848.6,660.2,836.2,574.5,842.4,617.35,0,1,848.6,660.2
432,14380,2074775,848.9,660.4,836.0,575.4,842.45,617.9,0,1,848.9,660.4
432,14381,2074776,849.2,660.8,835.8,576.3,842.5,618.55,0,1,849.2,660.8
432,14382,2074777,849.4,661.3,835.6,577.1,842.5,619.2,0,1,849.4,661.3
432,14383,2074778,849.6,661.8,835.4,577.4,842.5,619.6,0,1,849.6,661.8
432,14384,2074779,849.9,662.3,835.2,577.6,842.55,619.95,0,1,849.9,662.3
432,14385,2074780,850.2,662.7,835.2,577.5,842.7,620.1,0,1,850.2,662.7
432,14386,2074781,850.4,662.8,835.3,576.8,842.85,619.8,0,1,850.4,662.8
432,14387,2074782,850.6,662.6,835.6,576.1,843.1,619.35,0,1,850.6,662.6
432,14388,2074783,850.8,662.4,836.0,575.5,843.4,618.95,0,1,850.8,662.4
432,14389,2074784,850.9,662.4,836.3,575.3,843.6,618.85,0,1,850.9,662.4
432,14390,2074785,851.2,662.2,836.5,575.5,843.85,618.85,0,1,851.2,662.2
432,14391,2074786,851.3,662.0,836.7,575.8,844.0,618.9,0,1,851.3,662.0
432,14392,2074787,851.4,661.9,836.7,576.0,844.05,618.95,0,1,851.4,661.9
432,14393,2074788,851.5,662.0,836.7,576.3,844.1,619.15,0,1,851.5,662.0
432,14394,2074789,851.7,662.1,836.6,576.5,844.15,619.3,0,1,851.7,662.1
432,14395,2074790,851.9,662.1,836.4,576.6,844.15,619.35,0,1,851.9,662.1
432,14396,2074791,852.0,661.9,836.2,576.5,844.1,619.2,0,1,852.0,661.9
432,14397,2074792,852.1,661.8,836.0,576.3,844.05,619.05,0,1,852.1,661.8
432,14398,2074793,851.6,661.7,835.8,576.1,843.7,618.9,0,1,851.6,661.7
432,14399,2074794,851.2,661.7,835.7,575.7,843.45,618.7,0,1,851.2,661.7
432,14400,2074795,850.8,661.6,835.6,575.4,843.2,618.5,0,1,850.8,661.6
433,14401,2074796,850.4,661.6,835.6,574.6,843.0,618.1,0,1,850.4,661.6
433,14402,2074797,850.0,661.4,835.7,573.8,842.85,617.6,0,1,850.0,661.4
433,14403,2074798,849.7,661.4,835.8,573.3,842.75,617.35,0,1,849.7,661.4
433,14404,2074799,849.3,661.2,835.8,573.0,842.55,617.1,0,1,849.3,661.2
433,14405,2074800,849.4,661.1,835.7,573.4,842.55,617.25,0,1,849.4,661.1
433,14406,2074801,849.4,661.0,835.3,573.9,842.35,617.45,0,1,849.4,661.0
433,14407,2074802,849.5,660.3,834.8,574.4,842.15,617.35,0,1,849.5,660.3
433,14408,2074803,849.4,659.6,834.2,575.3,841.8,617.45,0,1,849.4,659.6
433,14409,2074804,849.2,659.1,833.4,576.2,841.3,617.65,0,1,849.2,659.1
433,14410,2074805,849.0,658.8,832.8,577.0,840.9,617.9,0,1,849.0,658.8
433,14411,2074806,848.8,658.6,832.1,577.6,840.45,618.1,0,1,848.8,658.6
433,14412,2074807,848.9,658.5,831.8,577.5,840.35,618.0,0,1,848.9,658.5
433,14413,2074808,849.0,658.8,831.9,577.4,840.45,618.1,0,1,849.0,658.8
433,14414,2074809,849.2,659.7,832.2,577.8,840.7,618.75,0,1,849.2,659.7
433,14415,2074810,849.4,660.7,832.9,579.5,841.15,620.1,0,1,849.4,660.7
433,14416,2074811,850.3,661.8,834.7,581.1,842.5,621.45,0,1,850.3,661.8
433,14417,2074812,851.1,663.1,836.5,582.6,843.8,622.85,0,1,851.1,663.1
433,14418,2074813,851.9,664.2,838.5,583.9,845.2,624.05,0,1,851.9,664.2
433,14419,2074814,853.1,665.2,841.8,584.9,847.45,625.05,0,1,853.1,665.2
433,14420,2074815,855.5,665.6,847.5,584.9,851.5,625.25,0,1,855.5,665.6
433,14421,2074816,860.8,666.1,856.0,584.0,858.4,625.05,0,1,860.8,666.1
433,14422,2074817,869.3,664.9,866.9,581.0,868.1,622.95,0,1,869.3,664.9
433,14423,2074818,880.2,662.3,880.0,577.8,880.1,620.05,0,1,880.2,662.3
433,14424,2074819,893.7,659.1,895.7,574.6,894.7,616.85,0,1,893.7,659.1
433,14425,2074820,910.3,654.7,913.7,569.9,912.0,612.3,0,1,910.3,654.7
433,14426,2074821,928.8,649.5,932.4,564.3,930.6,606.9,0,1,928.8,649.5
433,14427,2074822,948.3,643.9,950.7,559.4,949.5,601.65,0,1,948.3,643.9
433,14428,2074823,967.6,636.5,968.1,554.4,967.85,595.45,0,1,967.6,636.5
433,14429,2074824,985.6,630.5,985.1,550.1,985.35,590.3,0,1,985.6,630.5
433,14430,2074825,1004.0,623.3,1001.3,545.7,1002.65,584.5,0,1,1004.0,623.3
433,14431,2074826,1022.1,615.6,1016.2,541.2,1019.15,578.4,0,1,1022.1,615.6
433,14432,2074827,1038.8,609.3,1029.5,538.3,1034.15,573.8,0,1,1038.8,609.3
433,14433,2074828,1053.6,601.9,1041.5,536.5,1047.55,569.2,0,1,1053.6,601.9
434,14434,2074829,1067.4,595.0,1053.6,534.9,1060.5,564.95,0,1,1067.4,595.0
434,14435,2074830,1079.8,589.1,1064.6,533.1,1072.2,561.1,0,1,1079.8,589.1
434,14436,2074831,1093.4,583.4,1075.5,531.3,1084.45,557.35,0,1,1093.4,583.4
434,14437,2074832,1105.7,580.1,1085.5,529.6,1095.6,554.85,0,1,1105.7,580.1
434,14438,2074833,1116.7,576.9,1095.6,528.2,1106.15,552.55,0,1,1116.7,576.9
434,14439,2074834,1126.9,573.6,1106.6,526.3,1116.75,549.95,0,1,1126.9,573.6
434,14440,2074835,1137.8,572.6,1118.6,524.6,1128.2,548.6,0,1,1137.8,572.6
434,14441,2074836,1149.4,568.9,1128.7,522.2,1139.05,545.55,0,1,1149.4,568.9
434,14442,2074837,1162.5,566.1,1140.3,520.5,1151.4,543.3,0,1,1162.5,566.1
434,14443,2074838,1175.0,563.7,1152.6,519.4,1163.8,541.55,0,1,1175.0,563.7
434,14444,2074839,1186.5,561.2,1164.3,518.2,1175.4,539.7,0,1,1186.5,561.2
434,14445,2074840,1198.3,559.4,1176.3,516.3,1187.3,537.85,0,1,1198.3,559.4
434,14446,2074841,1209.9,557.7,1187.4,515.0,1198.65,536.35,0,1,1209.9,557.7
434,14447,2074842,1220.7,555.6,1198.8,513.7,1209.75,534.65,0,1,1220.7,555.6
434,14448,2074843,1229.9,556.3,1211.0,513.2,1220.45,534.75,0,1,1229.9,556.3
434,14449,2074844,1236.7,556.7,1220.7,512.6,1228.7,534.65,0,1,1236.7,556.7
434,14450,2074845,1241.8,555.8,1228.7,511.9,1235.25,533.85,0,1,1241.8,555.8
434,14451,2074846,1246.4,555.0,1236.1,511.2,1241.25,533.1,0,1,1246.4,555.0
434,14452,2074847,1250.0,554.2,1243.1,510.4,1246.55,532.3,0,1,1250.0,554.2
434,14453,2074848,1252.5,553.4,1249.1,509.6,1250.8,531.5,0,1,1252.5,553.4
434,14454,2074849,1254.8,552.9,1253.0,508.6,1253.9,530.75,0,1,1254.8,552.9
434,14455,2074850,1256.4,552.3,1255.7,507.3,1256.05,529.8,0,1,1256.4,552.3
434,14456,2074851,1257.9,551.6,1258.2,505.9,1258.05,528.75,0,1,1257.9,551.6
434,14457,2074852,1258.2,551.7,1259.4,503.7,1258.8,527.7,0,1,1258.2,551.7
434,14458,2074853,1257.8,551.7,1260.7,501.2,1259.25,526.45,0,1,1257.8,551.7
434,14459,2074854,1257.4,551.6,1260.4,499.5,1258.9,525.55,0,1,1257.4,551.6
434,14460,2074855,1256.3,551.2,1260.1,498.1,1258.2,524.65,0,1,1256.3,551.2
434,14461,2074856,1255.1,550.8,1259.6,496.9,1257.35,523.85,0,1,1255.1,550.8
434,14462,2074857,1253.8,550.3,1259.1,496.8,1256.45,523.55,0,1,1253.8,550.3
434,14463,2074858,1252.3,549.6,1258.8,496.9,1255.55,523.25,0,1,1252.3,549.6
434,14464,2074859,1251.0,549.1,1258.4,497.8,1254.7,523.45,0,1,1251.0,549.1
434,14465,2074860,1249.5,548.5,1257.6,499.0,1253.55,523.75,0,1,1249.5,548.5
434,14466,2074861,1247.7,547.9,1256.8,500.2,1252.25,524.05,0,1,1247.7,547.9
435,14467,2074862,1246.5,547.3,1255.4,501.1,1250.95,524.2,0,1,1246.5,547.3
435,14468,2074863,1245.4,546.7,1254.2,501.8,1249.8,524.25,0,1,1245.4,546.7
435,14469,2074864,1244.4,546.3,1253.1,501.8,1248.75,524.05,0,1,1244.4,546.3
435,14470,2074865,1243.7,546.4,1251.7,501.9,1247.7,524.15,0,1,1243.7,546.4
435,14471,2074866,1243.1,546.4,1249.9,502.7,1246.5,524.55,0,1,1243.1,546.4
435,14472,2074867,1242.5,546.5,1248.5,503.5,1245.5,525.0,0,1,1242.5,546.5
435,14473,2074868,1242.5,546.8,1247.1,504.7,1244.8,525.75,0,1,1242.5,546.8
435,14474,2074869,1242.5,547.2,1246.3,505.9,1244.4,526.55,0,1,1242.5,547.2
435,14475,2074870,1242.5,547.5,1245.6,507.2,1244.05,527.35,0,1,1242.5,547.5
435,14476,2074871,1242.4,547.7,1244.7,509.3,1243.55,528.5,0,1,1242.4,547.7
435,14477,2074872,1242.4,547.8,1244.2,511.2,1243.3,529.5,0,1,1242.4,547.8
435,14478,2074873,1242.9,548.0,1244.0,512.5,1243.45,530.25,0,1,1242.9,548.0
435,14479,2074874,1243.4,548.0,1243.5,513.6,1243.45,530.8,0,1,1243.4,548.0
435,14480,2074875,1244.1,548.0,1242.6,514.3,1243.35,531.15,0,1,1244.1,548.0
435,14481,2074876,1244.7,548.1,1241.7,515.0,1243.2,531.55,0,1,1244.7,548.1
435,14482,2074877,1245.4,548.1,1240.9,515.6,1243.15,531.85,0,1,1245.4,548.1
435,14483,2074878,1246.5,548.3,1240.1,515.4,1243.3,531.85,0,1,1246.5,548.3
435,14484,2074879,1247.5,548.4,1239.2,515.2,1243.35,531.8,0,1,1247.5,548.4
435,14485,2074880,1248.0,548.5,1238.0,515.1,1243.0,531.8,0,1,1248.0,548.5
435,14486,2074881,1248.4,548.5,1237.1,515.3,1242.75,531.9,0,1,1248.4,548.5
435,14487,2074882,1248.8,548.6,1236.5,515.9,1242.65,532.25,0,1,1248.8,548.6
435,14488,2074883,1249.1,548.7,1235.7,516.5,1242.4,532.6,0,1,1249.1,548.7
435,14489,2074884,1249.3,548.7,1234.9,517.1,1242.1,532.9,0,1,1249.3,548.7
435,14490,2074885,1249.3,548.7,1234.1,517.7,1241.7,533.2,0,1,1249.3,548.7
435,14491,2074886,1249.1,548.5,1233.3,518.2,1241.2,533.35,0,1,1249.1,548.5
435,14492,2074887,1248.8,548.3,1232.7,518.5,1240.75,533.4,0,1,1248.8,548.3
435,14493,2074888,1248.5,548.2,1232.0,518.6,1240.25,533.4,0,1,1248.5,548.2
435,14494,2074889,1248.1,548.2,1231.2,518.5,1239.65,533.35,0,1,1248.1,548.2
435,14495,2074890,1247.7,548.2,1230.5,518.4,1239.1,533.3,0,1,1247.7,548.2
435,14496,2074891,1247.2,548.3,1229.8,518.6,1238.5,533.45,0,1,1247.2,548.3
435,14497,2074892,1246.9,548.4,1229.0,518.8,1237.95,533.6,0,1,1246.9,548.4
435,14498,2074893,1246.9,548.6,1228.4,519.1,1237.65,533.85,0,1,1246.9,548.6
435,14499,2074894,1246.9,549.1,1227.8,519.3,1237.35,534.2,0,1,1246.9,549.1
435,14500,2074895,1247.1,549.5,1227.2,519.5,1237.15,534.5,0,1,1247.1,549.5
436,14501,2074896,1247.3,549.9,1226.9,519.5,1237.1,534.7,0,1,1247.3,549.9
436,14502,2074897,1247.2,550.3,1226.6,519.2,1236.9,534.75,0,1,1247.2,550.3
436,14503,2074898,1247.2,550.6,1226.2,518.7,1236.7,534.65,0,1,1247.2,550.6
436,14504,2074899,1247.1,551.3,1225.8,518.1,1236.45,534.7,0,1,1247.1,551.3
436,14505,2074900,1247.1,552.2,1225.5,517.5,1236.3,534.85,0,1,1247.1,552.2
436,14506,2074901,1247.0,552.8,1225.2,516.8,1236.1,534.8,0,1,1247.0,552.8
436,14507,2074902,1246.9,553.5,1224.9,516.2,1235.9,534.85,0,1,1246.9,553.5
436,14508,2074903,1246.8,554.4,1224.6,515.7,1235.7,535.05,0,1,1246.8,554.4
436,14509,2074904,1247.0,555.3,1224.4,515.3,1235.7,535.3,0,1,1247.0,555.3
436,14510,2074905,1247.1,556.1,1224.4,514.9,1235.75,535.5,0,1,1247.1,556.1
436,14511,2074906,1247.2,556.6,1224.4,514.5,1235.8,535.55,0,1,1247.2,556.6
436,14512,2074907,1246.7,556.8,1224.4,514.2,1235.55,535.5,0,1,1246.7,556.8
436,14513,2074908,1246.3,557.0,1224.5,513.9,1235.4,535.45,0,1,1246.3,557.0
436,14514,2074909,1245.8,557.3,1224.6,513.6,1235.2,535.45,0,1,1245.8,557.3
436,14515,2074910,1245.4,557.3,1224.5,513.6,1234.95,535.45,0,1,1245.4,557.3
436,14516,2074911,1245.1,557.3,1224.4,513.6,1234.75,535.45,0,1,1245.1,557.3
436,14517,2074912,1245.1,557.1,1224.2,513.6,1234.65,535.35,0,1,1245.1,557.1
436,14518,2074913,1245.2,557.0,1224.0,513.6,1234.6,535.3,0,1,1245.2,557.0
436,14519,2074914,1245.5,556.9,1223.8,513.5,1234.65,535.2,0,1,1245.5,556.9
436,14520,2074915,1245.9,556.6,1223.8,513.3,1234.85,534.95,0,1,1245.9,556.6
436,14521,2074916,1246.1,556.4,1223.8,513.0,1234.95,534.7,0,1,1246.1,556.4
436,14522,2074917,1246.3,556.2,1223.9,512.7,1235.1,534.45,0,1,1246.3,556.2
436,14523,2074918,1246.4,556.3,1224.1,512.4,1235.25,534.35,0,1,1246.4,556.3
436,14524,2074919,1246.2,556.7,1224.3,512.0,1235.25,534.35,0,1,1246.2,556.7
436,14525,2074920,1246.0,557.1,1224.5,511.7,1235.25,534.4,0,1,1246.0,557.1
436,14526,2074921,1245.7,557.4,1224.6,511.4,1235.15,534.4,0,1,1245.7,557.4
436,14527,2074922,1245.4,557.8,1224.6,511.2,1235.0,534.5,0,1,1245.4,557.8
436,14528,2074923,1245.2,559.4,1224.5,511.1,1234.85,535.25,0,1,1245.2,559.4
436,14529,2074924,1245.2,560.8,1224.3,511.0,1234.75,535.9,0,1,1245.2,560.8
436,14530,2074925,1245.1,562.1,1224.2,510.8,1234.65,536.45,0,1,1245.1,562.1
436,14531,2074926,1245.3,563.2,1224.1,510.6,1234.7,536.9,0,1,1245.3,563.2
436,14532,2074927,1245.6,564.3,1223.9,510.3,1234.75,537.3,0,1,1245.6,564.3
436,14533,2074928,1245.9,565.4,1223.8,509.9,1234.85,537.65,0,1,1245.9,565.4
437,14534,2074929,1246.3,566.5,1223.6,509.5,1234.95,538.0,0,1,1246.3,566.5
437,14535,2074930,1246.7,566.5,1223.6,509.2,1235.15,537.85,0,1,1246.7,566.5
437,14536,2074931,1247.1,566.5,1223.7,509.1,1235.4,537.8,0,1,1247.1,566.5
437,14537,2074932,1247.3,566.6,1223.7,509.1,1235.5,537.85,0,1,1247.3,566.6
437,14538,2074933,1247.4,566.8,1223.5,509.1,1235.45,537.95,0,1,1247.4,566.8
437,14539,2074934,1247.4,567.1,1223.3,509.3,1235.35,538.2,0,1,1247.4,567.1
437,14540,2074935,1247.4,567.5,1223.1,509.4,1235.25,538.45,0,1,1247.4,567.5
437,14541,2074936,1247.3,568.0,1222.7,509.4,1235.0,538.7,0,1,1247.3,568.0
437,14542,2074937,1247.2,568.6,1222.3,509.4,1234.75,539.0,0,1,1247.2,568.6
437,14543,2074938,1247.2,569.2,1222.0,509.2,1234.6,539.2,0,1,1247.2,569.2
437,14544,2074939,1246.9,570.2,1221.7,508.9,1234.3,539.55,0,1,1246.9,570.2
437,14545,2074940,1246.6,571.3,1221.4,509.2,1234.0,540.25,0,1,1246.6,571.3
437,14546,2074941,1246.3,572.4,1221.3,509.4,1233.8,540.9,0,1,1246.3,572.4
437,14547,2074942,1246.0,573.4,1221.1,510.1,1233.55,541.75,0,1,1246.0,573.4
437,14548,2074943,1245.7,574.0,1221.0,510.7,1233.35,542.35,0,1,1245.7,574.0
437,14549,2074944,1245.4,574.5,1220.9,511.4,1233.15,542.95,0,1,1245.4,574.5
437,14550,2074945,1245.0,575.0,1220.8,512.0,1232.9,543.5,0,1,1245.0,575.0
437,14551,2074946,1244.9,575.1,1220.7,512.5,1232.8,543.8,0,1,1244.9,575.1
437,14552,2074947,1244.8,574.9,1220.7,512.1,1232.75,543.5,0,1,1244.8,574.9
437,14553,2074948,1244.9,574.7,1220.7,511.7,1232.8,543.2,0,1,1244.9,574.7
437,14554,2074949,1244.9,574.6,1220.7,511.1,1232.8,542.85,0,1,1244.9,574.6
437,14555,2074950,1245.0,574.6,1220.8,510.5,1232.9,542.55,0,1,1245.0,574.6
437,14556,2074951,1245.6,574.8,1220.9,509.8,1233.25,542.3,0,1,1245.6,574.8
437,14557,2074952,1246.2,575.1,1221.0,509.2,1233.6,542.15,0,1,1246.2,575.1
437,14558,2074953,1246.8,575.6,1221.2,508.6,1234.0,542.1,0,1,1246.8,575.6
437,14559,2074954,1247.4,576.0,1221.3,508.2,1234.35,542.1,0,1,1247.4,576.0
437,14560,2074955,1247.9,576.3,1221.4,507.5,1234.65,541.9,0,1,1247.9,576.3
437,14561,2074956,1248.3,576.6,1221.6,506.8,1234.95,541.7,0,1,1248.3,576.6
437,14562,2074957,1248.8,576.9,1221.7,506.1,1235.25,541.5,0,1,1248.8,576.9
437,14563,2074958,1248.8,577.4,1221.9,505.2,1235.35,541.3,0,1,1248.8,577.4
437,14564,2074959,1248.8,577.8,1222.0,504.4,1235.4,541.1,0,1,1248.8,577.8
437,14565,2074960,1248.8,578.0,1222.1,503.3,1235.45,540.65,0,1,1248.8,578.0
437,14566,2074961,1249.0,578.2,1222.3,502.3,1235.65,540.25,0,1,1249.0,578.2
438,14567,2074962,1249.1,578.3,1222.5,501.5,1235.8,539.9,0,1,1249.1,578.3
438,14568,2074963,1249.3,578.4,1222.9,500.7,1236.1,539.55,0,1,1249.3,578.4
438,14569,2074964,1249.5,578.5,1223.2,499.9,1236.35,539.2,0,1,1249.5,578.5
438,14570,2074965,1249.7,578.5,1223.5,499.4,1236.6,538.95,0,1,1249.7,578.5
438,14571,2074966,1249.8,578.6,1223.6,499.0,1236.7,538.8,0,1,1249.8,578.6
438,14572,2074967,1250.0,579.5,1223.7,498.8,1236.85,539.15,0,1,1250.0,579.5
438,14573,2074968,1250.0,580.3,1223.7,498.7,1236.85,539.5,0,1,1250.0,580.3
438,14574,2074969,1249.7,580.8,1223.5,498.6,1236.6,539.7,0,1,1249.7,580.8
438,14575,2074970,1249.4,581.3,1223.2,498.3,1236.3,539.8,0,1,1249.4,581.3
438,14576,2074971,1249.1,581.8,1222.9,498.0,1236.0,539.9,0,1,1249.1,581.8
438,14577,2074972,1248.3,582.1,1222.6,497.6,1235.45,539.85,0,1,1248.3,582.1
438,14578,2074973,1247.6,582.3,1222.3,497.2,1234.95,539.75,0,1,1247.6,582.3
438,14579,2074974,1246.9,583.5,1222.0,496.7,1234.45,540.1,0,1,1246.9,583.5
438,14580,2074975,1246.1,584.9,1221.4,496.3,1233.75,540.6,0,1,1246.1,584.9
438,14581,2074976,1245.6,586.5,1221.0,496.0,1233.3,541.25,0,1,1245.6,586.5
438,14582,2074977,1244.3,588.1,1220.6,495.9,1232.45,542.0,0,1,1244.3,588.1
438,14583,2074978,1243.1,589.7,1220.0,495.7,1231.55,542.7,0,1,1243.1,589.7
438,14584,2074979,1242.1,591.4,1219.4,495.3,1230.75,543.35,0,1,1242.1,591.4
438,14585,2074980,1241.1,593.0,1218.9,494.8,1230.0,543.9,0,1,1241.1,593.0
438,14586,2074981,1240.2,593.1,1218.4,494.2,1229.3,543.65,0,1,1240.2,593.1
438,14587,2074982,1239.3,593.2,1218.1,493.7,1228.7,543.45,0,1,1239.3,593.2
438,14588,2074983,1238.4,593.2,1217.6,493.1,1228.0,543.15,0,1,1238.4,593.2
438,14589,2074984,1238.3,593.2,1217.2,492.7,1227.75,542.95,0,1,1238.3,593.2
438,14590,2074985,1238.2,593.2,1216.8,492.5,1227.5,542.85,0,1,1238.2,593.2
438,14591,2074986,1238.2,593.2,1216.5,493.1,1227.35,543.15,0,1,1238.2,593.2
438,14592,2074987,1238.0,593.1,1216.3,493.8,1227.15,543.45,0,1,1238.0,593.1
438,14593,2074988,1237.8,592.9,1216.3,494.4,1227.05,543.65,0,1,1237.8,592.9
438,14594,2074989,1237.6,592.6,1216.2,495.2,1226.9,543.9,0,1,1237.6,592.6
438,14595,2074990,1237.3,592.5,1216.2,495.9,1226.75,544.2,0,1,1237.3,592.5
438,14596,2074991,1237.0,592.5,1216.2,496.6,1226.6,544.55,0,1,1237.0,592.5
438,14597,2074992,1236.4,592.5,1216.4,497.1,1226.4,544.8,0,1,1236.4,592.5
438,14598,2074993,1235.8,592.7,1216.5,497.3,1226.15,545.0,0,1,1235.8,592.7
438,14599,2074994,1235.5,592.9,1216.7,497.6,1226.1,545.25,0,1,1235.5,592.9
438,14600,2074995,1235.1,593.4,1216.8,498.0,1225.95,545.7,0,1,1235.1,593.4
439,14601,2074996,1234.8,593.9,1216.9,498.2,1225.85,546.05,0,1,1234.8,593.9
439,14602,2074997,1234.5,594.4,1217.1,498.5,1225.8,546.45,0,1,1234.5,594.4
439,14603,2074998,1234.2,594.9,1217.2,498.7,1225.7,546.8,0,1,1234.2,594.9
439,14604,2074999,1234.2,595.3,1217.3,498.4,1225.75,546.85,0,1,1234.2,595.3
439,14605,2075000,1234.2,595.5,1217.2,498.0,1225.7,546.75,0,1,1234.2,595.5
439,14606,2075001,1234.0,595.7,1216.9,497.5,1225.45,546.6,0,1,1234.0,595.7
439,14607,2075002,1233.8,595.6,1216.6,497.3,1225.2,546.45,0,1,1233.8,595.6
439,14608,2075003,1233.7,595.4,1216.3,497.2,1225.0,546.3,0,1,1233.7,595.4
439,14609,2075004,1233.5,595.2,1215.9,497.2,1224.7,546.2,0,1,1233.5,595.2
439,14610,2075005,1233.3,594.9,1215.5,497.2,1224.4,546.05,0,1,1233.3,594.9
439,14611,2075006,1233.0,594.6,1215.2,497.6,1224.1,546.1,0,1,1233.0,594.6
439,14612,2075007,1232.9,594.3,1214.9,498.2,1223.9,546.25,0,1,1232.9,594.3
439,14613,2075008,1232.8,593.9,1214.8,498.8,1223.8,546.35,0,1,1232.8,593.9
439,14614,2075009,1232.7,593.5,1214.9,498.8,1223.8,546.15,0,1,1232.7,593.5
439,14615,2075010,1232.7,593.8,1215.0,498.9,1223.85,546.35,0,1,1232.7,593.8
439,14616,2075011,1232.9,594.2,1215.1,498.9,1224.0,546.55,0,1,1232.9,594.2
439,14617,2075012,1233.2,594.6,1215.2,498.8,1224.2,546.7,0,1,1233.2,594.6
439,14618,2075013,1233.4,595.3,1215.4,498.7,1224.4,547.0,0,1,1233.4,595.3
439,14619,2075014,1233.7,596.0,1215.6,498.1,1224.65,547.05,0,1,1233.7,596.0
439,14620,2075015,1234.0,596.8,1215.8,497.6,1224.9,547.2,0,1,1234.0,596.8
439,14621,2075016,1234.3,597.6,1216.0,497.1,1225.15,547.35,0,1,1234.3,597.6
439,14622,2075017,1234.5,597.8,1216.0,496.6,1225.25,547.2,0,1,1234.5,597.8
439,14623,2075018,1234.4,597.8,1215.9,495.9,1225.15,546.85,0,1,1234.4,597.8
439,14624,2075019,1234.3,597.7,1215.8,495.3,1225.05,546.5,0,1,1234.3,597.7
439,14625,2075020,1234.4,597.4,1215.5,494.7,1224.95,546.05,0,1,1234.4,597.4
439,14626,2075021,1234.6,596.9,1215.2,494.8,1224.9,545.85,0,1,1234.6,596.9
439,14627,2075022,1234.9,596.3,1214.7,494.8,1224.8,545.55,0,1,1234.9,596.3
439,14628,2075023,1235.2,595.7,1214.4,495.0,1224.8,545.35,0,1,1235.2,595.7
439,14629,2075024,1235.7,595.7,1214.0,495.3,1224.85,545.5,0,1,1235.7,595.7
439,14630,2075025,1236.5,595.9,1213.8,495.8,1225.15,545.85,0,1,1236.5,595.9
439,14631,2075026,1237.3,596.2,1213.7,496.3,1225.5,546.25,0,1,1237.3,596.2
439,14632,2075027,1238.0,596.3,1213.6,496.7,1225.8,546.5,0,1,1238.0,596.3
439,14633,2075028,1238.6,596.6,1213.4,496.8,1226.0,546.7,0,1,1238.6,596.6
440,14634,2075029,1239.1,596.9,1213.4,496.9,1226.25,546.9,0,1,1239.1,596.9
440,14635,2075030,1239.6,597.1,1213.5,496.9,1226.55,547.0,0,1,1239.6,597.1
440,14636,2075031,1239.9,596.6,1213.5,496.8,1226.7,546.7,0,1,1239.9,596.6
440,14637,2075032,1240.2,596.2,1213.4,496.9,1226.8,546.55,0,1,1240.2,596.2
440,14638,2075033,1240.4,595.7,1213.3,497.0,1226.85,546.35,0,1,1240.4,595.7
440,14639,2075034,1240.6,595.7,1213.2,497.1,1226.9,546.4,0,1,1240.6,595.7
440,14640,2075035,1240.8,595.8,1213.1,496.9,1226.95,546.35,0,1,1240.8,595.8
440,14641,2075036,1240.9,596.0,1212.9,496.8,1226.9,546.4,0,1,1240.9,596.0
440,14642,2075037,1241.1,596.1,1212.6,496.8,1226.85,546.45,0,1,1241.1,596.1
440,14643,2075038,1240.7,596.2,1212.3,496.6,1226.5,546.4,0,1,1240.7,596.2
440,14644,2075039,1240.2,596.3,1212.1,496.4,1226.15,546.35,0,1,1240.2,596.3
440,14645,2075040,1239.7,596.4,1211.8,496.2,1225.75,546.3,0,1,1239.7,596.4
440,14646,2075041,1239.2,596.3,1211.5,496.0,1225.35,546.15,0,1,1239.2,596.3
440,14647,2075042,1238.7,596.3,1211.3,496.0,1225.0,546.15,0,1,1238.7,596.3
440,14648,2075043,1238.1,596.3,1211.2,496.1,1224.65,546.2,0,1,1238.1,596.3
440,14649,2075044,1237.6,596.2,1211.3,496.3,1224.45,546.25,0,1,1237.6,596.2
440,14650,2075045,1237.5,596.3,1211.5,496.6,1224.5,546.45,0,1,1237.5,596.3
440,14651,2075046,1237.3,596.3,1211.7,496.9,1224.5,546.6,0,1,1237.3,596.3
440,14652,2075047,1236.9,596.4,1212.0,497.4,1224.45,546.9,0,1,1236.9,596.4
440,14653,2075048,1236.6,596.3,1212.3,498.0,1224.45,547.15,0,1,1236.6,596.3
440,14654,2075049,1236.1,596.4,1212.8,498.6,1224.45,547.5,0,1,1236.1,596.4
440,14655,2075050,1235.4,596.6,1213.3,499.4,1224.35,548.0,0,1,1235.4,596.6
440,14656,2075051,1234.4,597.3,1213.6,499.9,1224.0,548.6,0,1,1234.4,597.3
440,14657,2075052,1233.4,598.0,1213.9,500.5,1223.65,549.25,0,1,1233.4,598.0
440,14658,2075053,1232.6,598.7,1214.2,501.1,1223.4,549.9,0,1,1232.6,598.7
440,14659,2075054,1231.8,599.4,1214.6,501.6,1223.2,550.5,0,1,1231.8,599.4
440,14660,2075055,1231.1,600.0,1215.0,501.9,1223.05,550.95,0,1,1231.1,600.0
440,14661,2075056,1230.7,600.4,1215.2,502.2,1222.95,551.3,0,1,1230.7,600.4
440,14662,2075057,1230.4,600.3,1215.4,502.4,1222.9,551.35,0,1,1230.4,600.3
440,14663,2075058,1230.5,599.7,1215.5,502.7,1223.0,551.2,0,1,1230.5,599.7
440,14664,2075059,1230.6,599.2,1215.7,502.9,1223.15,551.05,0,1,1230.6,599.2
440,14665,2075060,1230.6,598.6,1215.8,503.1,1223.2,550.85,0,1,1230.6,598.6
440,14666,2075061,1230.0,598.1,1215.8,503.2,1222.9,550.65,0,1,1230.0,598.1
441,14667,2075062,1229.4,597.7,1215.8,503.4,1222.6,550.55,0,1,1229.4,597.7
441,14668,2075063,1228.8,597.4,1215.7,503.5,1222.25,550.45,0,1,1228.8,597.4
441,14669,2075064,1228.1,597.7,1215.5,504.5,1221.8,551.1,0,1,1228.1,597.7
441,14670,2075065,1227.4,598.6,1215.4,505.5,1221.4,552.05,0,1,1227.4,598.6
441,14671,2075066,1226.8,599.4,1215.3,506.4,1221.05,552.9,0,1,1226.8,599.4
441,14672,2075067,1226.4,600.2,1215.0,507.5,1220.7,553.85,0,1,1226.4,600.2
441,14673,2075068,1226.5,600.9,1214.8,508.6,1220.65,554.75,0,1,1226.5,600.9
441,14674,2075069,1226.7,601.4,1214.6,510.0,1220.65,555.7,0,1,1226.7,601.4
441,14675,2075070,1227.0,601.8,1214.3,511.3,1220.65,556.55,0,1,1227.0,601.8
441,14676,2075071,1227.2,602.0,1214.1,511.6,1220.65,556.8,0,1,1227.2,602.0
441,14677,2075072,1226.9,601.6,1213.9,512.1,1220.4,556.85,0,1,1226.9,601.6
441,14678,2075073,1226.5,601.3,1213.6,512.7,1220.05,557.0,0,1,1226.5,601.3
441,14679,2075074,1225.9,601.0,1213.3,514.0,1219.6,557.5,0,1,1225.9,601.0
441,14680,2075075,1225.1,600.7,1213.1,515.3,1219.1,558.0,0,1,1225.1,600.7
441,14681,2075076,1224.4,600.5,1212.8,516.4,1218.6,558.45,0,1,1224.4,600.5
441,14682,2075077,1223.7,600.3,1212.6,517.6,1218.15,558.95,0,1,1223.7,600.3
441,14683,2075078,1223.1,600.2,1212.4,518.9,1217.75,559.55,0,1,1223.1,600.2
441,14684,2075079,1223.1,600.1,1212.2,520.0,1217.65,560.05,0,1,1223.1,600.1
441,14685,2075080,1223.0,600.1,1212.1,520.9,1217.55,560.5,0,1,1223.0,600.1
441,14686,2075081,1223.1,600.1,1212.2,521.2,1217.65,560.65,0,1,1223.1,600.1
441,14687,2075082,1223.3,600.1,1212.3,521.5,1217.8,560.8,0,1,1223.3,600.1
441,14688,2075083,1223.6,600.1,1212.3,521.6,1217.95,560.85,0,1,1223.6,600.1
441,14689,2075084,1223.9,599.8,1212.4,521.8,1218.15,560.8,0,1,1223.9,599.8
441,14690,2075085,1224.2,599.4,1212.2,521.9,1218.2,560.65,0,1,1224.2,599.4
441,14691,2075086,1224.4,598.8,1211.6,522.0,1218.0,560.4,0,1,1224.4,598.8
441,14692,2075087,1224.7,598.3,1211.0,522.2,1217.85,560.25,0,1,1224.7,598.3
441,14693,2075088,1224.9,597.9,1210.4,522.3,1217.65,560.1,0,1,1224.9,597.9
441,14694,2075089,1224.8,598.0,1209.5,522.3,1217.15,560.15,0,1,1224.8,598.0
441,14695,2075090,1224.8,598.2,1208.8,522.4,1216.8,560.3,0,1,1224.8,598.2
441,14696,2075091,1224.8,598.7,1208.2,522.5,1216.5,560.6,0,1,1224.8,598.7
441,14697,2075092,1225.2,599.2,1207.8,522.5,1216.5,560.85,0,1,1225.2,599.2
441,14698,2075093,1225.5,600.0,1207.8,522.5,1216.65,561.25,0,1,1225.5,600.0
441,14699,2075094,1225.9,600.5,1207.8,522.4,1216.85,561.45,0,1,1225.9,600.5
441,14700,2075095,1226.4,600.8,1207.8,522.4,1217.1,561.6,0,1,1226.4,600.8
442,14701,2075096,1227.0,600.8,1207.5,522.5,1217.25,561.65,0,1,1227.0,600.8
442,14702,2075097,1227.6,600.7,1207.0,522.6,1217.3,561.65,0,1,1227.6,600.7
442,14703,2075098,1228.0,600.6,1206.4,522.7,1217.2,561.65,0,1,1228.0,600.6
442,14704,2075099,1228.2,600.6,1205.8,522.8,1217.0,561.7,0,1,1228.2,600.6
442,14705,2075100,1228.4,600.7,1205.2,522.6,1216.8,561.65,0,1,1228.4,600.7
442,14706,2075101,1228.9,600.9,1204.6,522.5,1216.75,561.7,0,1,1228.9,600.9
442,14707,2075102,1229.4,601.2,1204.0,522.3,1216.7,561.75,0,1,1229.4,601.2
442,14708,2075103,1229.8,601.4,1203.8,522.2,1216.8,561.8,0,1,1229.8,601.4
442,14709,2075104,1230.2,601.6,1203.7,522.2,1216.95,561.9,0,1,1230.2,601.6
442,14710,2075105,1230.7,601.7,1203.1,522.2,1216.9,561.95,0,1,1230.7,601.7
442,14711,2075106,1231.0,601.8,1202.6,522.1,1216.8,561.95,0,1,1231.0,601.8
442,14712,2075107,1231.2,601.3,1202.0,522.2,1216.6,561.75,0,1,1231.2,601.3
442,14713,2075108,1231.2,600.6,1201.5,522.4,1216.35,561.5,0,1,1231.2,600.6
442,14714,2075109,1231.0,599.9,1200.9,522.5,1215.95,561.2,0,1,1231.0,599.9
442,14715,2075110,1230.8,598.9,1200.3,522.5,1215.55,560.7,0,1,1230.8,598.9
442,14716,2075111,1230.6,598.0,1199.7,522.4,1215.15,560.2,0,1,1230.6,598.0
442,14717,2075112,1230.7,597.1,1199.4,522.2,1215.05,559.65,0,1,1230.7,597.1
442,14718,2075113,1230.8,596.5,1199.1,522.3,1214.95,559.4,0,1,1230.8,596.5
442,14719,2075114,1231.1,596.6,1198.8,522.5,1214.95,559.55,0,1,1231.1,596.6
442,14720,2075115,1231.3,596.7,1198.7,522.7,1215.0,559.7,0,1,1231.3,596.7
442,14721,2075116,1231.7,596.7,1198.7,522.9,1215.2,559.8,0,1,1231.7,596.7
442,14722,2075117,1232.1,596.8,1198.6,523.2,1215.35,560.0,0,1,1232.1,596.8
442,14723,2075118,1232.5,596.9,1198.7,523.6,1215.6,560.25,0,1,1232.5,596.9
442,14724,2075119,1232.6,596.7,1199.0,523.9,1215.8,560.3,0,1,1232.6,596.7
442,14725,2075120,1232.6,596.2,1199.2,524.2,1215.9,560.2,0,1,1232.6,596.2
442,14726,2075121,1232.5,595.5,1199.3,524.5,1215.9,560.0,0,1,1232.5,595.5
442,14727,2075122,1232.4,595.0,1199.3,524.8,1215.85,559.9,0,1,1232.4,595.0
442,14728,2075123,1232.2,594.7,1199.4,525.1,1215.8,559.9,0,1,1232.2,594.7
442,14729,2075124,1232.0,594.4,1199.6,525.4,1215.8,559.9,0,1,1232.0,594.4
442,14730,2075125,1231.9,594.4,1199.7,525.7,1215.8,560.05,0,1,1231.9,594.4
442,14731,2075126,1231.7,594.7,1199.9,526.0,1215.8,560.35,0,1,1231.7,594.7
442,14732,2075127,1231.6,595.1,1200.2,526.2,1215.9,560.65,0,1,1231.6,595.1
442,14733,2075128,1231.3,595.4,1200.5,526.4,1215.9,560.9,0,1,1231.3,595.4
443,14734,2075129,1230.9,595.6,1200.1,526.6,1215.5,561.1,0,1,1230.9,595.6
443,14735,2075130,1230.6,595.8,1199.6,526.8,1215.1,561.3,0,1,1230.6,595.8
443,14736,2075131,1230.3,596.0,1199.1,527.0,1214.7,561.5,0,1,1230.3,596.0
443,14737,2075132,1230.0,596.0,1198.5,527.4,1214.25,561.7,0,1,1230.0,596.0
443,14738,2075133,1229.6,595.9,1197.8,527.9,1213.7,561.9,0,1,1229.6,595.9
443,14739,2075134,1229.2,595.7,1197.2,528.3,1213.2,562.0,0,1,1229.2,595.7
443,14740,2075135,1229.0,596.0,1196.7,528.5,1212.85,562.25,0,1,1229.0,596.0
443,14741,2075136,1228.8,596.5,1196.9,528.9,1212.85,562.7,0,1,1228.8,596.5
443,14742,2075137,1228.7,597.0,1197.0,529.5,1212.85,563.25,0,1,1228.7,597.0
443,14743,2075138,1228.5,597.5,1197.4,530.0,1212.95,563.75,0,1,1228.5,597.5
443,14744,2075139,1228.4,598.0,1197.9,530.4,1213.15,564.2,0,1,1228.4,598.0
443,14745,2075140,1228.1,598.1,1198.4,530.7,1213.25,564.4,0,1,1228.1,598.1
443,14746,2075141,1227.8,598.4,1198.9,531.1,1213.35,564.75,0,1,1227.8,598.4
443,14747,2075142,1227.5,598.4,1200.0,531.7,1213.75,565.05,0,1,1227.5,598.4
443,14748,2075143,1226.9,598.3,1201.0,532.0,1213.95,565.15,0,1,1226.9,598.3
443,14749,2075144,1226.2,598.2,1201.9,532.3,1214.05,565.25,0,1,1226.2,598.2
443,14750,2075145,1225.5,598.1,1202.5,532.9,1214.0,565.5,0,1,1225.5,598.1
443,14751,2075146,1224.6,597.8,1202.3,533.5,1213.45,565.65,0,1,1224.6,597.8
443,14752,2075147,1223.9,597.9,1202.2,534.1,1213.05,566.0,0,1,1223.9,597.9
443,14753,2075148,1223.5,597.8,1202.0,534.8,1212.75,566.3,0,1,1223.5,597.8
443,14754,2075149,1223.0,597.5,1201.1,535.6,1212.05,566.55,0,1,1223.0,597.5
443,14755,2075150,1222.9,597.2,1200.2,536.4,1211.55,566.8,0,1,1222.9,597.2
443,14756,2075151,1222.7,596.9,1199.5,537.0,1211.1,566.95,0,1,1222.7,596.9
443,14757,2075152,1222.8,596.6,1199.0,537.3,1210.9,566.95,0,1,1222.8,596.6
443,14758,2075153,1223.0,596.4,1199.0,537.8,1211.0,567.1,0,1,1223.0,596.4
443,14759,2075154,1223.1,596.2,1198.9,538.3,1211.0,567.25,0,1,1223.1,596.2
443,14760,2075155,1223.1,596.0,1199.0,538.9,1211.05,567.45,0,1,1223.1,596.0
443,14761,2075156,1223.0,595.9,1199.1,539.2,1211.05,567.55,0,1,1223.0,595.9
443,14762,2075157,1222.9,595.9,1199.5,539.6,1211.2,567.75,0,1,1222.9,595.9
443,14763,2075158,1222.7,596.1,1199.8,539.9,1211.25,568.0,0,1,1222.7,596.1
443,14764,2075159,1222.4,596.3,1200.1,540.3,1211.25,568.3,0,1,1222.4,596.3
443,14765,2075160,1222.2,596.8,1200.5,540.5,1211.35,568.65,0,1,1222.2,596.8
443,14766,2075161,1221.9,597.3,1200.9,540.6,1211.4,568.95,0,1,1221.9,597.3
444,14767,2075162,1221.7,597.9,1201.3,540.6,1211.5,569.25,0,1,1221.7,597.9
444,14768,2075163,1221.4,597.9,1201.7,540.8,1211.55,569.35,0,1,1221.4,597.9
444,14769,2075164,1221.3,597.8,1201.9,540.9,1211.6,569.35,0,1,1221.3,597.8
444,14770,2075165,1221.3,597.4,1201.9,541.1,1211.6,569.25,0,1,1221.3,597.4
444,14771,2075166,1221.4,597.0,1201.7,542.3,1211.55,569.65,0,1,1221.4,597.0
444,14772,2075167,1221.4,596.3,1201.5,543.5,1211.45,569.9,0,1,1221.4,596.3
444,14773,2075168,1221.5,595.6,1201.1,544.8,1211.3,570.2,0,1,1221.5,595.6
444,14774,2075169,1221.1,595.0,1200.8,546.0,1210.95,570.5,0,1,1221.1,595.0
444,14775,2075170,1220.5,595.0,1200.5,547.3,1210.5,571.15,0,1,1220.5,595.0
444,14776,2075171,1219.9,595.6,1200.2,548.5,1210.05,572.05,0,1,1219.9,595.6
444,14777,2075172,1219.2,596.0,1200.0,549.5,1209.6,572.75,0,1,1219.2,596.0
444,14778,2075173,1218.3,596.1,1199.4,549.5,1208.85,572.8,0,1,1218.3,596.1
444,14779,2075174,1217.4,594.9,1198.7,549.5,1208.05,572.2,0,1,1217.4,594.9
444,14780,2075175,1216.6,592.7,1198.0,549.1,1207.3,570.9,0,1,1216.6,592.7
444,14781,2075176,1215.4,590.4,1196.3,547.9,1205.85,569.15,0,1,1215.4,590.4
444,14782,2075177,1213.3,587.8,1193.6,545.5,1203.45,566.65,0,1,1213.3,587.8
444,14783,2075178,1209.9,584.1,1190.1,542.0,1200.0,563.05,0,1,1209.9,584.1
444,14784,2075179,1206.0,579.6,1184.4,538.3,1195.2,558.95,0,1,1206.0,579.6
444,14785,2075180,1200.2,573.3,1178.3,532.4,1189.25,552.85,0,1,1200.2,573.3
444,14786,2075181,1192.1,567.1,1170.1,525.5,1181.1,546.3,0,1,1192.1,567.1
444,14787,2075182,1181.0,560.9,1159.3,517.0,1170.15,538.95,0,1,1181.0,560.9
444,14788,2075183,1168.2,554.2,1149.3,509.4,1158.75,531.8,0,1,1168.2,554.2
444,14789,2075184,1155.0,546.7,1139.1,501.4,1147.05,524.05,0,1,1155.0,546.7
444,14790,2075185,1142.8,539.7,1128.9,493.3,1135.85,516.5,0,1,1142.8,539.7
444,14791,2075186,1130.7,533.8,1120.8,485.3,1125.75,509.55,0,1,1130.7,533.8
444,14792,2075187,1119.9,528.5,1113.5,479.6,1116.7,504.05,0,1,1119.9,528.5
444,14793,2075188,1110.5,523.7,1106.9,473.8,1108.7,498.75,0,1,1110.5,523.7
444,14794,2075189,1104.0,519.7,1103.1,469.8,1103.55,494.75,0,1,1104.0,519.7
444,14795,2075190,1100.2,516.1,1098.9,465.8,1099.55,490.95,0,1,1100.2,516.1
444,14796,2075191,1097.8,512.9,1095.9,463.3,1096.85,488.1,0,1,1097.8,512.9
444,14797,2075192,1095.7,509.6,1092.2,462.0,1093.95,485.8,0,1,1095.7,509.6
444,14798,2075193,1094.2,506.5,1087.8,460.9,1091.0,483.7,0,1,1094.2,506.5
444,14799,2075194,1093.4,504.9,1082.9,459.7,1088.15,482.3,0,1,1093.4,504.9
444,14800,2075195,1093.5,503.9,1078.5,459.7,1086.0,481.8,0,1,1093.5,503.9
445,14801,2075196,1093.3,503.2,1074.1,459.6,1083.7,481.4,0,1,1093.3,503.2
445,14802,2075197,1092.7,502.5,1068.9,459.6,1080.8,481.05,0,1,1092.7,502.5
445,14803,2075198,1092.1,502.3,1063.6,459.5,1077.85,480.9,0,1,1092.1,502.3
445,14804,2075199,1091.5,502.1,1059.5,459.1,1075.5,480.6,0,1,1091.5,502.1
445,14805,2075200,1090.8,501.9,1056.1,458.2,1073.45,480.05,0,1,1090.8,501.9
445,14806,2075201,1090.2,501.6,1053.2,457.1,1071.7,479.35,0,1,1090.2,501.6
445,14807,2075202,1089.6,500.8,1051.1,455.9,1070.35,478.35,0,1,1089.6,500.8
445,14808,2075203,1089.5,499.4,1049.1,454.7,1069.3,477.05,0,1,1089.5,499.4
445,14809,2075204,1089.8,498.2,1048.3,453.7,1069.05,475.95,0,1,1089.8,498.2
445,14810,2075205,1090.0,496.9,1047.7,453.0,1068.85,474.95,0,1,1090.0,496.9
445,14811,2075206,1090.9,495.6,1047.4,452.8,1069.15,474.2,0,1,1090.9,495.6
445,14812,2075207,1092.0,493.9,1047.2,453.1,1069.6,473.5,0,1,1092.0,493.9
445,14813,2075208,1093.4,492.1,1048.0,453.9,1070.7,473.0,0,1,1093.4,492.1
445,14814,2075209,1095.1,491.1,1048.9,454.9,1072.0,473.0,0,1,1095.1,491.1
445,14815,2075210,1096.6,490.6,1049.7,455.7,1073.15,473.15,0,1,1096.6,490.6
445,14816,2075211,1098.1,490.2,1050.6,456.5,1074.35,473.35,0,1,1098.1,490.2
445,14817,2075212,1099.6,489.9,1051.4,457.2,1075.5,473.55,0,1,1099.6,489.9
445,14818,2075213,1100.4,489.7,1052.2,457.7,1076.3,473.7,0,1,1100.4,489.7
445,14819,2075214,1101.1,490.0,1052.8,458.3,1076.95,474.15,0,1,1101.1,490.0
445,14820,2075215,1101.3,490.2,1053.1,458.5,1077.2,474.35,0,1,1101.3,490.2
445,14821,2075216,1101.3,490.4,1053.4,458.7,1077.35,474.55,0,1,1101.3,490.4
445,14822,2075217,1101.4,490.4,1053.8,459.0,1077.6,474.7,0,1,1101.4,490.4
445,14823,2075218,1101.3,490.3,1054.3,459.2,1077.8,474.75,0,1,1101.3,490.3
445,14824,2075219,1101.3,490.1,1054.9,459.3,1078.1,474.7,0,1,1101.3,490.1
445,14825,2075220,1101.2,490.3,1055.5,459.2,1078.35,474.75,0,1,1101.2,490.3
445,14826,2075221,1101.2,490.9,1056.1,459.3,1078.65,475.1,0,1,1101.2,490.9
445,14827,2075222,1101.1,491.6,1056.5,459.3,1078.8,475.45,0,1,1101.1,491.6
445,14828,2075223,1100.9,492.4,1056.7,459.6,1078.8,476.0,0,1,1100.9,492.4
445,14829,2075224,1100.7,494.1,1056.8,459.9,1078.75,477.0,0,1,1100.7,494.1
445,14830,2075225,1100.5,495.7,1056.7,460.2,1078.6,477.95,0,1,1100.5,495.7
445,14831,2075226,1100.3,497.3,1056.7,460.6,1078.5,478.95,0,1,1100.3,497.3
445,14832,2075227,1100.1,498.7,1056.6,461.0,1078.35,479.85,0,1,1100.1,498.7
445,14833,2075228,1099.9,499.7,1056.6,461.3,1078.25,480.5,0,1,1099.9,499.7
446,14834,2075229,1099.7,500.7,1056.6,461.5,1078.15,481.1,0,1,1099.7,500.7
446,14835,2075230,1099.6,501.4,1056.7,461.4,1078.15,481.4,0,1,1099.6,501.4
446,14836,2075231,1099.5,501.3,1056.8,461.3,1078.15,481.3,0,1,1099.5,501.3
446,14837,2075232,1099.5,500.8,1057.0,461.2,1078.25,481.0,0,1,1099.5,500.8
446,14838,2075233,1099.4,500.3,1057.0,461.0,1078.2,480.65,0,1,1099.4,500.3
446,14839,2075234,1099.4,499.8,1057.1,460.9,1078.25,480.35,0,1,1099.4,499.8
446,14840,2075235,1099.3,499.1,1057.1,460.7,1078.2,479.9,0,1,1099.3,499.1
446,14841,2075236,1099.3,498.4,1057.2,460.6,1078.25,479.5,0,1,1099.3,498.4
446,14842,2075237,1099.3,497.7,1057.3,460.5,1078.3,479.1,0,1,1099.3,497.7
446,14843,2075238,1099.4,497.0,1057.3,460.6,1078.35,478.8,0,1,1099.4,497.0
446,14844,2075239,1099.4,496.8,1057.4,460.8,1078.4,478.8,0,1,1099.4,496.8
446,14845,2075240,1099.5,496.6,1057.5,461.3,1078.5,478.95,0,1,1099.5,496.6
446,14846,2075241,1099.8,497.3,1057.6,461.7,1078.7,479.5,0,1,1099.8,497.3
446,14847,2075242,1100.0,497.9,1057.6,462.2,1078.8,480.05,0,1,1100.0,497.9
446,14848,2075243,1100.3,498.6,1057.6,462.5,1078.95,480.55,0,1,1100.3,498.6
446,14849,2075244,1100.5,498.9,1057.6,462.7,1079.05,480.8,0,1,1100.5,498.9
446,14850,2075245,1100.7,499.3,1057.6,462.7,1079.15,481.0,0,1,1100.7,499.3
446,14851,2075246,1100.7,499.7,1057.6,462.4,1079.15,481.05,0,1,1100.7,499.7
446,14852,2075247,1100.7,500.2,1057.7,462.0,1079.2,481.1,0,1,1100.7,500.2
446,14853,2075248,1100.5,499.8,1058.3,461.5,1079.4,480.65,0,1,1100.5,499.8
446,14854,2075249,1100.2,499.4,1059.0,461.0,1079.6,480.2,0,1,1100.2,499.4
446,14855,2075250,1100.0,499.1,1059.7,460.7,1079.85,479.9,0,1,1100.0,499.1
446,14856,2075251,1099.8,499.2,1060.4,460.8,1080.1,480.0,0,1,1099.8,499.2
446,14857,2075252,1099.8,499.3,1061.1,460.9,1080.45,480.1,0,1,1099.8,499.3
446,14858,2075253,1100.0,499.1,1062.0,461.1,1081.0,480.1,0,1,1100.0,499.1
446,14859,2075254,1100.2,498.9,1063.0,461.4,1081.6,480.15,0,1,1100.2,498.9
446,14860,2075255,1100.4,498.9,1063.5,461.9,1081.95,480.4,0,1,1100.4,498.9
446,14861,2075256,1100.6,499.1,1063.8,462.3,1082.2,480.7,0,1,1100.6,499.1
446,14862,2075257,1100.8,499.4,1064.2,462.8,1082.5,481.1,0,1,1100.8,499.4
446,14863,2075258,1100.8,499.8,1064.5,463.2,1082.65,481.5,0,1,1100.8,499.8
446,14864,2075259,1100.6,500.3,1064.9,463.6,1082.75,481.95,0,1,1100.6,500.3
446,14865,2075260,1100.5,501.1,1065.0,464.0,1082.75,482.55,0,1,1100.5,501.1
446,14866,2075261,1100.4,501.9,1065.1,464.3,1082.75,483.1,0,1,1100.4,501.9
447,14867,2075262,1100.2,502.5,1065.1,464.7,1082.65,483.6,0,1,1100.2,502.5
447,14868,2075263,1100.1,502.6,1065.1,465.1,1082.6,483.85,0,1,1100.1,502.6
447,14869,2075264,1099.9,502.8,1065.1,465.6,1082.5,484.2,0,1,1099.9,502.8
447,14870,2075265,1099.8,503.0,1065.5,465.9,1082.65,484.45,0,1,1099.8,503.0
447,14871,2075266,1099.8,503.0,1065.9,466.3,1082.85,484.65,0,1,1099.8,503.0
447,14872,2075267,1099.8,502.9,1066.2,466.7,1083.0,484.8,0,1,1099.8,502.9
447,14873,2075268,1099.9,502.7,1066.5,467.0,1083.2,484.85,0,1,1099.9,502.7
447,14874,2075269,1100.1,502.6,1066.8,467.4,1083.45,485.0,0,1,1100.1,502.6
447,14875,2075270,1100.2,502.3,1067.2,467.7,1083.7,485.0,0,1,1100.2,502.3
447,14876,2075271,1100.5,501.9,1067.7,468.0,1084.1,484.95,0,1,1100.5,501.9
447,14877,2075272,1100.8,501.5,1067.7,468.2,1084.25,484.85,0,1,1100.8,501.5
447,14878,2075273,1101.2,501.3,1067.7,468.1,1084.45,484.7,0,1,1101.2,501.3
447,14879,2075274,1101.5,501.4,1067.6,468.2,1084.55,484.8,0,1,1101.5,501.4
447,14880,2075275,1101.6,501.6,1067.5,468.4,1084.55,485.0,0,1,1101.6,501.6
447,14881,2075276,1101.8,502.1,1067.5,468.8,1084.65,485.45,0,1,1101.8,502.1
447,14882,2075277,1101.9,502.9,1067.5,469.3,1084.7,486.1,0,1,1101.9,502.9
447,14883,2075278,1101.9,503.8,1067.7,469.7,1084.8,486.75,0,1,1101.9,503.8
447,14884,2075279,1101.8,504.7,1068.0,470.1,1084.9,487.4,0,1,1101.8,504.7
447,14885,2075280,1101.6,505.5,1068.4,470.6,1085.0,488.05,0,1,1101.6,505.5
447,14886,2075281,1101.3,506.2,1068.9,470.8,1085.1,488.5,0,1,1101.3,506.2
447,14887,2075282,1101.1,506.6,1069.5,471.2,1085.3,488.9,0,1,1101.1,506.6
447,14888,2075283,1100.8,506.7,1069.9,471.4,1085.35,489.05,0,1,1100.8,506.7
447,14889,2075284,1100.6,506.4,1070.4,471.6,1085.5,489.0,0,1,1100.6,506.4
447,14890,2075285,1100.4,506.0,1070.6,472.0,1085.5,489.0,0,1,1100.4,506.0
447,14891,2075286,1100.4,505.6,1070.9,472.6,1085.65,489.1,0,1,1100.4,505.6
447,14892,2075287,1100.4,505.2,1071.0,473.4,1085.7,489.3,0,1,1100.4,505.2
447,14893,2075288,1100.5,505.2,1071.1,474.3,1085.8,489.75,0,1,1100.5,505.2
447,14894,2075289,1100.4,505.2,1071.3,474.7,1085.85,489.95,0,1,1100.4,505.2
447,14895,2075290,1100.3,505.2,1071.5,474.9,1085.9,490.05,0,1,1100.3,505.2
447,14896,2075291,1100.1,505.5,1071.7,475.1,1085.9,490.3,0,1,1100.1,505.5
447,14897,2075292,1099.9,505.9,1072.0,475.1,1085.95,490.5,0,1,1099.9,505.9
447,14898,2075293,1099.6,506.5,1072.2,474.7,1085.9,490.6,0,1,1099.6,506.5
447,14899,2075294,1099.4,507.0,1072.4,474.3,1085.9,490.65,0,1,1099.4,507.0
447,14900,2075295,1099.2,507.0,1072.6,474.0,1085.9,490.5,0,1,1099.2,507.0
448,14901,2075296,1099.1,506.9,1072.8,473.9,1085.95,490.4,0,1,1099.1,506.9
448,14902,2075297,1099.0,506.9,1073.0,473.6,1086.0,490.25,0,1,1099.0,506.9
448,14903,2075298,1099.1,506.8,1073.1,473.5,1086.1,490.15,0,1,1099.1,506.8
448,14904,2075299,1099.1,506.5,1073.0,473.3,1086.05,489.9,0,1,1099.1,506.5
448,14905,2075300,1099.2,506.1,1072.8,473.2,1086.0,489.65,0,1,1099.2,506.1
448,14906,2075301,1099.3,505.7,1072.5,473.1,1085.9,489.4,0,1,1099.3,505.7
448,14907,2075302,1099.4,505.4,1072.4,473.0,1085.9,489.2,0,1,1099.4,505.4
448,14908,2075303,1099.4,505.2,1072.0,472.9,1085.7,489.05,0,1,1099.4,505.2
448,14909,2075304,1099.4,505.1,1071.6,473.1,1085.5,489.1,0,1,1099.4,505.1
448,14910,2075305,1099.2,505.0,1071.2,473.3,1085.2,489.15,0,1,1099.2,505.0
448,14911,2075306,1098.9,504.9,1070.8,473.7,1084.85,489.3,0,1,1098.9,504.9
448,14912,2075307,1098.7,504.8,1070.5,474.0,1084.6,489.4,0,1,1098.7,504.8
448,14913,2075308,1098.4,504.8,1069.7,474.6,1084.05,489.7,0,1,1098.4,504.8
448,14914,2075309,1098.1,504.9,1068.8,475.1,1083.45,490.0,0,1,1098.1,504.9
448,14915,2075310,1097.8,505.2,1068.0,475.7,1082.9,490.45,0,1,1097.8,505.2
448,14916,2075311,1097.5,506.0,1067.3,476.1,1082.4,491.05,0,1,1097.5,506.0
448,14917,2075312,1097.4,506.9,1066.9,476.5,1082.15,491.7,0,1,1097.4,506.9
448,14918,2075313,1096.5,507.7,1066.3,476.8,1081.4,492.25,0,1,1096.5,507.7
448,14919,2075314,1095.7,508.2,1065.6,477.1,1080.65,492.65,0,1,1095.7,508.2
448,14920,2075315,1094.9,508.8,1064.6,477.2,1079.75,493.0,0,1,1094.9,508.8
448,14921,2075316,1094.1,509.1,1063.6,477.3,1078.85,493.2,0,1,1094.1,509.1
448,14922,2075317,1093.4,509.1,1062.7,477.3,1078.05,493.2,0,1,1093.4,509.1
448,14923,2075318,1092.7,508.7,1061.7,477.2,1077.2,492.95,0,1,1092.7,508.7
448,14924,2075319,1092.0,508.3,1059.6,477.1,1075.8,492.7,0,1,1092.0,508.3
448,14925,2075320,1092.0,508.1,1057.7,477.1,1074.85,492.6,0,1,1092.0,508.1
448,14926,2075321,1092.0,508.1,1056.1,477.0,1074.05,492.55,0,1,1092.0,508.1
448,14927,2075322,1092.1,508.0,1055.4,476.7,1073.75,492.35,0,1,1092.1,508.0
448,14928,2075323,1092.1,508.0,1054.7,476.2,1073.4,492.1,0,1,1092.1,508.0
448,14929,2075324,1092.2,508.0,1053.8,475.7,1073.0,491.85,0,1,1092.2,508.0
448,14930,2075325,1092.3,508.0,1052.5,475.3,1072.4,491.65,0,1,1092.3,508.0
448,14931,2075326,1092.3,508.0,1052.1,474.8,1072.2,491.4,0,1,1092.3,508.0
448,14932,2075327,1092.3,508.1,1051.8,474.3,1072.05,491.2,0,1,1092.3,508.1
448,14933,2075328,1092.3,508.1,1051.3,473.9,1071.8,491.0,0,1,1092.3,508.1
449,14934,2075329,1092.2,508.2,1050.8,473.6,1071.5,490.9,0,1,1092.2,508.2
449,14935,2075330,1092.0,508.2,1050.3,473.5,1071.15,490.85,0,1,1092.0,508.2
449,14936,2075331,1091.9,508.3,1049.8,473.5,1070.85,490.9,0,1,1091.9,508.3
449,14937,2075332,1091.8,508.4,1049.6,473.4,1070.7,490.9,0,1,1091.8,508.4
449,14938,2075333,1091.7,508.4,1049.4,473.2,1070.55,490.8,0,1,1091.7,508.4
449,14939,2075334,1091.7,508.5,1049.1,473.0,1070.4,490.75,0,1,1091.7,508.5
449,14940,2075335,1091.8,508.7,1048.9,472.8,1070.35,490.75,0,1,1091.8,508.7
449,14941,2075336,1091.9,508.7,1048.6,472.7,1070.25,490.7,0,1,1091.9,508.7
449,14942,2075337,1092.0,508.8,1048.0,473.3,1070.0,491.05,0,1,1092.0,508.8
449,14943,2075338,1091.9,508.8,1046.8,473.9,1069.35,491.35,0,1,1091.9,508.8
449,14944,2075339,1091.8,509.0,1045.8,474.5,1068.8,491.75,0,1,1091.8,509.0
449,14945,2075340,1091.6,509.2,1044.8,475.1,1068.2,492.15,0,1,1091.6,509.2
449,14946,2075341,1091.2,509.7,1043.8,475.6,1067.5,492.65,0,1,1091.2,509.7
449,14947,2075342,1090.8,510.2,1042.8,475.9,1066.8,493.05,0,1,1090.8,510.2
449,14948,2075343,1090.5,510.7,1041.9,476.3,1066.2,493.5,0,1,1090.5,510.7
449,14949,2075344,1090.1,511.1,1041.3,476.1,1065.7,493.6,0,1,1090.1,511.1
449,14950,2075345,1090.0,511.5,1041.4,476.3,1065.7,493.9,0,1,1090.0,511.5
449,14951,2075346,1089.8,511.8,1041.5,476.6,1065.65,494.2,0,1,1089.8,511.8
449,14952,2075347,1089.6,512.1,1041.5,476.9,1065.55,494.5,0,1,1089.6,512.1
449,14953,2075348,1089.5,511.7,1041.3,477.5,1065.4,494.6,0,1,1089.5,511.7
449,14954,2075349,1089.4,511.3,1041.2,478.3,1065.3,494.8,0,1,1089.4,511.3
449,14955,2075350,1089.2,510.9,1041.0,479.1,1065.1,495.0,0,1,1089.2,510.9
449,14956,2075351,1089.0,510.5,1041.0,479.7,1065.0,495.1,0,1,1089.0,510.5
449,14957,2075352,1088.5,510.1,1040.9,480.0,1064.7,495.05,0,1,1088.5,510.1
449,14958,2075353,1088.0,509.7,1040.9,480.2,1064.45,494.95,0,1,1088.0,509.7
449,14959,2075354,1087.5,509.2,1040.9,480.5,1064.2,494.85,0,1,1087.5,509.2
449,14960,2075355,1087.0,509.0,1041.2,480.6,1064.1,494.8,0,1,1087.0,509.0
449,14961,2075356,1086.5,509.1,1041.5,480.8,1064.0,494.95,0,1,1086.5,509.1
449,14962,2075357,1086.0,509.2,1041.8,481.1,1063.9,495.15,0,1,1086.0,509.2
449,14963,2075358,1085.5,509.3,1041.9,481.9,1063.7,495.6,0,1,1085.5,509.3
449,14964,2075359,1085.1,509.5,1042.0,482.7,1063.55,496.1,0,1,1085.1,509.5
449,14965,2075360,1084.7,509.7,1042.1,483.4,1063.4,496.55,0,1,1084.7,509.7
449,14966,2075361,1084.3,509.6,1042.1,484.2,1063.2,496.9,0,1,1084.3,509.6
450,14967,2075362,1083.9,509.6,1042.2,484.8,1063.05,497.2,0,1,1083.9,509.6
450,14968,2075363,1083.4,509.3,1042.2,485.3,1062.8,497.3,0,1,1083.4,509.3
450,14969,2075364,1083.1,509.2,1042.2,485.6,1062.65,497.4,0,1,1083.1,509.2
450,14970,2075365,1082.7,509.3,1042.2,485.5,1062.45,497.4,0,1,1082.7,509.3
450,14971,2075366,1082.6,509.3,1042.2,485.3,1062.4,497.3,0,1,1082.6,509.3
450,14972,2075367,1082.5,509.3,1042.3,485.3,1062.4,497.3,0,1,1082.5,509.3
450,14973,2075368,1082.6,509.5,1042.4,485.4,1062.5,497.45,0,1,1082.6,509.5
450,14974,2075369,1082.6,509.6,1042.4,485.6,1062.5,497.6,0,1,1082.6,509.6
450,14975,2075370,1082.6,509.6,1042.5,485.9,1062.55,497.75,0,1,1082.6,509.6
450,14976,2075371,1082.6,509.3,1042.3,486.3,1062.45,497.8,0,1,1082.6,509.3
450,14977,2075372,1082.5,508.9,1042.1,486.7,1062.3,497.8,0,1,1082.5,508.9
450,14978,2075373,1082.4,508.4,1042.0,487.1,1062.2,497.75,0,1,1082.4,508.4
450,14979,2075374,1082.2,507.2,1041.8,487.3,1062.0,497.25,0,1,1082.2,507.2
450,14980,2075375,1082.5,506.3,1041.6,487.4,1062.05,496.85,0,1,1082.5,506.3
450,14981,2075376,1083.0,505.5,1041.5,487.2,1062.25,496.35,0,1,1083.0,505.5
450,14982,2075377,1083.5,504.7,1041.4,487.1,1062.45,495.9,0,1,1083.5,504.7
450,14983,2075378,1084.0,504.0,1041.4,487.0,1062.7,495.5,0,1,1084.0,504.0
450,14984,2075379,1084.9,503.4,1041.4,487.0,1063.15,495.2,0,1,1084.9,503.4
450,14985,2075380,1085.7,502.7,1041.5,487.0,1063.6,494.85,0,1,1085.7,502.7
450,14986,2075381,1086.6,502.8,1041.5,487.5,1064.05,495.15,0,1,1086.6,502.8
450,14987,2075382,1087.0,503.0,1041.6,487.9,1064.3,495.45,0,1,1087.0,503.0
450,14988,2075383,1087.3,503.2,1041.6,488.5,1064.45,495.85,0,1,1087.3,503.2
450,14989,2075384,1087.6,503.2,1041.7,489.2,1064.65,496.2,0,1,1087.6,503.2
450,14990,2075385,1087.9,503.2,1041.7,489.7,1064.8,496.45,0,1,1087.9,503.2
450,14991,2075386,1088.1,503.0,1042.0,488.8,1065.05,495.9,0,1,1088.1,503.0
450,14992,2075387,1088.2,503.1,1042.3,487.9,1065.25,495.5,0,1,1088.2,503.1
450,14993,2075388,1088.4,503.0,1042.7,486.7,1065.55,494.85,0,1,1088.4,503.0
450,14994,2075389,1088.5,502.8,1043.1,485.6,1065.8,494.2,0,1,1088.5,502.8
450,14995,2075390,1088.7,502.5,1043.7,484.6,1066.2,493.55,0,1,1088.7,502.5
450,14996,2075391,1088.9,502.4,1044.3,483.6,1066.6,493.0,0,1,1088.9,502.4
450,14997,2075392,1089.0,502.3,1044.9,482.7,1066.95,492.5,0,1,1089.0,502.3
450,14998,2075393,1089.2,502.0,1045.3,483.1,1067.25,492.55,0,1,1089.2,502.0
450,14999,2075394,1089.5,501.8,1045.8,483.3,1067.65,492.55,0,1,1089.5,501.8
450,15000,2075395,1089.7,501.6,1046.2,483.5,1067.95,492.55,0,1,1089.7,501.6
451,15001,2075396,1090.0,501.6,1046.5,483.7,1068.25,492.65,0,1,1090.0,501.6
451,15002,2075397,1090.2,501.7,1046.6,483.7,1068.4,492.7,0,1,1090.2,501.7
451,15003,2075398,1090.3,501.8,1046.7,483.6,1068.5,492.7,0,1,1090.3,501.8
451,15004,2075399,1090.4,502.0,1046.9,483.6,1068.65,492.8,0,1,1090.4,502.0
451,15005,2075400,1090.5,502.5,1046.9,483.5,1068.7,493.0,0,1,1090.5,502.5
451,15006,2075401,1090.5,502.9,1046.9,483.7,1068.7,493.3,0,1,1090.5,502.9
451,15007,2075402,1090.6,503.2,1046.8,484.0,1068.7,493.6,0,1,1090.6,503.2
451,15008,2075403,1090.8,503.4,1046.8,484.2,1068.8,493.8,0,1,1090.8,503.4
451,15009,2075404,1091.0,503.4,1046.8,484.3,1068.9,493.85,0,1,1091.0,503.4
451,15010,2075405,1091.3,502.7,1046.8,484.3,1069.05,493.5,0,1,1091.3,502.7
451,15011,2075406,1091.6,502.0,1046.8,484.3,1069.2,493.15,0,1,1091.6,502.0
451,15012,2075407,1091.9,501.3,1046.8,484.2,1069.35,492.75,0,1,1091.9,501.3
451,15013,2075408,1092.2,500.6,1046.9,484.0,1069.55,492.3,0,1,1092.2,500.6
451,15014,2075409,1092.5,500.0,1047.0,483.7,1069.75,491.85,0,1,1092.5,500.0
451,15015,2075410,1092.6,499.3,1047.2,483.5,1069.9,491.4,0,1,1092.6,499.3
451,15016,2075411,1092.8,498.5,1047.6,483.3,1070.2,490.9,0,1,1092.8,498.5
451,15017,2075412,1092.9,498.4,1048.0,483.1,1070.45,490.75,0,1,1092.9,498.4
451,15018,2075413,1092.9,498.4,1048.5,483.0,1070.7,490.7,0,1,1092.9,498.4
451,15019,2075414,1093.0,498.6,1049.1,483.0,1071.05,490.8,0,1,1093.0,498.6
451,15020,2075415,1093.0,498.7,1049.6,483.0,1071.3,490.85,0,1,1093.0,498.7
451,15021,2075416,1093.1,498.8,1050.0,483.0,1071.55,490.9,0,1,1093.1,498.8
451,15022,2075417,1093.1,498.8,1050.5,483.0,1071.8,490.9,0,1,1093.1,498.8
451,15023,2075418,1093.1,498.9,1050.6,483.0,1071.85,490.95,0,1,1093.1,498.9
451,15024,2075419,1093.2,498.9,1050.7,483.1,1071.95,491.0,0,1,1093.2,498.9
451,15025,2075420,1093.6,498.7,1050.7,483.3,1072.15,491.0,0,1,1093.6,498.7
451,15026,2075421,1094.0,498.3,1050.7,483.5,1072.35,490.9,0,1,1094.0,498.3
451,15027,2075422,1094.6,497.8,1050.7,483.8,1072.65,490.8,0,1,1094.6,497.8
451,15028,2075423,1095.2,497.4,1050.7,484.0,1072.95,490.7,0,1,1095.2,497.4
451,15029,2075424,1095.9,497.1,1050.8,484.2,1073.35,490.65,0,1,1095.9,497.1
451,15030,2075425,1096.5,497.0,1051.6,484.2,1074.05,490.6,0,1,1096.5,497.0
451,15031,2075426,1097.0,496.8,1052.4,484.1,1074.7,490.45,0,1,1097.0,496.8
451,15032,2075427,1096.9,496.8,1053.2,484.0,1075.05,490.4,0,1,1096.9,496.8
451,15033,2075428,1096.8,496.8,1053.9,483.8,1075.35,490.3,0,1,1096.8,496.8
452,15034,2075429,1096.5,496.7,1054.6,483.4,1075.55,490.05,0,1,1096.5,496.7
452,15035,2075430,1096.2,496.4,1055.3,482.7,1075.75,489.55,0,1,1096.2,496.4
452,15036,2075431,1095.9,496.2,1056.0,482.0,1075.95,489.1,0,1,1095.9,496.2
452,15037,2075432,1095.5,495.9,1056.0,481.3,1075.75,488.6,0,1,1095.5,495.9
452,15038,2075433,1095.2,495.7,1056.0,480.6,1075.6,488.15,0,1,1095.2,495.7
452,15039,2075434,1095.1,495.4,1056.0,479.8,1075.55,487.6,0,1,1095.1,495.4
452,15040,2075435,1095.0,495.1,1056.1,479.1,1075.55,487.1,0,1,1095.0,495.1
452,15041,2075436,1095.0,494.9,1056.3,478.6,1075.65,486.75,0,1,1095.0,494.9
452,15042,2075437,1095.1,494.9,1056.6,478.1,1075.85,486.5,0,1,1095.1,494.9
452,15043,2075438,1095.2,495.0,1057.0,477.4,1076.1,486.2,0,1,1095.2,495.0
452,15044,2075439,1095.4,495.2,1057.3,476.7,1076.35,485.95,0,1,1095.4,495.2
452,15045,2075440,1095.6,495.4,1057.7,476.0,1076.65,485.7,0,1,1095.6,495.4
452,15046,2075441,1095.9,495.7,1058.1,475.0,1077.0,485.35,0,1,1095.9,495.7
452,15047,2075442,1096.0,496.1,1058.7,474.0,1077.35,485.05,0,1,1096.0,496.1
452,15048,2075443,1096.0,496.5,1059.2,473.0,1077.6,484.75,0,1,1096.0,496.5
452,15049,2075444,1096.0,497.1,1059.6,472.2,1077.8,484.65,0,1,1096.0,497.1
452,15050,2075445,1095.9,497.6,1059.9,471.7,1077.9,484.65,0,1,1095.9,497.6
452,15051,2075446,1096.0,497.9,1060.2,471.2,1078.1,484.55,0,1,1096.0,497.9
452,15052,2075447,1096.1,498.1,1060.5,470.7,1078.3,484.4,0,1,1096.1,498.1
452,15053,2075448,1096.3,498.3,1060.8,470.4,1078.55,484.35,0,1,1096.3,498.3
452,15054,2075449,1096.5,498.5,1061.0,470.0,1078.75,484.25,0,1,1096.5,498.5
452,15055,2075450,1096.8,498.2,1061.3,469.6,1079.05,483.9,0,1,1096.8,498.2
452,15056,2075451,1097.0,497.8,1061.7,469.0,1079.35,483.4,0,1,1097.0,497.8
452,15057,2075452,1097.3,497.4,1062.1,468.3,1079.7,482.85,0,1,1097.3,497.4
452,15058,2075453,1097.3,497.0,1062.6,467.6,1079.95,482.3,0,1,1097.3,497.0
452,15059,2075454,1097.3,496.8,1063.3,467.0,1080.3,481.9,0,1,1097.3,496.8
452,15060,2075455,1097.3,496.6,1064.0,466.3,1080.65,481.45,0,1,1097.3,496.6
452,15061,2075456,1097.3,496.2,1064.7,465.8,1081.0,481.0,0,1,1097.3,496.2
452,15062,2075457,1097.3,496.3,1065.4,465.3,1081.35,480.8,0,1,1097.3,496.3
452,15063,2075458,1097.4,496.5,1066.0,465.0,1081.7,480.75,0,1,1097.4,496.5
452,15064,2075459,1097.5,496.6,1066.5,464.5,1082.0,480.55,0,1,1097.5,496.6
452,15065,2075460,1097.7,496.7,1066.8,463.8,1082.25,480.25,0,1,1097.7,496.7
452,15066,2075461,1097.9,496.5,1066.8,463.1,1082.35,479.8,0,1,1097.9,496.5
453,15067,2075462,1098.2,496.4,1066.6,462.6,1082.4,479.5,0,1,1098.2,496.4
453,15068,2075463,1098.4,496.4,1066.3,462.2,1082.35,479.3,0,1,1098.4,496.4
453,15069,2075464,1098.5,496.4,1066.0,462.1,1082.25,479.25,0,1,1098.5,496.4
453,15070,2075465,1098.6,496.6,1065.6,462.1,1082.1,479.35,0,1,1098.6,496.6
453,15071,2075466,1098.4,496.8,1065.2,462.7,1081.8,479.75,0,1,1098.4,496.8
453,15072,2075467,1098.3,497.0,1065.0,463.6,1081.65,480.3,0,1,1098.3,497.0
453,15073,2075468,1098.1,497.4,1064.8,464.6,1081.45,481.0,0,1,1098.1,497.4
453,15074,2075469,1097.9,497.7,1064.7,464.8,1081.3,481.25,0,1,1097.9,497.7
453,15075,2075470,1097.8,497.8,1064.8,464.9,1081.3,481.35,0,1,1097.8,497.8
453,15076,2075471,1097.7,497.7,1064.8,464.7,1081.25,481.2,0,1,1097.7,497.7
453,15077,2075472,1097.7,497.2,1064.8,464.6,1081.25,480.9,0,1,1097.7,497.2
453,15078,2075473,1097.8,496.6,1064.9,464.0,1081.35,480.3,0,1,1097.8,496.6
453,15079,2075474,1097.7,496.0,1065.0,463.5,1081.35,479.75,0,1,1097.7,496.0
453,15080,2075475,1097.6,495.4,1065.1,463.0,1081.35,479.2,0,1,1097.6,495.4
453,15081,2075476,1097.6,494.6,1065.1,463.0,1081.35,478.8,0,1,1097.6,494.6
453,15082,2075477,1097.7,493.4,1065.0,463.1,1081.35,478.25,0,1,1097.7,493.4
453,15083,2075478,1097.6,492.3,1065.0,463.1,1081.3,477.7,0,1,1097.6,492.3
453,15084,2075479,1097.5,491.4,1064.9,463.1,1081.2,477.25,0,1,1097.5,491.4
453,15085,2075480,1097.4,492.1,1064.8,463.3,1081.1,477.7,0,1,1097.4,492.1
453,15086,2075481,1097.5,492.7,1064.6,463.6,1081.05,478.15,0,1,1097.5,492.7
453,15087,2075482,1097.6,493.5,1064.4,464.0,1081.0,478.75,0,1,1097.6,493.5
453,15088,2075483,1097.7,494.5,1064.0,464.3,1080.85,479.4,0,1,1097.7,494.5
453,15089,2075484,1097.7,495.9,1063.5,464.7,1080.6,480.3,0,1,1097.7,495.9
453,15090,2075485,1097.6,497.5,1062.9,465.1,1080.25,481.3,0,1,1097.6,497.5
453,15091,2075486,1097.6,499.3,1062.1,465.5,1079.85,482.4,0,1,1097.6,499.3
453,15092,2075487,1097.4,500.2,1061.4,465.7,1079.4,482.95,0,1,1097.4,500.2
453,15093,2075488,1097.3,501.1,1060.7,465.5,1079.0,483.3,0,1,1097.3,501.1
453,15094,2075489,1097.1,502.1,1059.6,465.3,1078.35,483.7,0,1,1097.1,502.1
453,15095,2075490,1096.9,503.1,1058.7,465.0,1077.8,484.05,0,1,1096.9,503.1
453,15096,2075491,1096.8,503.9,1057.9,464.6,1077.35,484.25,0,1,1096.8,503.9
453,15097,2075492,1096.8,504.3,1057.1,464.3,1076.95,484.3,0,1,1096.8,504.3
453,15098,2075493,1096.8,504.6,1056.5,464.0,1076.65,484.3,0,1,1096.8,504.6
453,15099,2075494,1096.9,504.4,1055.8,464.0,1076.35,484.2,0,1,1096.9,504.4
453,15100,2075495,1096.9,504.3,1055.0,464.6,1075.95,484.45,0,1,1096.9,504.3
454,15101,2075496,1096.6,504.2,1054.7,465.3,1075.65,484.75,0,1,1096.6,504.2
454,15102,2075497,1096.4,504.1,1054.3,466.1,1075.35,485.1,0,1,1096.4,504.1
454,15103,2075498,1095.9,504.3,1054.0,466.8,1074.95,485.55,0,1,1095.9,504.3
454,15104,2075499,1095.5,504.6,1053.7,467.3,1074.6,485.95,0,1,1095.5,504.6
454,15105,2075500,1095.0,504.8,1053.5,467.6,1074.25,486.2,0,1,1095.0,504.8
454,15106,2075501,1094.8,505.1,1053.3,467.8,1074.05,486.45,0,1,1094.8,505.1
454,15107,2075502,1094.6,505.1,1053.2,467.4,1073.9,486.25,0,1,1094.6,505.1
454,15108,2075503,1094.7,505.1,1053.1,467.2,1073.9,486.15,0,1,1094.7,505.1
454,15109,2075504,1094.7,505.1,1052.8,467.0,1073.75,486.05,0,1,1094.7,505.1
454,15110,2075505,1094.9,505.1,1052.4,466.9,1073.65,486.0,0,1,1094.9,505.1
454,15111,2075506,1095.0,505.1,1052.1,467.0,1073.55,486.05,0,1,1095.0,505.1
454,15112,2075507,1095.1,505.3,1051.8,467.1,1073.45,486.2,0,1,1095.1,505.3
454,15113,2075508,1094.9,505.5,1051.5,467.2,1073.2,486.35,0,1,1094.9,505.5
454,15114,2075509,1094.8,505.6,1051.3,467.2,1073.05,486.4,0,1,1094.8,505.6
454,15115,2075510,1094.6,505.7,1051.1,466.9,1072.85,486.3,0,1,1094.6,505.7
454,15116,2075511,1094.5,505.6,1051.1,466.7,1072.8,486.15,0,1,1094.5,505.6
454,15117,2075512,1094.3,505.7,1051.0,466.5,1072.65,486.1,0,1,1094.3,505.7
454,15118,2075513,1094.1,505.9,1051.0,466.3,1072.55,486.1,0,1,1094.1,505.9
454,15119,2075514,1093.9,506.1,1050.5,466.0,1072.2,486.05,0,1,1093.9,506.1
454,15120,2075515,1093.8,506.4,1050.0,465.0,1071.9,485.7,0,1,1093.8,506.4
454,15121,2075516,1093.7,506.8,1049.6,464.0,1071.65,485.4,0,1,1093.7,506.8
454,15122,2075517,1093.6,507.4,1049.2,463.2,1071.4,485.3,0,1,1093.6,507.4
454,15123,2075518,1093.5,508.5,1048.8,462.4,1071.15,485.45,0,1,1093.5,508.5
454,15124,2075519,1093.5,509.4,1048.4,461.7,1070.95,485.55,0,1,1093.5,509.4
454,15125,2075520,1093.6,510.1,1048.1,460.9,1070.85,485.5,0,1,1093.6,510.1
454,15126,2075521,1093.6,510.7,1048.2,460.1,1070.9,485.4,0,1,1093.6,510.7
454,15127,2075522,1093.8,511.3,1048.1,460.1,1070.95,485.7,0,1,1093.8,511.3
454,15128,2075523,1093.9,511.8,1048.1,460.1,1071.0,485.95,0,1,1093.9,511.8
454,15129,2075524,1094.0,512.1,1048.1,460.0,1071.05,486.05,0,1,1094.0,512.1
454,15130,2075525,1094.0,512.2,1048.0,459.7,1071.0,485.95,0,1,1094.0,512.2
454,15131,2075526,1094.0,512.4,1048.0,458.8,1071.0,485.6,0,1,1094.0,512.4
454,15132,2075527,1094.1,512.6,1047.9,457.9,1071.0,485.25,0,1,1094.1,512.6
454,15133,2075528,1094.1,512.8,1047.9,457.1,1071.0,484.95,0,1,1094.1,512.8
455,15134,2075529,1094.1,513.0,1048.0,456.4,1071.05,484.7,0,1,1094.1,513.0
455,15135,2075530,1094.0,513.2,1048.1,455.9,1071.05,484.55,0,1,1094.0,513.2
455,15136,2075531,1093.9,513.4,1048.2,455.5,1071.05,484.45,0,1,1093.9,513.4
455,15137,2075532,1093.6,513.3,1048.3,455.2,1070.95,484.25,0,1,1093.6,513.3
455,15138,2075533,1093.3,512.9,1048.3,455.4,1070.8,484.15,0,1,1093.3,512.9
455,15139,2075534,1093.0,511.7,1048.3,455.8,1070.65,483.75,0,1,1093.0,511.7
455,15140,2075535,1092.6,510.5,1048.4,456.1,1070.5,483.3,0,1,1092.6,510.5
455,15141,2075536,1092.3,509.2,1048.3,456.4,1070.3,482.8,0,1,1092.3,509.2
455,15142,2075537,1092.1,508.0,1048.4,456.5,1070.25,482.25,0,1,1092.1,508.0
455,15143,2075538,1091.9,506.8,1048.4,456.7,1070.15,481.75,0,1,1091.9,506.8
455,15144,2075539,1091.9,505.8,1048.8,456.8,1070.35,481.3,0,1,1091.9,505.8
455,15145,2075540,1092.0,505.1,1049.1,457.4,1070.55,481.25,0,1,1092.0,505.1
455,15146,2075541,1092.1,505.3,1049.7,458.1,1070.9,481.7,0,1,1092.1,505.3
455,15147,2075542,1092.1,505.7,1050.4,458.7,1071.25,482.2,0,1,1092.1,505.7
455,15148,2075543,1092.2,506.3,1051.1,459.3,1071.65,482.8,0,1,1092.2,506.3
455,15149,2075544,1092.2,507.1,1051.6,459.9,1071.9,483.5,0,1,1092.2,507.1
455,15150,2075545,1092.3,508.1,1052.1,460.6,1072.2,484.35,0,1,1092.3,508.1
455,15151,2075546,1092.3,509.1,1052.3,461.4,1072.3,485.25,0,1,1092.3,509.1
455,15152,2075547,1092.3,510.0,1052.7,461.5,1072.5,485.75,0,1,1092.3,510.0
455,15153,2075548,1092.2,511.4,1052.9,461.4,1072.55,486.4,0,1,1092.2,511.4
455,15154,2075549,1092.0,512.6,1053.1,460.8,1072.55,486.7,0,1,1092.0,512.6
455,15155,2075550,1091.8,513.6,1053.4,460.0,1072.6,486.8,0,1,1091.8,513.6
455,15156,2075551,1091.5,514.3,1054.0,459.2,1072.75,486.75,0,1,1091.5,514.3
455,15157,2075552,1091.3,515.1,1054.5,458.3,1072.9,486.7,0,1,1091.3,515.1
455,15158,2075553,1091.0,515.9,1055.3,457.1,1073.15,486.5,0,1,1091.0,515.9
455,15159,2075554,1090.8,516.6,1056.0,455.9,1073.4,486.25,0,1,1090.8,516.6
455,15160,2075555,1090.6,516.8,1056.6,455.0,1073.6,485.9,0,1,1090.6,516.8
455,15161,2075556,1090.4,516.9,1057.1,454.7,1073.75,485.8,0,1,1090.4,516.9
455,15162,2075557,1090.4,517.0,1057.5,454.6,1073.95,485.8,0,1,1090.4,517.0
455,15163,2075558,1090.4,517.1,1057.9,454.5,1074.15,485.8,0,1,1090.4,517.1
455,15164,2075559,1090.4,516.9,1058.2,454.6,1074.3,485.75,0,1,1090.4,516.9
455,15165,2075560,1090.4,516.8,1058.4,454.5,1074.4,485.65,0,1,1090.4,516.8
455,15166,2075561,1090.4,516.6,1058.7,454.5,1074.55,485.55,0,1,1090.4,516.6
456,15167,2075562,1090.3,516.4,1059.0,454.5,1074.65,485.45,0,1,1090.3,516.4
456,15168,2075563,1090.2,516.2,1059.2,454.3,1074.7,485.25,0,1,1090.2,516.2
456,15169,2075564,1090.2,516.0,1059.4,454.1,1074.8,485.05,0,1,1090.2,516.0
456,15170,2075565,1090.1,515.9,1059.7,453.6,1074.9,484.75,0,1,1090.1,515.9
456,15171,2075566,1090.2,516.0,1060.0,452.9,1075.1,484.45,0,1,1090.2,516.0
456,15172,2075567,1090.3,516.5,1060.2,452.3,1075.25,484.4,0,1,1090.3,516.5
456,15173,2075568,1090.4,517.0,1060.3,451.7,1075.35,484.35,0,1,1090.4,517.0
456,15174,2075569,1090.6,517.6,1060.3,451.2,1075.45,484.4,0,1,1090.6,517.6
456,15175,2075570,1090.5,517.2,1060.1,450.8,1075.3,484.0,0,1,1090.5,517.2
456,15176,2075571,1090.3,516.8,1059.8,450.4,1075.05,483.6,0,1,1090.3,516.8
456,15177,2075572,1090.0,516.3,1059.5,450.3,1074.75,483.3,0,1,1090.0,516.3
456,15178,2075573,1089.4,515.8,1059.1,450.3,1074.25,483.05,0,1,1089.4,515.8
456,15179,2075574,1088.7,515.1,1058.7,450.3,1073.7,482.7,0,1,1088.7,515.1
456,15180,2075575,1088.1,514.3,1058.3,450.3,1073.2,482.3,0,1,1088.1,514.3
456,15181,2075576,1087.5,513.4,1058.1,450.3,1072.8,481.85,0,1,1087.5,513.4
456,15182,2075577,1087.1,513.7,1058.1,450.2,1072.6,481.95,0,1,1087.1,513.7
456,15183,2075578,1086.6,514.0,1058.1,449.9,1072.35,481.95,0,1,1086.6,514.0
456,15184,2075579,1086.2,514.5,1058.1,449.6,1072.15,482.05,0,1,1086.2,514.5
456,15185,2075580,1086.0,514.9,1058.1,449.2,1072.05,482.05,0,1,1086.0,514.9
456,15186,2075581,1085.7,515.2,1058.0,448.9,1071.85,482.05,0,1,1085.7,515.2
456,15187,2075582,1085.5,515.5,1057.4,448.6,1071.45,482.05,0,1,1085.5,515.5
456,15188,2075583,1085.3,515.9,1056.8,448.3,1071.05,482.1,0,1,1085.3,515.9
456,15189,2075584,1085.1,515.2,1056.0,448.0,1070.55,481.6,0,1,1085.1,515.2
456,15190,2075585,1085.1,514.3,1055.2,447.9,1070.15,481.1,0,1,1085.1,514.3
456,15191,2075586,1085.3,512.4,1054.3,448.3,1069.8,480.35,0,1,1085.3,512.4
456,15192,2075587,1085.9,510.4,1053.5,449.1,1069.7,479.75,0,1,1085.9,510.4
456,15193,2075588,1086.5,508.3,1052.8,450.0,1069.65,479.15,0,1,1086.5,508.3
456,15194,2075589,1087.4,506.3,1052.8,451.8,1070.1,479.05,0,1,1087.4,506.3
456,15195,2075590,1088.9,504.5,1054.1,455.9,1071.5,480.2,0,1,1088.9,504.5
456,15196,2075591,1090.3,503.7,1057.2,460.0,1073.75,481.85,0,1,1090.3,503.7
456,15197,2075592,1094.0,503.7,1062.1,465.3,1078.05,484.5,0,1,1094.0,503.7
456,15198,2075593,1100.4,504.8,1070.2,472.5,1085.3,488.65,0,1,1100.4,504.8
456,15199,2075594,1108.5,507.1,1080.6,481.2,1094.55,494.15,0,1,1108.5,507.1
456,15200,2075595,1118.3,509.6,1093.1,492.4,1105.7,501.0,0,1,1118.3,509.6
457,15201,2075596,1129.5,515.5,1107.6,502.7,1118.55,509.1,0,1,1129.5,515.5
457,15202,2075597,1142.4,521.4,1123.0,513.2,1132.7,517.3,0,1,1142.4,521.4
457,15203,2075598,1156.1,529.3,1138.6,524.2,1147.35,526.75,0,1,1156.1,529.3
457,15204,2075599,1168.8,537.9,1153.4,535.7,1161.1,536.8,0,1,1168.8,537.9
457,15205,2075600,1181.3,549.1,1167.3,544.9,1174.3,547.0,0,1,1181.3,549.1
457,15206,2075601,1193.9,559.8,1179.6,554.4,1186.75,557.1,0,1,1193.9,559.8
457,15207,2075602,1206.0,571.2,1192.0,562.3,1199.0,566.75,0,1,1206.0,571.2
457,15208,2075603,1218.4,580.0,1203.0,570.2,1210.7,575.1,0,1,1218.4,580.0
457,15209,2075604,1229.4,589.1,1212.0,575.6,1220.7,582.35,0,1,1229.4,589.1
457,15210,2075605,1240.9,596.7,1219.9,580.7,1230.4,588.7,0,1,1240.9,596.7
457,15211,2075606,1251.9,604.3,1227.6,584.0,1239.75,594.15,0,1,1251.9,604.3
457,15212,2075607,1261.1,609.8,1233.1,587.3,1247.1,598.55,0,1,1261.1,609.8
457,15213,2075608,1268.3,615.0,1237.8,588.6,1253.05,601.8,0,1,1268.3,615.0
457,15214,2075609,1274.6,620.1,1240.6,589.1,1257.6,604.6,0,1,1274.6,620.1
457,15215,2075610,1278.9,624.4,1242.4,589.6,1260.65,607.0,0,1,1278.9,624.4
457,15216,2075611,1282.3,628.2,1244.2,590.0,1263.25,609.1,0,1,1282.3,628.2
457,15217,2075612,1284.5,631.7,1245.0,591.0,1264.75,611.35,0,1,1284.5,631.7
457,15218,2075613,1285.7,633.7,1245.1,591.9,1265.4,612.8,0,1,1285.7,633.7
457,15219,2075614,1286.2,635.0,1245.8,592.7,1266.0,613.85,0,1,1286.2,635.0
457,15220,2075615,1286.4,635.8,1246.5,593.4,1266.45,614.6,0,1,1286.4,635.8
457,15221,2075616,1286.2,635.8,1247.1,593.8,1266.65,614.8,0,1,1286.2,635.8
457,15222,2075617,1285.4,635.7,1247.7,594.2,1266.55,614.95,0,1,1285.4,635.7
457,15223,2075618,1284.4,635.5,1248.4,594.7,1266.4,615.1,0,1,1284.4,635.5
457,15224,2075619,1282.8,634.9,1249.1,594.4,1265.95,614.65,0,1,1282.8,634.9
457,15225,2075620,1281.3,634.1,1249.7,594.1,1265.5,614.1,0,1,1281.3,634.1
457,15226,2075621,1279.6,633.4,1249.8,593.8,1264.7,613.6,0,1,1279.6,633.4
457,15227,2075622,1276.9,632.5,1249.6,593.6,1263.25,613.05,0,1,1276.9,632.5
457,15228,2075623,1273.8,631.5,1249.5,593.2,1261.65,612.35,0,1,1273.8,631.5
457,15229,2075624,1271.2,630.6,1249.2,592.9,1260.2,611.75,0,1,1271.2,630.6
457,15230,2075625,1268.9,629.0,1248.9,592.5,1258.9,610.75,0,1,1268.9,629.0
457,15231,2075626,1266.8,627.6,1248.5,591.9,1257.65,609.75,0,1,1266.8,627.6
457,15232,2075627,1264.7,626.2,1248.0,591.2,1256.35,608.7,0,1,1264.7,626.2
457,15233,2075628,1262.6,625.0,1247.6,589.7,1255.1,607.35,0,1,1262.6,625.0
458,15234,2075629,1261.9,624.0,1247.2,588.3,1254.55,606.15,0,1,1261.9,624.0
458,15235,2075630,1261.7,623.2,1246.7,587.1,1254.2,605.15,0,1,1261.7,623.2
458,15236,2075631,1261.5,622.3,1246.3,585.8,1253.9,604.05,0,1,1261.5,622.3
458,15237,2075632,1261.2,622.3,1246.0,584.5,1253.6,603.4,0,1,1261.2,622.3
458,15238,2075633,1261.5,622.3,1245.6,583.3,1253.55,602.8,0,1,1261.5,622.3
458,15239,2075634,1261.7,622.1,1245.6,582.3,1253.65,602.2,0,1,1261.7,622.1
458,15240,2075635,1261.9,621.9,1245.6,582.2,1253.75,602.05,0,1,1261.9,621.9
458,15241,2075636,1261.9,621.5,1245.6,581.9,1253.75,601.7,0,1,1261.9,621.5
458,15242,2075637,1262.0,621.2,1245.9,581.5,1253.95,601.35,0,1,1262.0,621.2
458,15243,2075638,1262.1,621.0,1246.1,581.2,1254.1,601.1,0,1,1262.1,621.0
458,15244,2075639,1262.2,620.9,1246.3,581.1,1254.25,601.0,0,1,1262.2,620.9
458,15245,2075640,1262.7,620.9,1246.4,581.5,1254.55,601.2,0,1,1262.7,620.9
458,15246,2075641,1263.2,621.1,1246.3,582.1,1254.75,601.6,0,1,1263.2,621.1
458,15247,2075642,1263.7,621.3,1246.1,582.7,1254.9,602.0,0,1,1263.7,621.3
458,15248,2075643,1264.1,621.6,1245.9,583.3,1255.0,602.45,0,1,1264.1,621.6
458,15249,2075644,1264.6,621.5,1245.7,584.2,1255.15,602.85,0,1,1264.6,621.5
458,15250,2075645,1264.9,621.3,1245.4,585.0,1255.15,603.15,0,1,1264.9,621.3
458,15251,2075646,1265.4,620.9,1244.7,586.1,1255.05,603.5,0,1,1265.4,620.9
458,15252,2075647,1265.4,620.5,1244.0,586.5,1254.7,603.5,0,1,1265.4,620.5
458,15253,2075648,1265.6,620.1,1243.5,586.8,1254.55,603.45,0,1,1265.6,620.1
458,15254,2075649,1265.7,619.7,1243.0,587.1,1254.35,603.4,0,1,1265.7,619.7
458,15255,2075650,1266.0,619.3,1242.4,587.2,1254.2,603.25,0,1,1266.0,619.3
458,15256,2075651,1266.3,619.2,1241.9,587.2,1254.1,603.2,0,1,1266.3,619.2
458,15257,2075652,1266.7,619.1,1241.5,587.2,1254.1,603.15,0,1,1266.7,619.1
458,15258,2075653,1267.0,618.9,1241.5,586.9,1254.25,602.9,0,1,1267.0,618.9
458,15259,2075654,1267.3,618.7,1241.6,586.7,1254.45,602.7,0,1,1267.3,618.7
458,15260,2075655,1267.5,618.4,1241.7,586.5,1254.6,602.45,0,1,1267.5,618.4
458,15261,2075656,1267.7,618.1,1241.7,586.5,1254.7,602.3,0,1,1267.7,618.1
458,15262,2075657,1267.4,617.7,1241.7,586.4,1254.55,602.05,0,1,1267.4,617.7
458,15263,2075658,1266.8,617.5,1241.8,586.3,1254.3,601.9,0,1,1266.8,617.5
458,15264,2075659,1266.3,617.3,1241.7,586.2,1254.0,601.75,0,1,1266.3,617.3
458,15265,2075660,1265.7,617.3,1241.7,586.1,1253.7,601.7,0,1,1265.7,617.3
458,15266,2075661,1265.0,617.3,1241.5,586.0,1253.25,601.65,0,1,1265.0,617.3
459,15267,2075662,1264.5,617.3,1241.4,585.9,1252.95,601.6,0,1,1264.5,617.3
459,15268,2075663,1264.1,617.3,1241.3,585.7,1252.7,601.5,0,1,1264.1,617.3
459,15269,2075664,1264.1,617.5,1241.1,585.5,1252.6,601.5,0,1,1264.1,617.5
459,15270,2075665,1264.3,617.5,1241.0,585.3,1252.65,601.4,0,1,1264.3,617.5
459,15271,2075666,1264.6,617.5,1241.0,585.1,1252.8,601.3,0,1,1264.6,617.5
459,15272,2075667,1264.8,617.5,1241.0,585.0,1252.9,601.25,0,1,1264.8,617.5
459,15273,2075668,1265.0,617.5,1241.1,584.9,1253.05,601.2,0,1,1265.0,617.5
459,15274,2075669,1265.2,618.3,1241.0,584.9,1253.1,601.6,0,1,1265.2,618.3
459,15275,2075670,1265.2,619.0,1240.9,585.0,1253.05,602.0,0,1,1265.2,619.0
459,15276,2075671,1265.1,619.7,1240.8,585.6,1252.95,602.65,0,1,1265.1,619.7
459,15277,2075672,1265.0,620.5,1240.7,586.2,1252.85,603.35,0,1,1265.0,620.5
459,15278,2075673,1264.9,621.2,1240.5,586.6,1252.7,603.9,0,1,1264.9,621.2
459,15279,2075674,1264.8,622.0,1240.4,587.0,1252.6,604.5,0,1,1264.8,622.0
459,15280,2075675,1264.8,622.7,1240.5,587.3,1252.65,605.0,0,1,1264.8,622.7
459,15281,2075676,1264.8,622.7,1240.6,587.4,1252.7,605.05,0,1,1264.8,622.7
459,15282,2075677,1264.8,622.6,1240.7,587.1,1252.75,604.85,0,1,1264.8,622.6
459,15283,2075678,1264.8,622.6,1241.1,586.5,1252.95,604.55,0,1,1264.8,622.6
459,15284,2075679,1264.7,622.5,1241.4,585.8,1253.05,604.15,0,1,1264.7,622.5
459,15285,2075680,1264.5,622.4,1241.7,585.3,1253.1,603.85,0,1,1264.5,622.4
459,15286,2075681,1263.8,622.3,1242.1,584.9,1252.95,603.6,0,1,1263.8,622.3
459,15287,2075682,1263.0,622.2,1242.3,584.7,1252.65,603.45,0,1,1263.0,622.2
459,15288,2075683,1262.2,622.1,1242.5,584.4,1252.35,603.25,0,1,1262.2,622.1
459,15289,2075684,1261.3,621.9,1242.5,584.5,1251.9,603.2,0,1,1261.3,621.9
459,15290,2075685,1260.5,621.8,1242.5,584.5,1251.5,603.15,0,1,1260.5,621.8
459,15291,2075686,1259.7,621.6,1242.5,584.7,1251.1,603.15,0,1,1259.7,621.6
459,15292,2075687,1258.9,621.5,1242.3,584.9,1250.6,603.2,0,1,1258.9,621.5
459,15293,2075688,1258.4,621.2,1242.0,585.1,1250.2,603.15,0,1,1258.4,621.2
459,15294,2075689,1258.2,620.9,1241.8,585.2,1250.0,603.05,0,1,1258.2,620.9
459,15295,2075690,1257.8,620.2,1241.8,585.3,1249.8,602.75,0,1,1257.8,620.2
459,15296,2075691,1257.3,619.1,1241.7,585.3,1249.5,602.2,0,1,1257.3,619.1
459,15297,2075692,1256.9,617.9,1241.6,585.3,1249.25,601.6,0,1,1256.9,617.9
459,15298,2075693,1256.6,616.6,1241.5,585.2,1249.05,600.9,0,1,1256.6,616.6
459,15299,2075694,1256.5,615.5,1241.5,585.2,1249.0,600.35,0,1,1256.5,615.5
459,15300,2075695,1256.3,614.8,1241.5,585.2,1248.9,600.0,0,1,1256.3,614.8
460,15301,2075696,1256.1,615.1,1241.8,585.2,1248.95,600.15,0,1,1256.1,615.1
460,15302,2075697,1255.8,615.8,1242.0,585.2,1248.9,600.5,0,1,1255.8,615.8
460,15303,2075698,1255.3,617.0,1242.2,586.0,1248.75,601.5,0,1,1255.3,617.0
460,15304,2075699,1254.8,618.1,1242.1,586.7,1248.45,602.4,0,1,1254.8,618.1
460,15305,2075700,1254.3,619.6,1242.0,587.3,1248.15,603.45,0,1,1254.3,619.6
460,15306,2075701,1253.8,620.8,1241.9,587.5,1247.85,604.15,0,1,1253.8,620.8
460,15307,2075702,1253.2,621.8,1241.9,587.7,1247.55,604.75,0,1,1253.2,621.8
460,15308,2075703,1252.7,621.9,1241.5,587.6,1247.1,604.75,0,1,1252.7,621.9
460,15309,2075704,1252.4,621.8,1241.2,587.5,1246.8,604.65,0,1,1252.4,621.8
460,15310,2075705,1252.4,621.7,1241.0,586.6,1246.7,604.15,0,1,1252.4,621.7
460,15311,2075706,1252.3,621.5,1241.2,585.9,1246.75,603.7,0,1,1252.3,621.5
460,15312,2075707,1252.2,621.3,1241.3,585.5,1246.75,603.4,0,1,1252.2,621.3
460,15313,2075708,1252.0,621.1,1241.4,585.5,1246.7,603.3,0,1,1252.0,621.1
460,15314,2075709,1252.0,620.9,1241.4,585.6,1246.7,603.25,0,1,1252.0,620.9
460,15315,2075710,1251.9,620.6,1241.5,585.8,1246.7,603.2,0,1,1251.9,620.6
460,15316,2075711,1251.9,620.5,1241.5,585.9,1246.7,603.2,0,1,1251.9,620.5
460,15317,2075712,1251.8,620.4,1241.4,586.1,1246.6,603.25,0,1,1251.8,620.4
460,15318,2075713,1251.7,620.4,1241.4,586.2,1246.55,603.3,0,1,1251.7,620.4
460,15319,2075714,1251.3,620.3,1241.3,586.1,1246.3,603.2,0,1,1251.3,620.3
460,15320,2075715,1250.9,620.3,1241.3,586.0,1246.1,603.15,0,1,1250.9,620.3
460,15321,2075716,1250.7,620.2,1241.1,585.9,1245.9,603.05,0,1,1250.7,620.2
460,15322,2075717,1250.6,620.2,1240.9,585.9,1245.75,603.05,0,1,1250.6,620.2
460,15323,2075718,1250.6,620.2,1240.7,585.9,1245.65,603.05,0,1,1250.6,620.2
460,15324,2075719,1250.6,620.2,1240.4,586.8,1245.5,603.5,0,1,1250.6,620.2
460,15325,2075720,1250.7,620.2,1240.0,587.6,1245.35,603.9,0,1,1250.7,620.2
460,15326,2075721,1251.1,620.2,1239.7,588.5,1245.4,604.35,0,1,1251.1,620.2
460,15327,2075722,1251.4,619.9,1239.3,589.3,1245.35,604.6,0,1,1251.4,619.9
460,15328,2075723,1251.6,619.7,1239.1,590.2,1245.35,604.95,0,1,1251.6,619.7
460,15329,2075724,1251.7,619.8,1238.9,591.1,1245.3,605.45,0,1,1251.7,619.8
460,15330,2075725,1251.7,620.5,1238.9,591.8,1245.3,606.15,0,1,1251.7,620.5
460,15331,2075726,1251.8,621.3,1239.0,591.6,1245.4,606.45,0,1,1251.8,621.3
460,15332,2075727,1251.8,622.1,1239.1,591.0,1245.45,606.55,0,1,1251.8,622.1
460,15333,2075728,1251.9,622.9,1239.3,590.5,1245.6,606.7,0,1,1251.9,622.9
461,15334,2075729,1251.9,624.1,1239.4,590.0,1245.65,607.05,0,1,1251.9,624.1
461,15335,2075730,1251.6,625.0,1239.6,589.5,1245.6,607.25,0,1,1251.6,625.0
461,15336,2075731,1251.4,625.7,1239.8,589.0,1245.6,607.35,0,1,1251.4,625.7
461,15337,2075732,1251.2,625.7,1239.8,588.6,1245.5,607.15,0,1,1251.2,625.7
461,15338,2075733,1250.9,625.7,1239.6,588.5,1245.25,607.1,0,1,1250.9,625.7
461,15339,2075734,1250.7,625.8,1239.4,588.8,1245.05,607.3,0,1,1250.7,625.8
461,15340,2075735,1250.6,626.0,1239.2,589.0,1244.9,607.5,0,1,1250.6,626.0
461,15341,2075736,1250.5,626.3,1238.9,589.2,1244.7,607.75,0,1,1250.5,626.3
461,15342,2075737,1251.0,627.2,1238.6,589.3,1244.8,608.25,0,1,1251.0,627.2
461,15343,2075738,1251.4,628.0,1238.4,589.4,1244.9,608.7,0,1,1251.4,628.0
461,15344,2075739,1251.9,628.8,1238.2,589.6,1245.05,609.2,0,1,1251.9,628.8
461,15345,2075740,1252.3,629.4,1238.2,589.8,1245.25,609.6,0,1,1252.3,629.4
461,15346,2075741,1252.8,630.1,1238.2,590.4,1245.5,610.25,0,1,1252.8,630.1
461,15347,2075742,1253.1,630.6,1238.3,590.9,1245.7,610.75,0,1,1253.1,630.6
461,15348,2075743,1253.3,631.0,1238.4,591.3,1245.85,611.15,0,1,1253.3,631.0
461,15349,2075744,1253.2,630.5,1238.5,591.7,1245.85,611.1,0,1,1253.2,630.5
461,15350,2075745,1253.2,630.0,1238.6,592.1,1245.9,611.05,0,1,1253.2,630.0
461,15351,2075746,1253.1,629.5,1238.7,592.4,1245.9,610.95,0,1,1253.1,629.5
461,15352,2075747,1253.2,629.0,1238.9,592.7,1246.05,610.85,0,1,1253.2,629.0
461,15353,2075748,1253.3,628.9,1238.9,592.7,1246.1,610.8,0,1,1253.3,628.9
461,15354,2075749,1253.5,628.7,1239.0,592.8,1246.25,610.75,0,1,1253.5,628.7
461,15355,2075750,1253.8,628.6,1239.0,593.0,1246.4,610.8,0,1,1253.8,628.6
461,15356,2075751,1254.1,629.0,1238.9,593.3,1246.5,611.15,0,1,1254.1,629.0
461,15357,2075752,1254.4,629.3,1238.7,593.6,1246.55,611.45,0,1,1254.4,629.3
461,15358,2075753,1254.2,629.6,1238.5,593.9,1246.35,611.75,0,1,1254.2,629.6
461,15359,2075754,1253.6,629.8,1238.3,594.1,1245.95,611.95,0,1,1253.6,629.8
461,15360,2075755,1252.9,629.7,1238.0,594.3,1245.45,612.0,0,1,1252.9,629.7
461,15361,2075756,1252.1,629.5,1237.8,594.5,1244.95,612.0,0,1,1252.1,629.5
461,15362,2075757,1251.4,629.3,1237.5,594.8,1244.45,612.05,0,1,1251.4,629.3
461,15363,2075758,1250.8,629.1,1237.2,595.1,1244.0,612.1,0,1,1250.8,629.1
461,15364,2075759,1250.4,628.8,1237.0,595.4,1243.7,612.1,0,1,1250.4,628.8
461,15365,2075760,1250.4,628.7,1236.9,595.8,1243.65,612.25,0,1,1250.4,628.7
461,15366,2075761,1250.7,628.8,1236.7,596.2,1243.7,612.5,0,1,1250.7,628.8
462,15367,2075762,1251.1,628.8,1236.6,596.6,1243.85,612.7,0,1,1251.1,628.8
462,15368,2075763,1251.5,628.9,1236.4,596.9,1243.95,612.9,0,1,1251.5,628.9
462,15369,2075764,1251.9,629.0,1236.2,597.2,1244.05,613.1,0,1,1251.9,629.0
462,15370,2075765,1252.1,628.8,1236.0,597.5,1244.05,613.15,0,1,1252.1,628.8
462,15371,2075766,1252.4,628.5,1235.9,597.6,1244.15,613.05,0,1,1252.4,628.5
462,15372,2075767,1252.5,628.3,1235.8,597.4,1244.15,612.85,0,1,1252.5,628.3
462,15373,2075768,1252.6,628.0,1235.7,597.3,1244.15,612.65,0,1,1252.6,628.0
462,15374,2075769,1252.7,628.0,1235.6,597.2,1244.15,612.6,0,1,1252.7,628.0
462,15375,2075770,1252.8,628.1,1235.5,597.0,1244.15,612.55,0,1,1252.8,628.1
462,15376,2075771,1252.9,628.2,1235.3,596.8,1244.1,612.5,0,1,1252.9,628.2
462,15377,2075772,1252.9,628.5,1235.2,596.4,1244.05,612.45,0,1,1252.9,628.5
462,15378,2075773,1252.8,628.7,1235.0,596.1,1243.9,612.4,0,1,1252.8,628.7
462,15379,2075774,1252.4,628.3,1234.8,595.8,1243.6,612.05,0,1,1252.4,628.3
462,15380,2075775,1251.9,627.7,1234.6,595.5,1243.25,611.6,0,1,1251.9,627.7
462,15381,2075776,1251.5,627.0,1234.4,595.2,1242.95,611.1,0,1,1251.5,627.0
462,15382,2075777,1251.0,626.0,1234.2,595.0,1242.6,610.5,0,1,1251.0,626.0
462,15383,2075778,1250.6,625.2,1234.2,594.9,1242.4,610.05,0,1,1250.6,625.2
462,15384,2075779,1250.3,624.4,1234.1,595.0,1242.2,609.7,0,1,1250.3,624.4
462,15385,2075780,1250.2,623.7,1234.0,595.0,1242.1,609.35,0,1,1250.2,623.7
462,15386,2075781,1250.7,623.7,1234.0,595.1,1242.35,609.4,0,1,1250.7,623.7
462,15387,2075782,1251.2,624.0,1234.0,595.2,1242.6,609.6,0,1,1251.2,624.0
462,15388,2075783,1251.6,624.3,1234.3,595.2,1242.95,609.75,0,1,1251.6,624.3
462,15389,2075784,1251.9,624.4,1234.5,595.2,1243.2,609.8,0,1,1251.9,624.4
462,15390,2075785,1252.1,624.4,1234.8,595.2,1243.45,609.8,0,1,1252.1,624.4
462,15391,2075786,1252.2,624.4,1235.3,595.3,1243.75,609.85,0,1,1252.2,624.4
462,15392,2075787,1252.3,624.2,1235.7,595.4,1244.0,609.8,0,1,1252.3,624.2
462,15393,2075788,1252.0,623.9,1236.1,595.4,1244.05,609.65,0,1,1252.0,623.9
462,15394,2075789,1251.7,623.0,1236.5,595.3,1244.1,609.15,0,1,1251.7,623.0
462,15395,2075790,1251.5,622.2,1236.8,595.3,1244.15,608.75,0,1,1251.5,622.2
462,15396,2075791,1251.4,621.5,1237.0,595.2,1244.2,608.35,0,1,1251.4,621.5
462,15397,2075792,1251.3,620.4,1237.3,595.0,1244.3,607.7,0,1,1251.3,620.4
462,15398,2075793,1251.2,619.2,1237.4,594.9,1244.3,607.05,0,1,1251.2,619.2
462,15399,2075794,1251.1,618.0,1237.5,594.7,1244.3,606.35,0,1,1251.1,618.0
462,15400,2075795,1251.0,616.9,1237.5,594.7,1244.25,605.8,0,1,1251.0,616.9
463,15401,2075796,1250.8,615.8,1237.5,594.7,1244.15,605.25,0,1,1250.8,615.8
463,15402,2075797,1250.7,614.7,1237.4,594.7,1244.05,604.7,0,1,1250.7,614.7
463,15403,2075798,1250.7,613.7,1237.4,594.7,1244.05,604.2,0,1,1250.7,613.7
463,15404,2075799,1250.9,613.2,1237.5,594.7,1244.2,603.95,0,1,1250.9,613.2
463,15405,2075800,1251.0,612.9,1237.6,594.6,1244.3,603.75,0,1,1251.0,612.9
463,15406,2075801,1251.2,612.5,1237.7,594.6,1244.45,603.55,0,1,1251.2,612.5
463,15407,2075802,1251.3,612.2,1237.8,594.7,1244.55,603.45,0,1,1251.3,612.2
463,15408,2075803,1251.3,612.4,1237.7,594.7,1244.5,603.55,0,1,1251.3,612.4
463,15409,2075804,1251.2,612.6,1237.6,594.5,1244.4,603.55,0,1,1251.2,612.6
463,15410,2075805,1251.2,612.6,1237.6,594.3,1244.4,603.45,0,1,1251.2,612.6
463,15411,2075806,1250.9,612.2,1237.2,594.0,1244.05,603.1,0,1,1250.9,612.2
463,15412,2075807,1250.6,611.7,1237.0,593.4,1243.8,602.55,0,1,1250.6,611.7
463,15413,2075808,1250.4,611.2,1236.7,592.9,1243.55,602.05,0,1,1250.4,611.2
463,15414,2075809,1250.4,610.6,1236.5,592.3,1243.45,601.45,0,1,1250.4,610.6
463,15415,2075810,1250.6,609.9,1236.6,591.9,1243.6,600.9,0,1,1250.6,609.9
463,15416,2075811,1250.8,609.3,1236.7,591.7,1243.75,600.5,0,1,1250.8,609.3
463,15417,2075812,1251.3,608.8,1236.8,591.5,1244.05,600.15,0,1,1251.3,608.8
463,15418,2075813,1251.8,608.6,1237.1,591.5,1244.45,600.05,0,1,1251.8,608.6
463,15419,2075814,1252.3,608.5,1237.4,591.8,1244.85,600.15,0,1,1252.3,608.5
463,15420,2075815,1252.7,608.3,1237.7,592.0,1245.2,600.15,0,1,1252.7,608.3
463,15421,2075816,1252.9,608.0,1238.0,592.2,1245.45,600.1,0,1,1252.9,608.0
463,15422,2075817,1253.1,607.6,1238.2,592.5,1245.65,600.05,0,1,1253.1,607.6
463,15423,2075818,1253.1,607.3,1238.3,592.5,1245.7,599.9,0,1,1253.1,607.3
463,15424,2075819,1253.0,607.0,1238.4,592.6,1245.7,599.8,0,1,1253.0,607.0
463,15425,2075820,1252.8,606.6,1238.5,592.6,1245.65,599.6,0,1,1252.8,606.6
463,15426,2075821,1252.7,606.3,1238.5,592.4,1245.6,599.35,0,1,1252.7,606.3
463,15427,2075822,1252.6,606.0,1238.6,592.3,1245.6,599.15,0,1,1252.6,606.0
463,15428,2075823,1252.6,605.7,1238.7,591.8,1245.65,598.75,0,1,1252.6,605.7
463,15429,2075824,1252.5,605.6,1238.8,591.3,1245.65,598.45,0,1,1252.5,605.6
463,15430,2075825,1252.4,605.5,1238.9,590.9,1245.65,598.2,0,1,1252.4,605.5
463,15431,2075826,1252.3,605.5,1239.0,590.5,1245.65,598.0,0,1,1252.3,605.5
463,15432,2075827,1252.3,605.6,1239.2,590.1,1245.75,597.85,0,1,1252.3,605.6
463,15433,2075828,1252.3,605.6,1239.3,589.8,1245.8,597.7,0,1,1252.3,605.6
464,15434,2075829,1252.2,605.7,1239.5,589.5,1245.85,597.6,0,1,1252.2,605.7
464,15435,2075830,1252.0,605.3,1239.6,589.4,1245.8,597.35,0,1,1252.0,605.3
464,15436,2075831,1251.9,604.8,1239.6,589.3,1245.75,597.05,0,1,1251.9,604.8
464,15437,2075832,1251.8,604.3,1239.8,589.2,1245.8,596.75,0,1,1251.8,604.3
464,15438,2075833,1251.7,603.7,1240.1,589.1,1245.9,596.4,0,1,1251.7,603.7
464,15439,2075834,1251.7,603.2,1240.3,589.0,1246.0,596.1,0,1,1251.7,603.2
464,15440,2075835,1251.9,602.7,1240.5,589.0,1246.2,595.85,0,1,1251.9,602.7
464,15441,2075836,1252.2,602.3,1240.7,588.7,1246.45,595.5,0,1,1252.2,602.3
464,15442,2075837,1252.6,602.6,1241.0,588.3,1246.8,595.45,0,1,1252.6,602.6
464,15443,2075838,1253.0,602.8,1241.4,588.0,1247.2,595.4,0,1,1253.0,602.8
464,15444,2075839,1253.5,603.0,1241.6,587.7,1247.55,595.35,0,1,1253.5,603.0
464,15445,2075840,1253.8,603.1,1241.7,587.5,1247.75,595.3,0,1,1253.8,603.1
464,15446,2075841,1254.0,603.0,1242.0,587.2,1248.0,595.1,0,1,1254.0,603.0
464,15447,2075842,1253.7,602.9,1242.3,586.9,1248.0,594.9,0,1,1253.7,602.9
464,15448,2075843,1253.4,602.5,1242.5,586.8,1247.95,594.65,0,1,1253.4,602.5
464,15449,2075844,1253.1,602.0,1242.7,586.7,1247.9,594.35,0,1,1253.1,602.0
464,15450,2075845,1253.0,601.6,1242.8,586.7,1247.9,594.15,0,1,1253.0,601.6
464,15451,2075846,1252.9,601.3,1243.0,586.7,1247.95,594.0,0,1,1252.9,601.3
464,15452,2075847,1252.9,601.0,1243.1,586.6,1248.0,593.8,0,1,1252.9,601.0
464,15453,2075848,1252.9,600.7,1243.1,586.5,1248.0,593.6,0,1,1252.9,600.7
464,15454,2075849,1253.3,600.4,1242.9,586.6,1248.1,593.5,0,1,1253.3,600.4
464,15455,2075850,1253.6,600.5,1242.8,586.7,1248.2,593.6,0,1,1253.6,600.5
464,15456,2075851,1254.0,600.5,1242.7,586.9,1248.35,593.7,0,1,1254.0,600.5
464,15457,2075852,1254.0,600.5,1242.7,587.0,1248.35,593.75,0,1,1254.0,600.5
464,15458,2075853,1254.3,600.4,1242.7,587.2,1248.5,593.8,0,1,1254.3,600.4
464,15459,2075854,1254.7,600.6,1242.8,587.2,1248.75,593.9,0,1,1254.7,600.6
464,15460,2075855,1255.0,600.6,1243.1,587.2,1249.05,593.9,0,1,1255.0,600.6
464,15461,2075856,1255.1,600.4,1243.5,587.1,1249.3,593.75,0,1,1255.1,600.4
464,15462,2075857,1255.2,600.2,1243.9,586.9,1249.55,593.55,0,1,1255.2,600.2
464,15463,2075858,1255.3,600.0,1244.3,586.6,1249.8,593.3,0,1,1255.3,600.0
464,15464,2075859,1255.3,599.9,1244.6,585.9,1249.95,592.9,0,1,1255.3,599.9
464,15465,2075860,1255.1,599.6,1244.7,585.2,1249.9,592.4,0,1,1255.1,599.6
464,15466,2075861,1254.5,599.1,1244.4,584.4,1249.45,591.75,0,1,1254.5,599.1
465,15467,2075862,1254.0,598.8,1243.9,583.7,1248.95,591.25,0,1,1254.0,598.8
465,15468,2075863,1253.6,598.8,1243.5,582.6,1248.55,590.7,0,1,1253.6,598.8
465,15469,2075864,1253.1,599.0,1243.1,581.6,1248.1,590.3,0,1,1253.1,599.0
465,15470,2075865,1252.6,599.3,1242.9,580.6,1247.75,589.95,0,1,1252.6,599.3
465,15471,2075866,1252.7,599.6,1242.6,579.9,1247.65,589.75,0,1,1252.7,599.6
465,15472,2075867,1252.9,599.9,1242.5,579.2,1247.7,589.55,0,1,1252.9,599.9
465,15473,2075868,1253.4,600.1,1243.0,578.5,1248.2,589.3,0,1,1253.4,600.1
465,15474,2075869,1253.8,600.0,1243.6,578.0,1248.7,589.0,0,1,1253.8,600.0
465,15475,2075870,1254.4,599.9,1244.0,578.0,1249.2,588.95,0,1,1254.4,599.9
465,15476,2075871,1255.0,599.6,1244.5,578.0,1249.75,588.8,0,1,1255.0,599.6
465,15477,2075872,1255.5,599.3,1244.8,577.9,1250.15,588.6,0,1,1255.5,599.3
465,15478,2075873,1255.6,598.9,1245.0,577.9,1250.3,588.4,0,1,1255.6,598.9
465,15479,2075874,1255.6,598.6,1245.2,578.2,1250.4,588.4,0,1,1255.6,598.6
465,15480,2075875,1255.8,598.2,1244.8,578.4,1250.3,588.3,0,1,1255.8,598.2
465,15481,2075876,1256.0,597.9,1244.5,578.5,1250.25,588.2,0,1,1256.0,597.9
465,15482,2075877,1256.3,597.6,1244.2,578.4,1250.25,588.0,0,1,1256.3,597.6
465,15483,2075878,1256.5,597.5,1243.9,578.2,1250.2,587.85,0,1,1256.5,597.5
465,15484,2075879,1256.7,597.8,1243.7,578.1,1250.2,587.95,0,1,1256.7,597.8
465,15485,2075880,1256.8,598.0,1243.8,577.7,1250.3,587.85,0,1,1256.8,598.0
465,15486,2075881,1256.6,598.3,1243.9,577.3,1250.25,587.8,0,1,1256.6,598.3
465,15487,2075882,1256.3,598.4,1244.3,576.4,1250.3,587.4,0,1,1256.3,598.4
465,15488,2075883,1256.0,598.6,1244.7,575.5,1250.35,587.05,0,1,1256.0,598.6
465,15489,2075884,1256.0,598.7,1245.1,574.8,1250.55,586.75,0,1,1256.0,598.7
465,15490,2075885,1256.0,598.7,1245.3,574.2,1250.65,586.45,0,1,1256.0,598.7
465,15491,2075886,1256.0,598.1,1245.5,573.5,1250.75,585.8,0,1,1256.0,598.1
465,15492,2075887,1256.1,597.5,1245.4,572.5,1250.75,585.0,0,1,1256.1,597.5
465,15493,2075888,1256.5,596.9,1245.5,571.5,1251.0,584.2,0,1,1256.5,596.9
465,15494,2075889,1256.8,596.6,1245.4,571.0,1251.1,583.8,0,1,1256.8,596.6
465,15495,2075890,1256.6,596.6,1245.5,570.4,1251.05,583.5,0,1,1256.6,596.6
465,15496,2075891,1256.0,597.1,1245.6,570.0,1250.8,583.55,0,1,1256.0,597.1
465,15497,2075892,1255.5,597.6,1245.8,569.6,1250.65,583.6,0,1,1255.5,597.6
465,15498,2075893,1255.0,598.2,1245.9,569.1,1250.45,583.65,0,1,1255.0,598.2
465,15499,2075894,1254.5,599.0,1246.0,569.0,1250.25,584.0,0,1,1254.5,599.0
465,15500,2075895,1254.0,599.7,1246.1,568.5,1250.05,584.1,0,1,1254.0,599.7
466,15501,2075896,1253.6,600.5,1246.1,568.1,1249.85,584.3,0,1,1253.6,600.5
466,15502,2075897,1253.8,601.1,1246.0,567.6,1249.9,584.35,0,1,1253.8,601.1
466,15503,2075898,1254.0,601.3,1245.9,567.1,1249.95,584.2,0,1,1254.0,601.3
466,15504,2075899,1254.6,601.2,1245.8,566.4,1250.2,583.8,0,1,1254.6,601.2
466,15505,2075900,1255.1,601.2,1245.7,565.9,1250.4,583.55,0,1,1255.1,601.2
466,15506,2075901,1255.6,601.0,1245.7,565.5,1250.65,583.25,0,1,1255.6,601.0
466,15507,2075902,1255.9,600.7,1245.7,565.4,1250.8,583.05,0,1,1255.9,600.7
466,15508,2075903,1256.3,600.4,1245.7,565.2,1251.0,582.8,0,1,1256.3,600.4
466,15509,2075904,1256.5,600.2,1245.7,564.8,1251.1,582.5,0,1,1256.5,600.2
466,15510,2075905,1256.5,600.2,1245.7,564.5,1251.1,582.35,0,1,1256.5,600.2
466,15511,2075906,1256.3,600.5,1245.8,564.2,1251.05,582.35,0,1,1256.3,600.5
466,15512,2075907,1256.0,600.8,1245.8,563.8,1250.9,582.3,0,1,1256.0,600.8
466,15513,2075908,1255.7,601.4,1245.9,563.3,1250.8,582.35,0,1,1255.7,601.4
466,15514,2075909,1255.5,602.3,1246.0,562.4,1250.75,582.35,0,1,1255.5,602.3
466,15515,2075910,1255.3,603.1,1245.7,561.6,1250.5,582.35,0,1,1255.3,603.1
466,15516,2075911,1254.9,603.9,1245.1,560.6,1250.0,582.25,0,1,1254.9,603.9
466,15517,2075912,1254.7,604.4,1244.5,559.7,1249.6,582.05,0,1,1254.7,604.4
466,15518,2075913,1254.5,604.8,1243.9,558.8,1249.2,581.8,0,1,1254.5,604.8
466,15519,2075914,1254.5,605.1,1243.2,558.0,1248.85,581.55,0,1,1254.5,605.1
466,15520,2075915,1254.4,605.5,1242.5,557.4,1248.45,581.45,0,1,1254.4,605.5
466,15521,2075916,1254.6,605.7,1241.7,557.3,1248.15,581.5,0,1,1254.6,605.7
466,15522,2075917,1254.8,605.9,1241.3,557.2,1248.05,581.55,0,1,1254.8,605.9
466,15523,2075918,1255.2,606.3,1241.4,557.2,1248.3,581.75,0,1,1255.2,606.3
466,15524,2075919,1255.7,606.6,1241.5,556.8,1248.6,581.7,0,1,1255.7,606.6
466,15525,2075920,1256.2,607.0,1241.6,556.4,1248.9,581.7,0,1,1256.2,607.0
466,15526,2075921,1256.5,607.4,1241.8,555.8,1249.15,581.6,0,1,1256.5,607.4
466,15527,2075922,1256.8,607.6,1242.2,555.2,1249.5,581.4,0,1,1256.8,607.6
466,15528,2075923,1256.8,608.4,1242.5,554.5,1249.65,581.45,0,1,1256.8,608.4
466,15529,2075924,1256.4,609.1,1242.8,554.0,1249.6,581.55,0,1,1256.4,609.1
466,15530,2075925,1255.8,609.8,1242.9,553.7,1249.35,581.75,0,1,1255.8,609.8
466,15531,2075926,1255.2,610.5,1242.9,553.7,1249.05,582.1,0,1,1255.2,610.5
466,15532,2075927,1254.5,611.6,1242.9,553.7,1248.7,582.65,0,1,1254.5,611.6
466,15533,2075928,1253.9,612.7,1242.9,553.7,1248.4,583.2,0,1,1253.9,612.7
467,15534,2075929,1253.3,613.8,1242.6,553.6,1247.95,583.7,0,1,1253.3,613.8
467,15535,2075930,1252.9,614.2,1242.2,553.5,1247.55,583.85,0,1,1252.9,614.2
467,15536,2075931,1252.8,614.5,1241.8,553.4,1247.3,583.95,0,1,1252.8,614.5
467,15537,2075932,1252.8,614.8,1241.2,553.2,1247.0,584.0,0,1,1252.8,614.8
467,15538,2075933,1252.8,615.1,1240.6,552.9,1246.7,584.0,0,1,1252.8,615.1
467,15539,2075934,1252.7,615.0,1239.9,552.6,1246.3,583.8,0,1,1252.7,615.0
467,15540,2075935,1252.5,615.2,1239.3,552.5,1245.9,583.85,0,1,1252.5,615.2
467,15541,2075936,1252.4,615.7,1238.9,552.4,1245.65,584.05,0,1,1252.4,615.7
467,15542,2075937,1252.2,616.2,1238.9,552.5,1245.55,584.35,0,1,1252.2,616.2
467,15543,2075938,1252.1,617.0,1238.9,552.6,1245.5,584.8,0,1,1252.1,617.0
467,15544,2075939,1252.2,617.9,1239.1,552.5,1245.65,585.2,0,1,1252.2,617.9
467,15545,2075940,1252.5,618.7,1239.4,552.3,1245.95,585.5,0,1,1252.5,618.7
467,15546,2075941,1252.9,619.6,1239.6,552.1,1246.25,585.85,0,1,1252.9,619.6
467,15547,2075942,1253.3,620.3,1239.7,551.8,1246.5,586.05,0,1,1253.3,620.3
467,15548,2075943,1253.8,620.7,1239.4,551.5,1246.6,586.1,0,1,1253.8,620.7
467,15549,2075944,1254.2,621.2,1238.9,551.0,1246.55,586.1,0,1,1254.2,621.2
467,15550,2075945,1254.5,621.5,1238.2,550.5,1246.35,586.0,0,1,1254.5,621.5
467,15551,2075946,1254.7,621.8,1237.6,550.2,1246.15,586.0,0,1,1254.7,621.8
467,15552,2075947,1254.8,622.1,1236.9,549.7,1245.85,585.9,0,1,1254.8,622.1
467,15553,2075948,1254.8,622.3,1236.4,549.3,1245.6,585.8,0,1,1254.8,622.3
467,15554,2075949,1254.9,622.5,1236.0,548.9,1245.45,585.7,0,1,1254.9,622.5
467,15555,2075950,1254.9,622.5,1236.2,548.5,1245.55,585.5,0,1,1254.9,622.5
467,15556,2075951,1255.0,622.5,1236.5,548.1,1245.75,585.3,0,1,1255.0,622.5
467,15557,2075952,1255.0,622.6,1236.8,547.7,1245.9,585.15,0,1,1255.0,622.6
467,15558,2075953,1255.1,622.8,1237.1,547.4,1246.1,585.1,0,1,1255.1,622.8
467,15559,2075954,1255.2,622.9,1237.0,547.3,1246.1,585.1,0,1,1255.2,622.9
467,15560,2075955,1254.9,623.3,1236.9,547.2,1245.9,585.25,0,1,1254.9,623.3
467,15561,2075956,1254.7,623.7,1236.9,547.1,1245.8,585.4,0,1,1254.7,623.7
467,15562,2075957,1254.4,624.3,1236.6,547.1,1245.5,585.7,0,1,1254.4,624.3
467,15563,2075958,1254.2,624.6,1236.4,547.0,1245.3,585.8,0,1,1254.2,624.6
467,15564,2075959,1254.1,624.8,1236.3,547.1,1245.2,585.95,0,1,1254.1,624.8
467,15565,2075960,1253.9,625.1,1236.1,547.4,1245.0,586.25,0,1,1253.9,625.1
467,15566,2075961,1253.7,625.5,1236.2,547.7,1244.95,586.6,0,1,1253.7,625.5
468,15567,2075962,1253.7,625.6,1236.3,548.0,1245.0,586.8,0,1,1253.7,625.6
468,15568,2075963,1253.7,625.7,1236.4,548.3,1245.05,587.0,0,1,1253.7,625.7
468,15569,2075964,1253.7,625.5,1236.5,548.5,1245.1,587.0,0,1,1253.7,625.5
468,15570,2075965,1253.5,625.2,1236.5,548.6,1245.0,586.9,0,1,1253.5,625.2
468,15571,2075966,1253.4,624.8,1236.7,548.1,1245.05,586.45,0,1,1253.4,624.8
468,15572,2075967,1253.3,624.3,1236.9,547.5,1245.1,585.9,0,1,1253.3,624.3
468,15573,2075968,1253.3,624.3,1237.1,547.0,1245.2,585.65,0,1,1253.3,624.3
468,15574,2075969,1253.5,624.3,1237.2,546.9,1245.35,585.6,0,1,1253.5,624.3
468,15575,2075970,1253.8,624.4,1237.3,546.7,1245.55,585.55,0,1,1253.8,624.4
468,15576,2075971,1254.1,624.7,1237.1,546.6,1245.6,585.65,0,1,1254.1,624.7
468,15577,2075972,1254.3,625.2,1236.9,546.7,1245.6,585.95,0,1,1254.3,625.2
468,15578,2075973,1254.5,625.8,1236.4,547.2,1245.45,586.5,0,1,1254.5,625.8
468,15579,2075974,1254.4,626.3,1235.8,547.6,1245.1,586.95,0,1,1254.4,626.3
468,15580,2075975,1254.2,626.3,1235.2,547.9,1244.7,587.1,0,1,1254.2,626.3
468,15581,2075976,1253.9,626.2,1234.7,547.9,1244.3,587.05,0,1,1253.9,626.2
468,15582,2075977,1253.6,626.0,1234.3,547.8,1243.95,586.9,0,1,1253.6,626.0
468,15583,2075978,1253.4,625.9,1234.2,547.4,1243.8,586.65,0,1,1253.4,625.9
468,15584,2075979,1253.3,625.7,1234.2,547.1,1243.75,586.4,0,1,1253.3,625.7
468,15585,2075980,1253.2,625.6,1234.8,546.7,1244.0,586.15,0,1,1253.2,625.6
468,15586,2075981,1253.3,625.5,1235.4,546.3,1244.35,585.9,0,1,1253.3,625.5
468,15587,2075982,1253.6,625.4,1236.0,545.9,1244.8,585.65,0,1,1253.6,625.4
468,15588,2075983,1253.9,625.4,1236.6,545.6,1245.25,585.5,0,1,1253.9,625.4
468,15589,2075984,1254.1,625.5,1236.8,545.3,1245.45,585.4,0,1,1254.1,625.5
468,15590,2075985,1254.2,625.9,1236.9,545.3,1245.55,585.6,0,1,1254.2,625.9
468,15591,2075986,1254.2,626.2,1236.8,545.4,1245.5,585.8,0,1,1254.2,626.2
468,15592,2075987,1254.4,626.6,1236.5,545.5,1245.45,586.05,0,1,1254.4,626.6
468,15593,2075988,1254.5,627.2,1236.1,545.5,1245.3,586.35,0,1,1254.5,627.2
468,15594,2075989,1254.6,627.6,1235.8,545.2,1245.2,586.4,0,1,1254.6,627.6
468,15595,2075990,1254.6,628.1,1235.4,545.0,1245.0,586.55,0,1,1254.6,628.1
468,15596,2075991,1254.6,628.5,1235.3,544.7,1244.95,586.6,0,1,1254.6,628.5
468,15597,2075992,1254.7,628.5,1235.2,544.5,1244.95,586.5,0,1,1254.7,628.5
468,15598,2075993,1254.8,628.6,1235.3,544.3,1245.05,586.45,0,1,1254.8,628.6
468,15599,2075994,1254.8,628.6,1235.4,544.1,1245.1,586.35,0,1,1254.8,628.6
468,15600,2075995,1254.8,628.4,1235.6,543.9,1245.2,586.15,0,1,1254.8,628.4
469,15601,2075996,1254.8,628.1,1235.9,543.9,1245.35,586.0,0,1,1254.8,628.1
469,15602,2075997,1254.8,627.9,1236.2,543.9,1245.5,585.9,0,1,1254.8,627.9
469,15603,2075998,1254.8,627.8,1236.5,543.9,1245.65,585.85,0,1,1254.8,627.8
469,15604,2075999,1254.7,627.9,1236.8,544.0,1245.75,585.95,0,1,1254.7,627.9
469,15605,2076000,1254.5,628.0,1237.0,544.0,1245.75,586.0,0,1,1254.5,628.0
469,15606,2076001,1254.3,628.0,1237.1,544.2,1245.7,586.1,0,1,1254.3,628.0
469,15607,2076002,1254.2,628.0,1237.1,544.6,1245.65,586.3,0,1,1254.2,628.0
469,15608,2076003,1254.0,628.1,1236.9,545.1,1245.45,586.6,0,1,1254.0,628.1
469,15609,2076004,1253.8,628.3,1236.6,545.5,1245.2,586.9,0,1,1253.8,628.3
469,15610,2076005,1253.6,628.5,1236.3,546.2,1244.95,587.35,0,1,1253.6,628.5
469,15611,2076006,1253.6,628.6,1235.9,546.8,1244.75,587.7,0,1,1253.6,628.6
469,15612,2076007,1253.6,628.8,1235.5,547.3,1244.55,588.05,0,1,1253.6,628.8
469,15613,2076008,1253.6,629.1,1235.2,547.7,1244.4,588.4,0,1,1253.6,629.1
469,15614,2076009,1253.5,629.5,1235.1,547.8,1244.3,588.65,0,1,1253.5,629.5
469,15615,2076010,1253.5,629.8,1235.0,547.9,1244.25,588.85,0,1,1253.5,629.8
469,15616,2076011,1253.5,630.1,1234.9,548.0,1244.2,589.05,0,1,1253.5,630.1
469,15617,2076012,1253.5,630.3,1234.8,547.8,1244.15,589.05,0,1,1253.5,630.3
469,15618,2076013,1253.5,630.4,1234.9,547.3,1244.2,588.85,0,1,1253.5,630.4
469,15619,2076014,1253.5,630.1,1235.1,546.8,1244.3,588.45,0,1,1253.5,630.1
469,15620,2076015,1253.5,629.9,1235.2,546.4,1244.35,588.15,0,1,1253.5,629.9
469,15621,2076016,1253.5,629.7,1235.2,545.7,1244.35,587.7,0,1,1253.5,629.7
469,15622,2076017,1253.4,629.7,1235.3,544.8,1244.35,587.25,0,1,1253.4,629.7
469,15623,2076018,1253.3,629.5,1235.8,544.0,1244.55,586.75,0,1,1253.3,629.5
469,15624,2076019,1253.1,629.5,1236.2,543.4,1244.65,586.45,0,1,1253.1,629.5
469,15625,2076020,1253.0,629.7,1236.5,543.3,1244.75,586.5,0,1,1253.0,629.7
469,15626,2076021,1252.9,630.1,1236.8,543.2,1244.85,586.65,0,1,1252.9,630.1
469,15627,2076022,1252.8,630.6,1237.1,543.1,1244.95,586.85,0,1,1252.8,630.6
469,15628,2076023,1252.7,631.1,1237.3,543.4,1245.0,587.25,0,1,1252.7,631.1
469,15629,2076024,1252.7,631.4,1237.4,543.9,1245.05,587.65,0,1,1252.7,631.4
469,15630,2076025,1252.8,631.7,1237.3,544.4,1245.05,588.05,0,1,1252.8,631.7
469,15631,2076026,1252.8,631.9,1237.2,544.9,1245.0,588.4,0,1,1252.8,631.9
469,15632,2076027,1252.8,632.0,1237.0,545.2,1244.9,588.6,0,1,1252.8,632.0
469,15633,2076028,1252.8,632.0,1236.9,545.5,1244.85,588.75,0,1,1252.8,632.0
470,15634,2076029,1252.8,631.9,1236.7,545.7,1244.75,588.8,0,1,1252.8,631.9
